ply
format ascii 1.0
comment VCGLIB generated
element vertex 2000
property float x
property float y
property float z
property float nx
property float ny
property float nz
element face 0
property list uchar int vertex_indices
end_header
0.469152 0.57397 0.680215 0.793289 0.0 0.608845 
-0.53269 -0.782788 0.40342 0.0 -1.0 0.0 
-0.673612 -0.36825 0.0705331 -0.99143 0.0 -0.130636 
0.00756931 0.097669 -0.942274 -0.991431 0.0 -0.13063 
-0.0442909 0.562881 0.793853 0.130639 0.0 -0.99143 
-0.701525 -0.073191 0.28237 -0.99143 0.0 -0.130636 
-0.130561 0.357246 -0.419425 -0.382592 0.0 -0.923917 
-0.515228 0.161523 -0.00172148 0.793279 0.0 0.608858 
-0.237631 0.153777 -0.375087 -0.382592 -0.0 -0.923917 
0.0389161 -0.698342 -0.40161 0.130628 -2.9212e-06 -0.991431 
0.195833 -0.726485 0.871148 0.382586 0.0 0.92392 
-0.683498 -0.162889 0.14556 -0.99143 0.0 -0.130636 
-0.698629 -0.435627 0.368123 -0.923917 0.0 0.382594 
0.148038 0.129191 -0.764327 -0.130614 -0.0 0.991433 
-0.298156 0.297524 -0.350024 -0.382571 0.0 -0.923926 
-0.109016 -0.148847 -0.421101 0.130637 -0.0 -0.99143 
-0.178952 -0.782788 0.21852 0.0 -1.0 -0.0 
0.0625272 -0.307251 0.926348 0.382586 0.0 0.92392 
0.609593 -0.445087 0.415367 0.991431 -0.0 0.130628 
0.513541 -0.161571 -0.147601 0.923922 -0.0 -0.382581 
0.429649 -0.782788 -0.0159023 -0.0 -1.0 0.0 
-0.508992 -0.782788 0.553132 0.0 -1.0 0.0 
0.123293 0.169627 0.901186 0.382586 0.0 0.92392 
0.227163 -0.782788 0.528111 -0.0 -1.0 -0.0 
-0.0981994 0.228851 0.786749 0.130639 0.0 -0.99143 
0.228247 -0.316558 -0.847457 0.991431 0.0 0.13063 
0.203863 -0.621782 -0.81184 0.0874133 -0.743202 -0.663332 
0.378474 -0.782788 -0.209245 -0.0 -1.0 0.0 
0.0244659 -0.782789 0.15261 0.0 -1.0 0.0 
-0.423028 -0.717354 -0.298318 -0.382571 0.0 -0.923926 
0.512046 -0.193964 -0.151213 0.923922 -0.0 -0.382581 
-0.0325348 -0.443835 -0.637914 -0.991431 0.0 -0.130635 
0.255438 0.123032 -0.355412 0.608846 -0.0 -0.793289 
0.193648 -0.318107 -0.976488 0.130614 -0.0 -0.991433 
-0.502828 -0.782788 -0.175208 0.0 -1.0 0.0 
-0.53269 0.712062 0.532035 -0.0 1.0 -0.0 
0.62437 0.164124 0.120047 0.923922 0.0 -0.38258 
0.453779 -0.654561 -0.203186 0.608846 -0.0 -0.793289 
-0.31369 -0.508215 -0.343592 -0.382571 0.0 -0.923926 
0.0498619 0.712062 0.872487 -0.0 1.0 0.0 
0.174815 -0.494693 0.879851 0.382586 0.0 0.92392 
0.435386 -0.782789 0.26874 -0.0 -1.0 -0.0 
0.217519 -0.723058 0.862168 0.382586 0.0 0.92392 
-0.590034 -0.224503 0.630388 -0.923939 -0.0 0.38254 
-0.610932 -0.593851 0.579914 -0.923939 -0.0 0.38254 
0.494464 0.67903 0.361563 -0.991431 0.0 -0.13063 
-0.57864 -0.0185948 0.657907 -0.923939 -0.0 0.38254 
0.0801243 0.712062 0.857356 -0.0 1.0 0.0 
-0.357509 0.153777 0.834659 -0.608837 -0.0 0.793296 
0.395816 0.712062 0.666911 0.0 1.0 0.0 
-0.264306 0.712062 -0.298866 -0.0 1.0 0.0 
-0.593215 -0.782788 -0.0656478 0.0 -1.0 0.0 
0.117434 0.261287 0.903612 0.382586 0.0 0.92392 
0.00869577 -0.239634 -0.950823 -0.991431 0.0 -0.13063 
0.251071 0.604232 0.848275 0.38258 0.0 0.923922 
-0.285878 0.121549 -0.355108 -0.382571 0.0 -0.923926 
0.302797 0.214443 -0.319063 0.608846 -0.0 -0.793289 
-0.327757 -0.782789 0.359999 0.0 -1.0 0.0 
-0.660322 0.191038 0.46063 -0.923917 -0.0 0.382594 
-0.0555785 0.291054 0.914584 -0.130635 -0.0 0.99143 
0.420577 -0.782788 0.115927 -0.0 -1.0 0.0 
-0.260328 0.653107 0.887605 -0.130635 -0.0 0.99143 
0.174883 0.47128 -0.442443 0.991431 -0.0 0.13063 
0.450839 -0.534693 0.704076 0.793289 -0.0 0.608845 
-0.302091 -0.782788 -0.0131505 0.0 -1.0 0.0 
0.632413 -0.474168 0.242169 0.991431 -0.0 0.130628 
-0.507539 -0.50473 -0.210756 -0.793301 0.0 -0.608829 
0.266883 -0.299404 0.841727 0.38258 -0.0 0.923922 
0.408683 0.282392 0.759003 0.793289 -0.0 0.608845 
0.163346 -0.481734 -0.974088 0.0873921 -0.743186 -0.663353 
-0.527476 -0.53731 -0.184779 -0.793301 0.0 -0.608829 
-0.509714 0.712062 0.56746 -0.0 1.0 -0.0 
0.638082 -0.595218 0.199148 0.991431 -0.0 0.130628 
-0.696541 -0.0429286 0.244542 -0.99143 0.0 -0.130636 
-0.157829 0.556282 -0.408133 -0.382592 -0.0 -0.923917 
-0.347551 -0.675202 0.842302 -0.608837 -0.0 0.793296 
0.338945 0.243031 0.811888 0.38258 0.0 0.923922 
0.15578 -0.599211 0.146189 -0.0 1.0 -0.0 
-0.252762 -0.599212 -0.080779 -0.0 1.0 -0.0 
-0.698062 -0.640609 0.256085 -0.99143 0.0 -0.130636 
0.386544 0.554754 -0.254788 0.608846 0.0 -0.793289 
-0.623803 0.496332 0.548826 -0.923939 0.0 0.38254 
0.24386 0.100818 -0.965955 0.991431 0.0 0.13063 
0.214139 0.392024 -0.740381 0.991431 -0.0 0.13063 
-0.347651 -0.141281 0.842225 -0.608837 -0.0 0.793296 
-0.618226 0.153777 0.562297 -0.923939 0.0 0.38254 
0.444293 -0.111346 0.712605 0.793289 -0.0 0.608845 
-0.0564844 -0.553964 -0.456151 -0.991431 0.0 -0.130635 
0.451469 0.620973 0.0192177 -0.923914 0.0 0.3826 
-0.441902 0.607713 0.769889 -0.608837 0.0 0.793296 
-0.64213 0.585017 -0.0353854 -0.793301 0.0 -0.608829 
0.310341 -0.782789 0.694011 -0.0 -1.0 -0.0 
0.303629 -0.734576 -0.318425 0.608846 -0.0 -0.793289 
0.524381 -0.564801 0.608256 0.793289 -0.0 0.608845 
-0.487296 -0.269897 -0.237132 -0.793301 0.0 -0.608829 
-0.699997 0.634999 0.270773 -0.99143 0.0 -0.130636 
0.635846 -0.284924 0.216121 0.991431 -0.0 0.130628 
0.581094 -0.366764 0.0155362 0.923922 -0.0 -0.38258 
-0.668871 0.138646 0.0345466 -0.99143 0.0 -0.130636 
0.212841 -0.782788 -0.0565963 0.0 -1.0 0.0 
-0.0636222 -0.504431 0.913524 -0.130635 0.0 0.99143 
0.0195995 -0.599212 0.706044 -0.0 1.0 -0.0 
-0.276784 -0.0693437 0.885437 -0.130635 0.0 0.99143 
0.622375 -0.33018 0.318357 0.991431 -0.0 0.130628 
0.390314 -0.398512 0.782936 0.793289 -0.0 0.608845 
0.549192 -0.549824 0.575928 0.793289 -0.0 0.608845 
0.221829 -0.277978 -0.972775 0.130614 -0.0 -0.991433 
-0.237631 -0.534693 -0.375087 -0.382592 0.0 -0.923917 
-0.163272 0.712062 0.817395 -0.0 1.0 -0.0 
-0.449468 -0.599212 0.479076 -0.0 1.0 -0.0 
0.0344206 0.45223 0.926443 -0.130635 -0.0 0.99143 
0.192403 0.388238 0.741417 -0.382584 0.0 -0.923921 
-0.216242 0.253248 -0.383945 -0.382592 -0.0 -0.923917 
0.0502872 0.577404 -0.812809 0.0 1.0 0.0 
0.35666 -0.104663 0.804552 0.38258 0.0 0.923922 
0.305341 0.293213 0.694629 -0.793284 -0.0 -0.608852 
0.0191584 0.251395 -0.281993 -0.13062 0.0 0.991432 
-0.333625 0.712062 -0.310962 -0.0 1.0 0.0 
-0.00226969 -0.413643 -0.867602 -0.99143 1.10345e-05 -0.130638 
-0.678496 0.345386 0.107595 -0.99143 0.0 -0.130636 
-0.0074738 0.180042 -0.828102 -0.991431 -0.0 -0.13063 
0.125518 0.229433 -0.985463 0.130614 0.0 -0.991433 
-0.0658156 0.712062 -0.354966 -0.0 1.0 -0.0 
-0.459432 -0.615965 0.756436 -0.608837 -0.0 0.793296 
-0.29059 -0.599212 0.524469 -0.0 1.0 -0.0 
0.0422963 0.577404 -0.633068 0.0 1.0 0.0 
0.207211 0.338783 -0.687807 0.991431 1.42937e-06 0.130631 
0.27683 -0.782788 -0.164001 -0.0 -1.0 0.0 
-0.177106 0.108383 0.898571 -0.130635 0.0 0.99143 
-0.133427 0.516617 0.904326 -0.130635 -0.0 0.99143 
0.495983 0.0420703 -0.170794 0.608846 0.0 -0.793289 
0.633502 -0.314193 0.233909 0.991431 -0.0 0.130628 
-0.674609 -0.31529 0.0780987 -0.99143 0.0 -0.130636 
-0.109016 -0.209372 -0.421101 0.130637 -0.0 -0.99143 
-0.048491 -0.782788 0.887618 -0.0 -1.0 -0.0 
0.632839 -0.204115 0.1405 0.923922 0.0 -0.38258 
-0.333197 -0.518129 0.853318 -0.608837 -0.0 0.793296 
0.56872 -0.782788 0.259008 -0.0 -1.0 -0.0 
-0.449757 0.568847 -0.286045 -0.793301 0.0 -0.608829 
-0.696545 0.675804 0.373157 -0.923917 0.0 0.382594 
0.405889 -0.782788 0.57095 0.0 -1.0 0.0 
0.610017 0.577447 0.412154 0.991431 -0.0 0.130628 
0.1855 -0.293761 -0.977561 0.130614 -0.0 -0.991433 
0.547388 -0.67889 -0.0658624 0.923922 -0.0 -0.382581 
-0.33796 -0.782788 0.483712 0.0 -1.0 0.0 
0.518929 0.297524 -0.134589 0.923922 -0.0 -0.382581 
0.474178 -0.504943 -0.18753 0.608846 0.0 -0.793289 
-0.68059 0.138646 0.123492 -0.99143 0.0 -0.130636 
0.230901 0.0175962 -0.867602 0.991431 0.0 0.13063 
-0.543422 -0.0807566 -0.164001 -0.793301 0.0 -0.608829 
0.148215 0.577404 -0.731421 0.0 1.0 0.0 
0.205571 -0.782788 0.442955 -0.0 -1.0 -0.0 
0.308162 0.339482 0.690954 -0.793284 -0.0 -0.608852 
-0.328418 -0.269897 -0.337494 -0.382571 0.0 -0.923926 
-0.653739 -0.62548 -0.0202579 -0.793301 0.0 -0.608829 
0.178477 0.712062 -0.277485 0.0 1.0 0.0 
-0.253599 0.497695 -0.368475 -0.382592 -0.0 -0.923917 
0.586995 -0.782788 0.471311 -0.0 -1.0 -0.0 
0.430588 -0.782788 0.255702 -0.0 -1.0 -0.0 
-0.702019 0.166749 0.286114 -0.99143 0.0 -0.130636 
0.0725587 -0.599212 -0.148869 -0.0 1.0 -0.0 
-0.393593 0.712062 -0.256582 -0.0 1.0 -0.0 
0.405406 0.647759 -0.240312 0.608846 0.0 -0.793289 
0.522113 0.257726 -0.126903 0.923922 -0.0 -0.382581 
0.0243799 -0.782788 0.521821 -0.0 -1.0 -0.0 
0.18514 0.503713 -0.52029 0.991431 -0.0 0.13063 
0.60482 -0.148245 0.0728335 0.923922 -0.0 -0.38258 
-0.177106 0.516926 0.898571 -0.130635 -0.0 0.99143 
-0.316615 -0.405155 0.866044 -0.608837 -0.0 0.793296 
0.20874 -0.782788 0.138624 0.0 -1.0 0.0 
-0.24379 0.557348 0.767565 0.130639 0.0 -0.99143 
0.0583523 0.193666 -0.994312 0.130614 0.0 -0.991433 
0.0129318 0.61322 -0.405033 0.130624 -5.62449e-06 -0.991432 
-0.496714 0.105406 0.727823 -0.608837 0.0 0.793296 
0.556757 0.712062 0.494207 -0.0 1.0 -0.0 
-0.622868 -0.0125125 0.551084 -0.923939 0.0 0.38254 
0.547113 -0.0742324 -0.0665262 0.923922 0.0 -0.382581 
-0.493024 -0.647109 -0.229669 -0.793301 0.0 -0.608829 
0.170676 -0.782788 -0.0131374 -0.0 -1.0 0.0 
-0.554664 0.146211 0.683347 -0.608837 0.0 0.793296 
-0.435597 -0.522744 -0.293114 -0.382571 -0.0 -0.923926 
-0.470297 0.0592314 0.748097 -0.608837 0.0 0.793296 
-0.0537782 0.396989 -0.47669 -0.991431 0.0 -0.130635 
-0.107675 -0.782788 -0.386329 -0.0 -1.0 0.0 
0.466579 0.422366 0.48455 -0.793284 0.0 -0.608852 
0.125565 0.403717 -0.985457 0.130614 0.0 -0.991433 
-0.585097 -0.132632 -0.109698 -0.793301 0.0 -0.608829 
-0.2225 -0.782788 0.743872 0.0 -1.0 -0.0 
-0.449391 0.452138 -0.286522 -0.793301 0.0 -0.608829 
0.275241 0.120727 0.838266 0.38258 -0.0 0.923922 
0.0765475 0.0277422 0.920543 0.382586 0.0 0.92392 
0.375183 0.418573 -0.263508 0.608846 0.0 -0.793289 
-0.373812 -0.599212 0.0780987 -0.0 1.0 -0.0 
-0.60078 -0.43634 0.604433 -0.923939 -0.0 0.38254 
-0.399295 -0.782788 0.424992 -0.0 -1.0 0.0 
-0.502427 -0.782788 0.131058 0.0 -1.0 0.0 
0.0712212 -0.554505 0.922748 0.382586 0.0 0.92392 
0.214558 -0.765383 -0.378468 0.130628 -2.89535e-06 -0.991431 
0.209183 0.200365 -0.756272 -0.130614 -0.0 0.991433 
-0.541539 -0.289787 0.69342 -0.608837 0.0 0.793296 
-0.413645 0.334141 -0.302204 -0.382571 -0.0 -0.923926 
0.58702 0.0932523 0.0298472 0.923922 -0.0 -0.38258 
-0.0387582 -0.608424 -0.590681 -0.99143 -2.57188e-06 -0.130636 
-0.0531751 0.439479 -0.481267 -0.991431 0.0 -0.130635 
0.0643651 -0.113712 -0.99352 0.130614 0.0 -0.991433 
0.621136 0.244564 0.327764 0.991431 -0.0 0.130628 
-0.0863229 -0.500632 0.910533 -0.130635 0.0 0.99143 
0.491005 -0.775854 -0.174615 0.608846 -0.0 -0.793289 
0.605063 0.486831 0.449752 0.991431 -0.0 0.130628 
0.00858269 -0.536326 0.923038 -0.130635 -0.0 0.99143 
0.133084 -0.599212 -0.254788 -0.0 1.0 -0.0 
-0.406798 -0.163978 0.796831 -0.608837 -0.0 0.793296 
0.0778675 -0.154533 -0.991741 0.130614 0.0 -0.991433 
-0.643451 0.505464 -0.0336635 -0.793301 0.0 -0.608829 
-0.140603 -0.581271 -0.415266 -0.382592 0.0 -0.923917 
-0.499815 -0.782788 0.353831 0.0 -1.0 0.0 
0.197009 -0.421209 -0.610371 0.991431 7.72555e-06 0.130629 
-0.496971 -0.073191 -0.224526 -0.793301 0.0 -0.608829 
-0.358681 -0.599211 0.342895 -0.0 1.0 -0.0 
0.201174 -0.782788 -0.224526 -0.0 -1.0 0.0 
-0.255462 0.712062 -0.287045 -0.0 1.0 -0.0 
0.630107 0.229433 0.259673 0.991431 -0.0 0.130628 
0.140649 0.448836 -0.940993 0.0923612 0.707085 -0.701071 
0.210965 0.554754 -0.71629 0.991431 -4.0063e-06 0.130631 
-0.33607 0.344892 -0.334325 -0.382571 -0.0 -0.923926 
-0.362608 -0.782788 -0.279581 0.0 -1.0 0.0 
-0.583838 0.0567614 -0.111339 -0.793301 0.0 -0.608829 
-0.708496 -0.403619 0.344295 -0.923917 0.0 0.382594 
-0.596889 0.712062 0.52183 -0.0 1.0 -0.0 
-0.0975058 0.102992 0.909059 -0.130635 -0.0 0.99143 
0.618777 0.661416 0.10654 0.923922 0.0 -0.38258 
-0.389048 0.712062 0.68822 -0.0 1.0 -0.0 
-0.406936 0.566442 -0.304982 -0.382571 0.0 -0.923926 
0.597602 -0.549824 0.0554019 0.923922 -0.0 -0.38258 
0.56872 -0.782788 0.546996 -0.0 -1.0 -0.0 
0.48679 0.252595 0.657234 0.793289 0.0 0.608845 
-0.192237 0.358048 0.896577 -0.130635 -0.0 0.99143 
-0.319149 -0.265712 -0.341332 -0.382571 0.0 -0.923926 
0.163346 0.0781211 -0.98048 0.130614 -0.0 -0.991433 
-0.646418 0.100818 0.494207 -0.923917 -0.0 0.382594 
0.0649931 0.342917 -0.993437 0.130614 0.0 -0.991433 
-0.687568 -0.16943 0.176447 -0.99143 0.0 -0.130636 
0.232895 -0.073191 -0.882733 0.991431 0.0 0.13063 
0.215033 0.266415 -0.747166 0.991431 1.42937e-06 0.130631 
0.159604 0.577404 -0.738901 0.0 1.0 0.0 
-0.25244 -0.782788 0.197211 -0.0 -1.0 0.0 
0.106552 -0.25476 -0.987962 0.130614 -0.0 -0.991433 
-0.269553 -0.531828 0.88639 -0.130635 0.0 0.99143 
-0.397928 0.712062 -0.170614 -0.0 1.0 0.0 
0.618931 0.00736125 0.106911 0.923922 0.0 -0.38258 
0.360052 -0.782788 0.622822 -0.0 -1.0 -0.0 
0.237656 -0.3154 -0.91887 0.991431 0.0 0.13063 
-0.675775 0.712062 0.223512 -0.0 1.0 -0.0 
-0.564522 -0.716267 0.675781 -0.608837 0.0 0.793296 
0.24741 -0.754095 0.84979 0.38258 -0.0 0.923922 
-0.570518 -0.782788 0.252108 0.0 -1.0 0.0 
0.0574275 0.712062 -0.292616 0.0 1.0 0.0 
-0.684013 -0.587652 0.40342 -0.923917 -0.0 0.382594 
-0.506106 0.0700116 -0.212623 -0.793301 0.0 -0.608829 
0.627117 -0.564955 0.28237 0.991431 -0.0 0.130628 
0.526495 -0.239634 0.605501 0.793289 0.0 0.608845 
-0.380037 -0.782788 0.657396 0.0 -1.0 0.0 
0.516275 0.586401 0.196022 -0.991431 0.0 -0.13063 
-0.677676 0.69149 0.418723 -0.923917 0.0 0.382594 
0.588686 0.675804 0.524469 0.793289 0.0 0.608845 
0.163346 -0.782788 0.728741 -0.0 -1.0 -0.0 
0.337355 0.569885 0.812546 0.38258 0.0 0.923922 
0.210869 -0.239634 0.864922 0.382586 0.0 0.92392 
-0.669625 0.115949 0.0402706 -0.99143 0.0 -0.130636 
-0.623477 -0.345553 -0.0596895 -0.793301 0.0 -0.608829 
0.0271651 -0.629685 -0.436362 -0.0 -1.0 -0.0 
-0.685473 0.0461367 0.399895 -0.923917 0.0 0.382594 
0.480014 -0.782788 -0.0291357 -0.0 -1.0 0.0 
0.601199 0.108383 0.479076 0.991431 -0.0 0.130628 
-0.294692 0.3647 -0.351459 -0.382571 0.0 -0.923926 
0.579454 -0.0958879 0.536498 0.793289 0.0 0.608845 
0.609717 -0.782788 0.244542 -0.0 -1.0 -0.0 
0.0498619 -0.599212 0.683347 -0.0 1.0 -0.0 
-0.706313 -0.180376 0.349569 -0.923917 0.0 0.382594 
-0.103236 0.442731 0.786085 0.130639 0.0 -0.99143 
0.510241 -0.782789 0.0069469 -0.0 -1.0 0.0 
-0.150199 -0.545448 0.902116 -0.130635 0.0 0.99143 
0.484705 -0.641469 -0.17945 0.608846 0.0 -0.793289 
0.0508657 0.178239 0.928609 -0.130635 -0.0 0.99143 
-0.487296 -0.782788 0.35046 0.0 -1.0 0.0 
-0.487296 0.509361 -0.237132 -0.793301 0.0 -0.608829 
0.447724 0.414898 0.708135 0.793289 0.0 0.608845 
0.56546 0.463967 0.554732 0.793289 0.0 0.608845 
0.231436 -0.451471 -0.971509 0.130614 -0.0 -0.991433 
-0.502427 -0.599211 0.365592 -0.0 1.0 -0.0 
0.0498619 -0.519562 0.928477 -0.130635 -0.0 0.99143 
-0.449468 0.342917 -0.286422 -0.793301 0.0 -0.608829 
0.064802 -0.782788 -0.0359003 0.0 -1.0 0.0 
-0.0927968 -0.782788 -0.159187 -0.0 -1.0 0.0 
-0.515379 -0.23753 0.713497 -0.608837 0.0 0.793296 
0.337778 0.0839966 -0.139469 -0.608852 -0.0 0.793284 
0.641816 -0.393988 0.170803 0.991431 -0.0 0.130628 
0.171178 0.333363 -0.979448 0.130614 0.0 -0.991433 
0.0829759 0.297524 0.917881 0.382586 0.0 0.92392 
-0.465944 -0.337987 0.751438 -0.608837 -0.0 0.793296 
-0.672344 -0.401814 0.0609099 -0.99143 0.0 -0.130636 
-0.534949 0.138646 0.698478 -0.608837 0.0 0.793296 
-0.0907494 0.642219 -0.418694 0.130624 -5.62449e-06 -0.991432 
-0.334651 -0.176509 -0.334913 -0.382571 0.0 -0.923926 
0.00424483 0.357666 -0.917043 -0.99143 -1.08986e-05 -0.130638 
0.621382 -0.534059 0.325897 0.991431 -0.0 0.130628 
0.625797 0.380745 0.123492 0.923922 0.0 -0.38258 
0.618145 -0.141281 0.35046 0.991431 -0.0 0.130628 
-0.0204185 -0.448492 0.919217 -0.130635 -0.0 0.99143 
0.612016 0.255336 0.090213 0.923922 0.0 -0.38258 
0.297827 0.123515 -0.322878 0.608846 -0.0 -0.793289 
0.0210624 -0.782788 0.0370694 0.0 -1.0 0.0 
-0.669533 -0.694263 0.0395707 -0.99143 0.0 -0.130636 
-0.631043 -0.504431 0.531341 -0.923939 0.0 0.38254 
0.435832 -0.269897 -0.21696 0.608846 0.0 -0.793289 
-0.00326692 0.463967 -0.860036 -0.99143 2.3153e-06 -0.130636 
0.0647057 -0.277462 0.925446 0.382586 0.0 0.92392 
-0.672256 0.477329 0.0602382 -0.99143 0.0 -0.130636 
0.17254 -0.61469 -0.424663 0.991431 0.0 0.130631 
-0.19444 0.440701 0.896287 -0.130635 -0.0 0.99143 
0.096564 -0.0396044 -0.771109 -0.130614 0.0 0.991433 
0.22747 -0.261268 -0.841562 0.991431 0.0 0.13063 
0.337355 -0.595218 0.812546 0.38258 -0.0 0.923922 
0.186085 -0.408947 -0.527464 0.991431 7.768e-06 0.130629 
-0.706993 0.142123 0.323866 -0.99143 0.0 -0.130636 
-0.185147 -0.453199 0.897511 -0.130635 0.0 0.99143 
-0.665228 -0.0890585 0.448784 -0.923917 -0.0 0.382594 
-0.407574 0.665311 -0.304717 -0.382571 0.0 -0.923926 
-0.267894 0.259696 0.886608 -0.130635 0.0 0.99143 
0.163346 -0.782788 -0.141304 -0.0 -1.0 0.0 
-0.491606 -0.782788 -0.0872922 -0.0 -1.0 0.0 
-0.672615 -0.035363 0.0629675 -0.99143 0.0 -0.130636 
-0.0232043 -0.534693 -0.708724 -0.991431 0.0 -0.130635 
-0.441902 0.0478586 -0.290503 -0.382571 0.0 -0.923926 
-0.167277 0.598049 0.899866 -0.130635 -0.0 0.99143 
0.133717 0.282392 -0.738987 -0.0923609 -0.707085 0.70107 
0.239002 0.297524 -0.970512 0.130614 -0.0 -0.991433 
-0.570518 -0.232069 0.67118 -0.608837 0.0 0.793296 
-0.427279 0.433659 -0.296558 -0.382571 -0.0 -0.923926 
-0.25398 -0.365402 -0.368317 -0.382592 -0.0 -0.923917 
-0.388943 -0.782788 0.675781 0.0 -1.0 -0.0 
0.425974 -0.0580598 -0.224526 0.608846 0.0 -0.793289 
0.594585 -0.519562 0.516783 0.793289 0.0 0.608845 
-0.0221791 0.587935 -0.409659 0.130624 -5.62449e-06 -0.991432 
-0.676436 0.0251618 0.0919641 -0.99143 0.0 -0.130636 
-0.16929 0.18818 -0.403387 -0.382592 0.0 -0.923917 
-0.388943 0.115949 -0.312432 -0.382571 -0.0 -0.923926 
0.630689 0.404878 0.135306 0.923922 0.0 -0.38258 
-0.540255 0.712062 0.59256 -0.0 1.0 -0.0 
-0.322655 -0.782788 -0.0368494 0.0 -1.0 0.0 
0.307433 -0.336156 0.824936 0.38258 -0.0 0.923922 
-0.596991 0.578063 0.613585 -0.923939 0.0 0.38254 
-0.153648 -0.218349 0.901662 -0.130635 0.0 0.99143 
0.349619 -0.104083 0.807468 0.38258 0.0 0.923922 
-0.230065 -0.693571 0.891593 -0.130635 0.0 0.99143 
0.571266 0.660673 0.547166 0.793289 0.0 0.608845 
0.481101 0.289958 0.664646 0.793289 0.0 0.608845 
-0.686572 -0.285028 0.168886 -0.99143 0.0 -0.130636 
0.535784 -0.782788 0.239685 -0.0 -1.0 -0.0 
0.21617 0.123515 -0.97352 0.130614 -0.0 -0.991433 
-0.68068 0.263309 0.411468 -0.923917 0.0 0.382594 
0.228694 -0.782788 -0.0956174 0.0 -1.0 0.0 
-0.641836 -0.0316058 0.505272 -0.923939 0.0 0.38254 
0.0433193 0.289394 0.927615 -0.130635 -0.0 0.99143 
0.0268024 -0.416681 -0.998468 0.130614 0.0 -0.991433 
-0.339629 0.532965 0.848382 -0.608837 0.0 0.793296 
0.25394 -0.223774 0.847086 0.38258 -0.0 0.923922 
0.602151 -0.782788 0.0932299 -0.0 -1.0 0.0 
0.357035 -0.580087 0.804397 0.38258 -0.0 0.923922 
0.209566 -0.629685 -0.791527 -0.0 -1.0 0.0 
-0.168627 -0.782788 -0.0800572 -0.0 -1.0 0.0 
0.0195995 -0.617915 0.92449 -0.130635 -0.0 0.99143 
0.591681 0.514545 0.0411041 0.923922 0.0 -0.38258 
-0.206008 -0.558143 -0.388182 -0.382592 0.0 -0.923917 
0.199983 0.335114 0.869429 0.382586 0.0 0.92392 
-0.494862 -0.277462 0.729244 -0.608837 0.0 0.793296 
-0.640983 0.564488 -0.0368794 -0.793301 0.0 -0.608829 
-0.158612 -0.270188 0.901008 -0.130635 0.0 0.99143 
-0.0420202 0.573708 -0.565924 -0.99143 2.3153e-06 -0.130636 
-0.0787534 0.0932523 0.91153 -0.130635 -0.0 0.99143 
-0.251595 -0.782788 0.396703 -0.0 -1.0 0.0 
-0.358681 0.13108 0.83376 -0.608837 -0.0 0.793296 
0.186643 -0.0152938 -0.759241 -0.130614 -0.0 0.991433 
-0.623208 0.242014 0.550263 -0.923939 0.0 0.38254 
0.616353 -0.0245654 0.100687 0.923922 0.0 -0.38258 
-0.704516 -0.534693 0.305067 -0.99143 0.0 -0.130636 
-0.689199 -0.667839 0.18882 -0.99143 0.0 -0.130636 
0.0422963 0.100818 -0.996427 0.130614 0.0 -0.991433 
-0.0711878 -0.782788 0.516904 -0.0 -1.0 -0.0 
0.594585 0.0781211 0.516783 0.793289 0.0 0.608845 
0.441579 0.355145 0.716141 0.793289 0.0 0.608845 
0.0268611 0.365614 0.925446 -0.130635 -0.0 0.99143 
-0.26375 -0.782788 -0.314183 -0.0 -1.0 0.0 
-0.428914 -0.782788 -0.147617 -0.0 -1.0 0.0 
0.50335 -0.139332 0.635657 0.793289 -0.0 0.608845 
0.101653 -0.629685 -0.748704 -0.0 -1.0 0.0 
-0.526003 -0.133716 -0.186697 -0.793301 0.0 -0.608829 
-0.66464 0.532057 0.00244262 -0.99143 0.0 -0.130636 
0.366829 0.645541 -0.269919 0.608846 0.0 -0.793289 
0.518929 -0.595218 0.615358 0.793289 -0.0 0.608845 
-0.539977 -0.782788 -0.0843431 -0.0 -1.0 0.0 
-0.0195693 -0.782788 0.562025 -0.0 -1.0 -0.0 
0.216305 -0.599212 0.463945 0.0 1.0 0.0 
0.428265 -0.461721 -0.222767 0.608846 -0.0 -0.793289 
-0.283025 -0.17911 -0.35629 -0.382592 -0.0 -0.923917 
0.195499 -0.629685 -0.630335 -0.0 -1.0 -0.0 
0.55061 -0.527127 -0.0580822 0.923922 -0.0 -0.382581 
0.613266 0.0856867 0.0932299 0.923922 0.0 -0.38258 
-0.255894 -0.662011 -0.367524 -0.382592 0.0 -0.923917 
-0.544369 -0.361804 0.691249 -0.608837 0.0 0.793296 
0.39788 0.63041 0.773079 0.793289 0.0 0.608845 
-0.690279 0.411008 0.388288 -0.923917 0.0 0.382594 
0.199619 0.483019 -0.898745 0.0923839 0.707102 -0.701051 
-0.31369 0.437489 -0.343592 -0.382571 0.0 -0.923926 
-0.245197 0.585017 0.889599 -0.130635 -0.0 0.99143 
0.559942 -0.0330601 -0.0355446 0.923922 0.0 -0.382581 
-0.206553 0.648402 -0.387957 -0.382592 -0.0 -0.923917 
0.382928 -0.625378 -0.257564 0.608846 -0.0 -0.793289 
-0.671619 -0.655743 0.0554019 -0.99143 0.0 -0.130636 
0.2382 -0.398848 -0.922996 0.991431 0.0 0.13063 
-0.461438 0.392574 -0.270825 -0.793301 0.0 -0.608829 
0.192241 -0.571529 -0.574185 0.991431 0.0 0.130631 
0.23215 -0.51779 -0.924626 0.0874133 -0.743202 -0.663332 
-0.658763 -0.371763 0.464395 -0.923917 -0.0 0.382594 
0.225917 -0.186675 -0.829774 0.991431 0.0 0.13063 
0.54589 -0.471181 -0.0694806 0.923922 -0.0 -0.382581 
-0.400912 -0.401687 0.801348 -0.608837 -0.0 0.793296 
-0.589497 0.712062 0.497589 -0.0 1.0 -0.0 
0.0463967 -0.782788 0.835102 -0.0 -1.0 -0.0 
-0.00069977 -0.0285228 -0.406829 0.130624 0.0 -0.991432 
-0.527155 0.541733 -0.185196 -0.793301 0.0 -0.608829 
0.597927 -0.731154 0.503912 0.991431 -0.0 0.130628 
0.420577 -0.398512 -0.228668 0.608846 -0.0 -0.793289 
-0.175679 -0.782788 0.00576785 0.0 -1.0 0.0 
0.501004 0.700464 0.311928 -0.991431 0.0 -0.13063 
0.619729 0.712062 0.201514 -0.0 1.0 -0.0 
0.238681 -0.489299 -0.368272 0.608846 -0.0 -0.793289 
0.549192 0.199171 0.575928 0.793289 0.0 0.608845 
-0.553466 -0.288701 -0.150914 -0.793301 0.0 -0.608829 
-0.339099 0.648065 -0.201921 0.382577 0.0 0.923924 
0.605002 -0.703634 0.450211 0.991431 -0.0 0.130628 
-0.338738 0.484076 0.696317 0.608846 0.0 -0.793289 
-0.010663 -0.782788 -0.375838 -0.0 -1.0 0.0 
0.262996 0.712062 0.769709 0.0 1.0 0.0 
0.206851 0.545668 -0.379483 0.130636 -0.0 -0.99143 
0.208565 0.481265 -0.238641 -0.608852 0.0 0.793284 
-0.0636222 -0.599212 0.789265 -0.0 1.0 -0.0 
-0.278377 -0.0885237 0.885227 -0.130635 0.0 0.99143 
0.627208 -0.583397 0.281678 0.991431 -0.0 0.130628 
0.477933 0.712062 -0.0352021 -0.0 1.0 -0.0 
0.48274 0.626541 -0.180959 0.608846 0.0 -0.793289 
0.269264 0.509361 -0.3448 0.608846 0.0 -0.793289 
0.624272 -0.423771 0.303959 0.991431 -0.0 0.130628 
0.40642 0.675246 -0.239534 0.608846 0.0 -0.793289 
0.564323 -0.390946 0.556213 0.793289 0.0 0.608845 
0.619995 -0.0133648 0.336419 0.991431 -0.0 0.130628 
-0.0560566 -0.383381 -0.414123 0.130624 -0.0 -0.991432 
0.511364 -0.782788 0.532035 0.0 -1.0 -0.0 
-0.416081 -0.782788 -0.129806 -0.0 -1.0 0.0 
-0.0938846 -0.782788 -0.269919 -0.0 -1.0 0.0 
0.294058 -0.0448371 0.830475 0.38258 -0.0 0.923922 
0.225515 -0.27936 -0.826722 0.991431 0.0 0.13063 
-0.525754 -0.140913 -0.187022 -0.793301 0.0 -0.608829 
-0.342079 -0.782788 -0.243099 -0.0 -1.0 0.0 
0.18106 0.418573 -0.489322 0.991431 -0.0 0.13063 
0.363522 -0.703567 0.801711 0.38258 -0.0 0.923922 
0.618304 0.2338 0.349255 0.991431 -0.0 0.130628 
0.52868 0.18404 -0.111041 0.923922 -0.0 -0.382581 
0.185419 -0.654446 0.87546 0.382586 0.0 0.92392 
0.436115 0.032605 -0.216743 0.608846 0.0 -0.793289 
-0.665637 0.100818 0.0100082 -0.99143 0.0 -0.130636 
0.434292 -0.570563 -0.218142 0.608846 -0.0 -0.793289 
0.169145 0.375317 -0.398894 0.991431 -0.0 0.13063 
0.066884 -0.629685 -0.667183 -0.0 -1.0 0.0 
0.375183 0.0856867 0.796882 0.38258 0.0 0.923922 
0.630687 -0.181666 0.255273 0.991431 -0.0 0.130628 
0.560008 0.0175962 -0.0353854 0.923922 0.0 -0.382581 
-0.540255 -0.731399 0.694406 -0.608837 -0.0 0.793296 
-0.0142319 0.305089 -0.776815 -0.99143 -1.08986e-05 -0.130638 
-0.46931 0.563223 0.748854 -0.608837 0.0 0.793296 
-0.203947 -0.782788 0.315593 0.0 -1.0 0.0 
-0.692442 0.256283 0.21344 -0.99143 0.0 -0.130636 
0.239002 -0.782788 0.706044 -0.0 -1.0 -0.0 
0.631436 0.0345149 0.249588 0.991431 -0.0 0.130628 
-0.0377131 -0.782788 0.0792087 -0.0 -1.0 0.0 
0.307092 0.289958 0.825077 0.38258 0.0 0.923922 
-0.690265 -0.497035 0.388322 -0.923917 -0.0 0.382594 
0.548827 -0.782788 0.00470006 -0.0 -1.0 0.0 
-0.615911 -0.383381 -0.0695477 -0.793301 0.0 -0.608829 
0.635195 -0.254766 0.146189 0.923922 0.0 -0.38258 
0.105553 -0.5641 0.908532 0.382586 0.0 0.92392 
-0.464599 -0.595218 -0.266706 -0.793301 0.0 -0.608829 
0.189446 -0.498838 0.873793 0.382586 0.0 0.92392 
0.356972 -0.201806 -0.277485 0.608846 -0.0 -0.793289 
0.390314 0.712062 0.584994 0.0 1.0 0.0 
0.624734 0.618552 0.30045 0.991431 -0.0 0.130628 
0.636571 -0.351419 0.149511 0.923922 0.0 -0.38258 
0.603782 0.547538 0.459471 0.991431 -0.0 0.130628 
-0.464599 0.335352 0.75247 -0.608837 0.0 0.793296 
0.052778 0.712062 -0.384467 -0.0 1.0 -0.0 
-0.00640152 -0.588813 -0.836245 -0.99143 -2.57188e-06 -0.130636 
-0.702855 -0.48914 0.292459 -0.99143 0.0 -0.130636 
-0.335984 -0.599211 0.335329 -0.0 1.0 -0.0 
0.61066 -0.358867 0.407269 0.991431 -0.0 0.130628 
-0.410256 -0.782788 -0.207634 0.0 -1.0 0.0 
-0.580637 -0.353118 0.653085 -0.923939 -0.0 0.38254 
-0.270214 0.698524 -0.361595 -0.382592 -0.0 -0.923917 
0.0681541 0.346228 -0.546881 -0.0 -1.0 0.0 
-0.500338 0.435495 0.725041 -0.608837 0.0 0.793296 
0.639567 -0.760096 0.187877 0.991431 -0.0 0.130628 
0.455135 -0.496865 0.698478 0.793289 -0.0 0.608845 
0.606263 0.600332 0.440643 0.991431 -0.0 0.130628 
0.0286437 0.673562 0.925681 -0.130635 -0.0 0.99143 
-0.640153 -0.292594 0.509338 -0.923939 0.0 0.38254 
0.638328 -0.670874 0.153755 0.923922 0.0 -0.38258 
-0.00788669 0.32697 0.920868 -0.130635 -0.0 0.99143 
0.610058 0.0866788 0.0854827 0.923922 0.0 -0.38258 
-0.0807727 -0.782788 0.376313 0.0 -1.0 -0.0 
-0.0584388 0.0124219 0.914207 -0.130635 -0.0 0.99143 
-0.702549 -0.743128 0.290144 -0.99143 0.0 -0.130636 
-0.301289 0.663176 -0.217577 0.382577 0.0 0.923924 
-0.263069 0.657129 0.887244 -0.130635 -0.0 0.99143 
0.436471 0.404054 0.722796 0.793289 0.0 0.608845 
0.0787068 0.426859 -0.971318 0.0923612 0.707085 -0.701071 
-0.342339 0.578038 -0.331729 -0.382571 -0.0 -0.923926 
-0.146844 0.199171 0.902558 -0.130635 -0.0 0.99143 
-0.275459 0.0554242 -0.359423 -0.382592 -0.0 -0.923917 
-0.706699 -0.163978 0.321633 -0.99143 0.0 -0.130636 
0.21073 -0.500161 -0.9472 0.0874133 -0.743202 -0.663332 
-0.66521 -0.172482 0.00676403 -0.99143 0.0 -0.130636 
0.32294 0.2215 -0.303604 0.608846 0.0 -0.793289 
-0.307807 -0.738728 -0.346028 -0.382571 0.0 -0.923926 
-0.340677 0.712062 0.722912 -0.0 1.0 -0.0 
0.22193 0.267261 -0.799512 0.991431 -0.0 0.13063 
0.0801243 -0.693571 -0.396181 0.130628 -2.89535e-06 -0.991431 
-0.564845 0.682971 0.172591 0.991435 -0.0 0.130601 
0.209968 -0.572521 -0.708724 0.991431 2.74252e-06 0.130629 
0.17749 -0.38817 -0.978616 0.130614 -0.0 -0.991433 
0.435708 -0.599212 0.0705331 0.0 1.0 0.0 
-0.00150433 -0.782788 -0.0999929 -0.0 -1.0 0.0 
0.314658 0.56232 -0.30996 0.608846 0.0 -0.793289 
-0.0182286 0.0175962 0.919505 -0.130635 -0.0 0.99143 
-0.40175 0.180439 0.800705 -0.608837 0.0 0.793296 
0.610004 0.682233 0.41225 0.991431 -0.0 0.130628 
-0.237631 -0.782788 0.547166 -0.0 -1.0 -0.0 
-0.483907 -0.391777 0.737652 -0.608837 -0.0 0.793296 
0.429318 -0.613843 -0.221959 0.608846 -0.0 -0.793289 
0.132681 -0.500834 -0.95673 0.0873921 -0.743186 -0.663353 
0.465404 -0.43634 -0.194263 0.608846 0.0 -0.793289 
-0.596299 0.418573 0.615257 -0.923939 0.0 0.38254 
0.427056 0.204742 -0.0397372 -0.923914 0.0 0.3826 
0.192241 -0.571529 -0.574185 0.991431 0.0 0.130631 
-0.101425 -0.782788 -0.283804 -0.0 -1.0 0.0 
0.440661 -0.782788 0.351663 -0.0 -1.0 -0.0 
0.511339 -0.782788 0.590137 -0.0 -1.0 -0.0 
0.503798 -0.663308 -0.164796 0.608846 0.0 -0.793289 
0.608337 -0.0570927 0.424901 0.991431 -0.0 0.130628 
0.261049 -0.210514 -0.351105 0.608846 -0.0 -0.793289 
-0.663195 0.181576 -0.00793667 -0.793301 0.0 -0.608829 
0.42527 -0.782788 0.0681479 -0.0 -1.0 0.0 
-0.136153 -0.782788 -0.228634 -0.0 -1.0 0.0 
-0.695818 0.0604948 0.239061 -0.99143 0.0 -0.130636 
0.611859 -0.782788 0.389896 -0.0 -1.0 -0.0 
-0.246024 -0.782788 0.661365 0.0 -1.0 0.0 
0.0321155 0.212353 -0.402506 0.130624 0.0 -0.991432 
0.125518 -0.599212 0.615257 -0.0 1.0 -0.0 
0.278112 -0.360684 -0.33801 0.608846 -0.0 -0.793289 
-0.328418 -0.481734 -0.337494 -0.382571 0.0 -0.923926 
0.579454 -0.782788 0.184017 0.0 -1.0 -0.0 
-0.5071 0.421867 0.513943 0.923907 0.0 -0.382617 
0.473536 -0.307725 -0.188022 0.608846 0.0 -0.793289 
0.223871 -0.56966 -0.867602 0.0874133 -0.743202 -0.663332 
-0.562952 0.206736 0.676986 -0.608837 0.0 0.793296 
-0.404074 -0.587652 -0.306167 -0.382571 0.0 -0.923926 
-0.522169 -0.220157 -0.191694 -0.793301 0.0 -0.608829 
0.614158 0.002465 0.380723 0.991431 -0.0 0.130628 
-0.664179 -0.74368 0.451316 -0.923917 -0.0 0.382594 
0.589417 0.583964 0.0356353 0.923922 0.0 -0.38258 
-0.483022 -0.782789 0.333877 0.0 -1.0 0.0 
0.613422 0.623042 0.0936066 0.923922 0.0 -0.38258 
-0.254089 0.448836 -0.368272 -0.382592 -0.0 -0.923917 
-0.110085 0.277375 0.907402 -0.130635 -0.0 0.99143 
-0.0411482 0.358048 -0.572543 -0.991431 0.0 -0.130635 
-0.604251 -0.0585657 0.596051 -0.923939 -0.0 0.38254 
0.218688 0.531964 -0.377923 0.130636 -0.0 -0.99143 
-0.386868 0.631216 0.812127 -0.608837 0.0 0.793296 
0.336776 -0.135944 -0.292985 0.608846 -0.0 -0.793289 
0.441726 0.366151 -0.212436 0.608846 0.0 -0.793289 
0.234656 -0.45428 -0.896102 0.991431 -1.44625e-06 0.130631 
-0.00226939 -0.186675 -0.867602 -0.991431 0.0 -0.13063 
-0.235611 -0.782789 0.097027 0.0 -1.0 0.0 
0.13702 0.103751 -0.765779 -0.130614 -0.0 0.991433 
0.60982 0.0671017 0.0849091 0.923922 0.0 -0.38258 
0.0736018 -0.215934 -0.992303 0.130614 0.0 -0.991433 
0.534061 -0.782788 -0.080779 -0.0 -1.0 0.0 
0.435832 -0.0504942 -0.21696 0.608846 0.0 -0.793289 
0.0374457 0.379944 0.926841 -0.130635 -0.0 0.99143 
0.475262 -0.0202318 -0.186697 0.608846 0.0 -0.793289 
0.500876 -0.213851 0.63888 0.793289 -0.0 0.608845 
-0.694187 0.381205 0.37885 -0.923917 0.0 0.382594 
-0.109016 0.0781211 0.907543 -0.130635 -0.0 0.99143 
0.154634 0.284555 -0.386364 0.130624 -0.0 -0.991432 
0.453408 -0.782788 -0.105675 -0.0 -1.0 0.0 
0.320493 -0.148847 0.819528 0.38258 0.0 0.923922 
0.512089 0.400017 0.624271 0.793289 0.0 0.608845 
0.147701 0.0288682 -0.764372 -0.130614 -0.0 0.991433 
-0.0317666 -0.782788 -0.147523 -0.0 -1.0 0.0 
-0.387899 -0.782788 0.465173 0.0 -1.0 -0.0 
0.34492 0.267261 -0.286734 0.608846 0.0 -0.793289 
-0.0838675 0.449341 -0.417787 0.130637 -0.0 -0.99143 
-0.618226 0.607713 0.562297 -0.923939 0.0 0.38254 
0.104756 -0.373493 -0.988198 0.130614 -0.0 -0.991433 
0.0654021 -0.345716 -0.993383 0.130614 -0.0 -0.991433 
0.0124797 -0.629685 -0.711012 -0.0 -1.0 0.0 
-0.148986 -0.782788 -0.227815 -0.0 -1.0 0.0 
0.00470864 -0.224503 -0.920561 -0.991431 0.0 -0.13063 
0.609717 0.577451 0.0846593 0.923922 0.0 -0.38258 
-0.556171 0.712062 0.0173123 -0.0 1.0 0.0 
-0.477998 0.227825 0.584216 0.923907 0.0 -0.382617 
0.15578 -0.782788 -0.126173 -0.0 -1.0 0.0 
-0.660408 -0.547149 0.460423 -0.923917 -0.0 0.382594 
-0.245197 -0.782788 -0.345575 0.0 -1.0 0.0 
-0.674609 0.108383 0.0780987 -0.99143 0.0 -0.130636 
0.600202 -0.322856 0.486641 0.991431 -0.0 0.130628 
0.634094 0.199171 0.229411 0.991431 -0.0 0.130628 
-0.568071 -0.782788 0.541816 0.0 -1.0 0.0 
0.632373 -0.765619 0.242477 0.991431 -0.0 0.130628 
-0.306888 -0.782788 0.537593 0.0 -1.0 -0.0 
0.364569 0.456418 -0.271654 0.608846 0.0 -0.793289 
0.201325 -0.435429 -0.380211 0.130636 0.0 -0.99143 
-0.0805723 0.507377 -0.295132 -0.13062 -0.0 0.991432 
0.531813 0.327786 -0.103476 0.923922 0.0 -0.382581 
0.401276 -0.625432 0.768654 0.793289 -0.0 0.608845 
-0.684578 0.0629898 0.153755 -0.99143 0.0 -0.130636 
0.371682 0.0580721 -0.113447 -0.608852 -0.0 0.793284 
0.512871 0.712062 -0.0335916 -0.0 1.0 -0.0 
0.518929 -0.62548 0.615358 0.793289 -0.0 0.608845 
-0.352915 0.493216 -0.32735 -0.382571 0.0 -0.923926 
0.159926 -0.629685 -0.600645 -0.0 -1.0 -0.0 
-0.335984 -0.716267 -0.334361 -0.382571 0.0 -0.923926 
-0.667872 0.22241 0.0269727 -0.99143 0.0 -0.130636 
0.379197 0.712062 -0.193989 0.0 1.0 0.0 
0.610171 -0.194241 0.410985 0.991431 -0.0 0.130628 
-0.0281002 0.595202 -0.288219 -0.13062 0.0 0.991432 
-0.478202 0.654477 -0.248982 -0.793301 0.0 -0.608829 
-0.706602 0.546802 0.320899 -0.99143 0.0 -0.130636 
0.203594 -0.479664 -0.971105 0.0873921 -0.743186 -0.663353 
-0.485544 0.163544 0.736395 -0.608837 0.0 0.793296 
-0.475802 0.312655 0.743872 -0.608837 0.0 0.793296 
-0.091012 -0.782788 -0.0467311 0.0 -1.0 0.0 
0.168101 -0.413643 -0.390969 0.991431 0.0 0.130631 
0.571889 -0.262331 0.546356 0.793289 0.0 0.608845 
-0.202652 0.409033 -0.258421 0.382584 0.0 0.923921 
-0.315769 0.712062 -0.321242 -0.0 1.0 -0.0 
0.534047 -0.179828 -0.0980816 0.923922 -0.0 -0.382581 
-0.473486 -0.403735 -0.255128 -0.793301 0.0 -0.608829 
0.27683 -0.782788 0.728741 -0.0 -1.0 -0.0 
0.623197 0.138402 0.312121 0.991431 -0.0 0.130628 
-0.679718 0.543137 0.116873 -0.99143 0.0 -0.130636 
0.363145 -0.270025 0.801867 0.38258 0.0 0.923922 
-0.41164 -0.782788 0.751438 0.0 -1.0 -0.0 
0.132213 -0.782788 0.849541 -0.0 -1.0 -0.0 
0.599626 0.621795 0.491013 0.991431 -0.0 0.130628 
0.00446826 -0.769227 0.922496 -0.130635 0.0 0.99143 
0.610971 -0.570663 0.404911 0.991431 -0.0 0.130628 
0.564357 -0.711472 -0.0248819 0.923922 -0.0 -0.382581 
0.223923 -0.406078 -0.814643 0.991431 -1.44625e-06 0.130631 
0.636088 -0.133716 0.21428 0.991431 -0.0 0.130628 
-0.368797 -0.459085 -0.320774 -0.382571 0.0 -0.923926 
-0.548971 0.590935 0.052091 0.991435 -0.0 0.130601 
0.296355 -0.169307 -0.324008 0.608846 -0.0 -0.793289 
0.27683 -0.782788 -0.0580822 -0.0 -1.0 0.0 
0.203987 -0.564955 -0.663331 0.991431 0.0 0.130631 
0.579454 0.501795 0.536498 0.793289 0.0 0.608845 
-0.570518 -0.595218 -0.128695 -0.793301 0.0 -0.608829 
-0.0333598 0.698501 0.917511 -0.130635 -0.0 0.99143 
0.602925 -0.740762 0.465982 0.991431 -0.0 0.130628 
0.00446825 -0.629685 -0.71629 -0.0 -1.0 0.0 
-0.150482 -0.316157 -0.411175 -0.382592 0.0 -0.923917 
-0.137346 -0.782788 0.740097 0.0 -1.0 0.0 
0.478361 0.554754 0.668216 0.793289 0.0 0.608845 
-0.260328 -0.599212 0.0175738 -0.0 1.0 -0.0 
0.541626 0.380745 -0.0797773 0.923922 0.0 -0.382581 
0.0142622 -0.228662 -0.993069 -0.991431 0.0 -0.13063 
-0.0102196 0.546603 -0.807268 -0.99143 2.3153e-06 -0.130636 
-0.669216 -0.564211 0.0371694 -0.99143 0.0 -0.130636 
-0.434337 -0.708702 0.775696 -0.608837 -0.0 0.793296 
-0.298871 -0.383765 -0.349728 -0.382571 0.0 -0.923926 
-0.349657 0.186547 0.687937 0.608846 0.0 -0.793289 
0.484168 0.418573 0.66065 0.793289 0.0 0.608845 
-0.14566 0.17684 0.902714 -0.130635 -0.0 0.99143 
0.0782309 -0.177671 0.919846 0.382586 0.0 0.92392 
-0.388943 -0.74653 0.810534 -0.608837 -0.0 0.793296 
0.0574275 -0.782788 0.607691 0.0 -1.0 -0.0 
0.0987809 0.308563 -0.988986 0.130614 0.0 -0.991433 
-0.106801 0.0167051 0.907834 -0.130635 -0.0 0.99143 
0.284396 0.712062 -0.262354 -0.0 1.0 0.0 
0.193608 0.712062 -0.269919 -0.0 1.0 0.0 
0.339453 -0.429698 -0.29093 0.608846 -0.0 -0.793289 
-0.460925 -0.782788 0.237884 0.0 -1.0 0.0 
0.336129 -0.394555 0.813054 0.38258 -0.0 0.923922 
0.601294 0.276795 0.478359 0.991431 -0.0 0.130628 
0.642069 -0.209372 0.168886 0.991431 -0.0 0.130628 
-0.0711878 -0.599212 0.274804 -0.0 1.0 -0.0 
-0.547821 0.712062 -0.0202542 -0.0 1.0 -0.0 
-0.210306 0.0337063 0.894196 -0.130635 0.0 0.99143 
-0.463598 -0.782789 0.0314757 0.0 -1.0 0.0 
0.20417 0.276542 -0.975101 0.130614 0.0 -0.991433 
0.164061 -0.152689 0.884304 0.382586 0.0 0.92392 
-0.339004 -0.0428403 0.848861 -0.608837 -0.0 0.793296 
-0.0875135 0.428669 0.910376 -0.130635 -0.0 0.99143 
0.534061 0.712062 0.16132 -0.0 1.0 -0.0 
-0.162011 -0.582244 -0.406401 -0.382592 0.0 -0.923917 
0.518929 0.0251618 0.615358 0.793289 0.0 0.608845 
-0.268721 -0.782788 0.172242 -0.0 -1.0 0.0 
-0.174408 -0.782788 -0.202104 -0.0 -1.0 0.0 
0.352486 -0.534693 0.80628 0.38258 -0.0 0.923922 
-0.0465583 -0.782788 0.766107 0.0 -1.0 -0.0 
-0.684224 0.572488 0.151069 -0.99143 0.0 -0.130636 
-0.110006 -0.148847 -0.421231 0.130637 -0.0 -0.99143 
0.603311 0.385743 0.463046 0.991431 -0.0 0.130628 
-0.170925 -0.782788 0.222122 0.0 -1.0 0.0 
-0.0901123 -0.380057 -0.41861 0.130637 0.0 -0.99143 
0.172512 -0.398779 -0.424447 0.991431 7.768e-06 0.130629 
0.388468 -0.782788 0.0559554 0.0 -1.0 0.0 
-0.0764687 -0.490536 0.911831 -0.130635 0.0 0.99143 
0.235249 0.44204 -0.900598 0.991431 -4.0063e-06 0.130631 
-0.0775845 0.062073 -0.416959 0.130637 0.0 -0.99143 
-0.578083 0.712062 0.0478363 -0.0 1.0 -0.0 
-0.00226982 0.524492 -0.867602 -0.99143 2.3153e-06 -0.130636 
0.215676 -0.57272 -0.752046 0.991431 2.74252e-06 0.130629 
0.384768 -0.782788 0.720701 -0.0 -1.0 -0.0 
-0.21981 0.05142 0.892944 -0.130635 0.0 0.99143 
-0.0511168 -0.534693 -0.496887 -0.991431 0.0 -0.130635 
-0.706313 -0.180376 0.349569 -0.923917 0.0 0.382594 
0.175889 0.306925 -0.708683 -0.0923888 -0.707128 0.701023 
0.0347307 0.577404 -0.512019 0.0 1.0 0.0 
0.425356 -0.782788 0.189171 -0.0 -1.0 0.0 
-0.142223 0.511745 -0.414595 -0.382592 0.0 -0.923917 
-0.175256 0.352106 -0.269766 0.382584 0.0 0.923921 
0.0067659 -0.426801 0.922798 -0.130635 -0.0 0.99143 
0.405486 -0.502693 -0.240251 0.608846 -0.0 -0.793289 
-0.415567 -0.782788 -0.264408 0.0 -1.0 0.0 
0.128876 0.41115 -0.980553 0.0923612 0.707085 -0.701071 
-0.377079 -0.0670387 0.81964 -0.608837 -0.0 0.793296 
0.640681 -0.489612 0.179424 0.991431 -0.0 0.130628 
0.106242 -0.782788 0.252807 -0.0 -1.0 0.0 
-0.283278 0.624914 -0.356185 -0.382592 -0.0 -0.923917 
-0.48945 0.609326 -0.0353071 0.793279 0.0 0.608858 
0.497271 -0.524145 -0.169806 0.608846 0.0 -0.793289 
-0.381986 0.312655 -0.315313 -0.382571 -0.0 -0.923926 
0.0606307 -0.136227 0.927134 0.382586 0.0 0.92392 
0.349701 0.189045 -0.283065 0.608846 0.0 -0.793289 
0.642249 0.0186103 0.167524 0.991431 -0.0 0.130628 
-0.163908 -0.782788 0.80729 0.0 -1.0 -0.0 
0.196012 0.486664 -0.602806 0.991431 -0.0 0.13063 
-0.696545 -0.179109 0.373157 -0.923917 0.0 0.382594 
0.0491159 0.0914448 -0.995529 0.130614 -0.0 -0.991433 
0.178477 -0.239634 0.878335 0.382586 0.0 0.92392 
-0.205862 -0.782788 0.268596 0.0 -1.0 0.0 
0.375183 -0.466603 -0.263508 0.608846 -0.0 -0.793289 
-0.665142 -0.719854 0.448991 -0.923917 -0.0 0.382594 
-0.135664 -0.305095 0.904031 -0.130635 0.0 0.99143 
0.284396 0.712062 0.819528 0.0 1.0 0.0 
-0.690559 -0.111019 0.199148 -0.99143 0.0 -0.130636 
-0.0900364 -0.782788 -0.315186 -0.0 -1.0 0.0 
-0.531809 -0.595218 -0.179132 -0.793301 0.0 -0.608829 
-0.422671 -0.782788 0.700715 0.0 -1.0 0.0 
0.607 -0.489299 0.0780987 0.923922 -0.0 -0.38258 
-0.601576 0.399297 0.602511 -0.923939 0.0 0.38254 
0.376687 -0.459037 -0.262354 0.608846 -0.0 -0.793289 
-0.260228 -0.353118 0.887618 -0.130635 0.0 0.99143 
0.112038 0.203081 0.774696 -0.3826 0.0 -0.923914 
-0.678637 -0.684028 0.108666 -0.99143 0.0 -0.130636 
-0.272327 -0.0954763 0.886024 -0.130635 0.0 0.99143 
0.317369 0.609305 0.820822 0.38258 0.0 0.923922 
0.197981 0.00114726 -0.975917 0.130614 -0.0 -0.991433 
0.200997 -0.572521 -0.640634 0.991431 0.0 0.130631 
-0.313287 0.312655 0.868599 -0.608837 -0.0 0.793296 
0.615878 -0.495174 0.0995395 0.923922 -0.0 -0.38258 
0.320493 0.592582 0.819528 0.38258 0.0 0.923922 
0.246568 -0.599212 0.380723 -0.0 1.0 -0.0 
0.202341 -0.782788 -0.231704 -0.0 -1.0 0.0 
