ply
format ascii 1.0
comment VCGLIB generated
element vertex 2000
property float x
property float y
property float z
property float nx
property float ny
property float nz
element face 0
property list uchar int vertex_indices
end_header
-0.200334 -0.626105 -0.171508 -0.707091 2.81075e-06 0.707123 
-0.439193 0.168421 -0.0079292 0.0 1.0 -0.0 
-0.421787 0.121684 -0.419214 -0.793399 0.0 -0.608701 
-0.350092 -0.44431 0.308708 -0.707107 -0.0 0.707107 
0.194461 0.131302 0.391205 -0.391759 -0.832496 -0.391759 
0.122531 -0.436082 -0.148519 -0.707106 -7.43286e-07 -0.707108 
0.0697362 -0.210147 0.0434814 0.707107 1.8707e-07 -0.707107 
-0.213054 -0.671493 0.187068 -0.707105 -1.93615e-06 -0.707108 
-0.383109 0.129473 0.0995656 0.0 -1.0 0.0 
-0.299803 -0.415627 0.358998 -0.707107 0.0 0.707107 
-0.233551 0.140379 0.544097 -0.38269 0.0 0.923877 
0.219797 -0.387747 -0.300864 -0.707107 0.0 -0.707107 
0.0842597 0.129473 -0.134119 0.0 -1.0 -0.0 
-0.266267 0.168421 -0.0920556 -0.0 1.0 -0.0 
0.349187 -0.728927 0.309882 0.707098 0.0 0.707115 
-0.30949 -0.435821 0.228423 -0.707107 0.0 -0.707107 
-0.200334 -0.570021 -0.171508 -0.707091 2.80489e-06 0.707123 
-0.337872 -0.0290692 -0.324977 -0.707107 -0.0 -0.707107 
-0.359741 0.112337 0.388832 0.707107 -0.0 0.707107 
0.0558311 -0.101266 0.0295763 0.707107 -0.0 -0.707107 
-0.191488 0.168421 0.0575024 0.0 1.0 -0.0 
-0.341783 -0.0886316 -0.321066 -0.707107 -0.0 -0.707107 
0.0515439 0.0889686 -0.0775321 -0.707107 -0.0 -0.707107 
-0.345613 -0.780141 0.264546 -0.707107 0.0 -0.707107 
-0.0853948 0.168421 -0.117477 -0.0 1.0 -0.0 
-0.306651 -0.148201 0.352149 -0.707107 0.0 0.707107 
-0.359741 -0.387747 0.29906 -0.707107 -0.0 0.707107 
-0.270357 -0.785857 0.35453 0.707107 -0.0 0.707107 
0.182407 -0.322316 0.211234 -0.707094 -6.79366e-06 0.70712 
-0.205276 -0.697538 0.289449 0.707107 0.0 0.707107 
-0.163165 0.168421 0.186155 0.0 1.0 0.0 
0.0608912 0.168421 0.482808 0.0 1.0 0.0 
0.578335 0.132838 0.13581 0.991444 0.0 0.130533 
0.448124 0.164819 0.293904 0.531302 0.659879 0.531299 
0.256626 0.129473 -0.0823188 0.0 -1.0 0.0 
-0.212092 -0.917576 -0.293426 0.707107 0.0 -0.707107 
0.317944 0.168421 0.11826 0.0 1.0 0.0 
-0.0694696 -0.626105 0.0434814 -0.707107 2.80213e-08 -0.707107 
0.0930671 -0.0758224 -0.0639741 0.707107 -1.99197e-07 0.707107 
0.371224 0.168421 0.228752 -0.0 1.0 -0.0 
0.388049 0.166783 -0.297698 -0.392906 0.831413 -0.392907 
0.0400816 -0.100786 0.0689061 -0.707107 -0.0 0.707107 
0.239053 0.168421 -0.100778 0.0 1.0 0.0 
0.0408425 -0.542207 0.0696681 -0.707052 -6.50317e-05 0.707162 
-0.245585 -0.359407 -0.21676 -0.707127 -1.43423e-06 0.707086 
-0.462562 0.129473 -0.0266239 0.0 -1.0 0.0 
0.301037 0.130127 0.104749 0.226573 -0.947275 0.226572 
0.164902 0.168121 -0.0703069 -0.137694 0.980857 -0.137694 
-0.0657294 0.0934231 -0.0919843 0.707107 0.0 -0.707107 
-0.036755 -0.584042 -0.0079292 -0.707053 2.18238e-05 0.707161 
-0.205509 -0.284926 -0.231764 0.707107 3.27149e-08 -0.707107 
-0.046101 0.0282106 -0.0172766 -0.707107 -0.0 0.707107 
0.215095 -0.942569 -0.296162 -0.707107 0.0 -0.707107 
-0.289635 0.0842949 -0.370969 0.707107 -0.0 -0.707107 
0.275432 -0.241103 0.359338 -0.707115 -0.0 0.707098 
-0.209809 0.168421 -0.296926 0.0 1.0 -0.0 
-0.210511 -0.908038 0.283049 0.707107 0.0 -0.707107 
-0.406477 0.160079 0.160324 -0.693608 0.194463 -0.693608 
-0.0473938 -0.214505 0.0498433 0.50091 -0.705818 -0.50091 
0.322039 0.0625575 -0.348027 -0.707107 0.0 -0.707107 
-0.347621 -0.328333 -0.315228 -0.707107 -0.0 -0.707107 
0.44376 0.168421 -0.0132288 0.0 1.0 0.0 
-0.0590352 0.168421 0.0398716 -0.0 1.0 -0.0 
0.0831176 -0.2438 0.111942 -0.707107 -2.71534e-07 0.707107 
-0.454059 0.168332 -0.110803 -0.137844 0.980815 -0.137844 
0.117547 -0.26109 -0.0884537 0.707114 -0.0 0.7071 
-0.369825 -0.121347 -0.293024 -0.707107 -0.0 -0.707107 
-0.240375 0.168421 -0.23803 0.0 1.0 -0.0 
0.500218 0.168421 -0.307045 0.0 1.0 0.0 
0.0627609 0.168421 0.470194 -0.0 1.0 -0.0 
0.0729489 0.129473 0.46945 0.0 -1.0 0.0 
-0.298983 0.129473 -0.204224 -0.0 -1.0 0.0 
0.486354 0.135402 -0.335415 0.79335 0.0 -0.608765 
0.427962 0.168421 0.265322 0.0 1.0 0.0 
-0.227949 0.0503014 -0.309283 0.707107 -0.0 -0.707107 
0.0829507 0.129473 0.425902 0.0 -1.0 0.0 
-0.223999 -0.771465 0.198013 -0.707105 -1.93615e-06 -0.707108 
-0.20304 -0.686443 0.232133 0.707105 1.91986e-06 0.707108 
-0.275614 -0.266232 -0.356948 0.707107 -0.0 -0.707107 
-0.0977198 -0.522748 -0.068895 -0.707094 1.50472e-05 0.70712 
-0.34572 -0.135368 -0.317129 -0.707107 -0.0 -0.707107 
0.593879 0.168421 0.014132 0.0 1.0 0.0 
-0.133279 0.134214 0.579749 -0.130523 0.0 0.991445 
-0.294137 -0.300428 -0.210231 -0.707107 -0.0 0.707107 
0.115106 0.168421 -0.00524848 -0.0 1.0 -0.0 
-0.200333 0.10299 -0.171508 -0.707107 0.0 0.707107 
0.388049 0.129473 -0.194877 -0.0 -1.0 0.0 
0.0563848 -0.172869 0.0852095 -0.707107 -2.57587e-07 0.707107 
0.129865 -0.513653 0.158692 -0.70712 6.79757e-06 0.707094 
0.244188 -0.460139 -0.215096 0.707105 -1.91333e-06 0.707109 
-0.177467 -0.462526 0.206559 0.707123 2.79315e-06 0.707091 
-0.250574 -0.424027 0.334746 0.707107 -0.0 0.707107 
0.184444 -0.293155 -0.155351 0.707062 4.62458e-05 0.707152 
0.21293 -0.78322 0.296834 -0.707115 0.0 0.707098 
0.193263 -0.417243 0.222089 -0.707123 2.81662e-06 0.707091 
-0.0943689 0.168421 0.0680176 -0.0 1.0 -0.0 
-0.310107 0.129473 0.103011 -0.0 -1.0 0.0 
-0.342474 -0.114316 0.316327 -0.707107 0.0 0.707107 
-0.196162 0.168421 -0.176182 -0.0 1.0 -0.0 
0.0102288 0.168421 0.139159 -0.0 1.0 -0.0 
0.174291 -0.41663 -0.200279 -0.707094 -6.82638e-06 -0.70712 
0.229144 0.1544 0.546034 0.382681 -0.0 0.923881 
-0.522011 0.168421 0.00824557 -0.0 1.0 -0.0 
-0.542014 0.168421 0.113587 0.0 1.0 -0.0 
0.464289 0.166188 -0.0546684 0.465648 0.752559 0.465647 
0.0994021 0.168421 -0.422299 0.0 1.0 -0.0 
-0.542667 0.165853 -0.0296292 -0.466044 0.752066 -0.466046 
0.519567 0.168421 0.184276 0.0 1.0 0.0 
-0.135404 0.168421 0.501503 -0.0 1.0 0.0 
0.583223 0.168421 -0.0598989 0.0 1.0 -0.0 
-0.317714 -0.377173 -0.233808 -0.707107 -0.0 0.707107 
0.303923 0.163509 0.108913 0.634332 0.441865 0.634333 
-0.334865 -0.406442 0.253797 -0.707107 0.0 -0.707107 
0.299249 -0.873811 -0.363866 0.707107 0.0 -0.707107 
0.314205 0.168421 0.167675 -0.0 1.0 -0.0 
-0.210183 -0.696211 -0.291517 0.707107 -0.0 -0.707107 
0.402257 0.168421 -0.10416 0.0 1.0 0.0 
-0.210409 -0.613956 0.294582 0.707107 0.0 0.707107 
0.0869703 0.168421 0.144573 -0.0 1.0 0.0 
-0.299719 -0.934569 -0.363129 -0.707107 -0.0 -0.707107 
-0.233551 -0.0559157 -0.314885 0.707107 0.0 -0.707107 
-0.0778234 0.168421 0.0411696 -0.0 1.0 -0.0 
-0.181639 -0.2896 -0.152813 -0.707151 -4.58996e-05 0.707062 
-0.532667 0.129473 0.0668498 0.0 -1.0 0.0 
0.213418 -0.30456 -0.184326 0.707107 2.49049e-06 0.707106 
-0.230821 -0.850737 -0.266786 0.707133 -0.0 0.70708 
0.140344 0.168421 -0.204224 0.0 1.0 0.0 
-0.364414 0.129473 -0.447256 0.0 -1.0 0.0 
-0.326745 0.168421 -0.0643419 -0.0 1.0 -0.0 
0.293068 -0.336337 0.211734 0.707098 -0.0 -0.707115 
-0.0544548 0.129473 0.212489 0.0 -1.0 0.0 
-0.107362 0.168421 -0.233887 0.0 1.0 -0.0 
-0.187599 -0.334449 0.216692 0.707108 -2.2028e-06 0.707106 
-0.191862 0.129473 0.0234198 -0.0 -1.0 0.0 
-0.0760386 -0.281343 -0.102295 0.707077 -7.68575e-05 -0.707136 
0.372876 -0.978403 -0.288704 0.707107 -0.0 0.707107 
-0.0800377 -0.638231 -0.0512114 -0.70712 -6.72902e-06 0.707094 
-0.359106 -0.307726 -0.2752 -0.707107 0.0 0.707107 
0.243389 -0.335568 -0.324457 -0.707107 0.0 -0.707107 
-0.562843 0.135323 -0.183262 -0.923829 -0.0 -0.382806 
0.54862 0.163747 -0.218245 0.923878 0.000156734 -0.382687 
0.318345 -0.218552 -0.234173 0.707107 -0.0 0.707107 
-0.401301 0.051579 -0.372477 -0.707107 0.0 0.707107 
-0.156694 0.0648883 -0.127869 -0.707107 -0.0 0.707107 
0.388049 0.129473 -0.0172766 -0.0 -1.0 -0.0 
-0.355067 0.129473 0.0902182 0.0 -1.0 0.0 
-0.12896 -0.663409 -0.155215 0.707107 3.27149e-08 -0.707107 
0.467409 0.168421 -0.029147 0.0 1.0 0.0 
-0.534723 0.168421 -0.225199 -0.0 1.0 -0.0 
0.208084 -0.647521 0.181829 0.70709 2.93398e-06 -0.707123 
0.0562175 -0.0605894 -0.0822058 -0.707107 -0.0 -0.707107 
-0.439193 0.168421 0.0434814 -0.0 1.0 -0.0 
0.181939 0.129473 0.489403 -0.0 -1.0 -0.0 
-0.148677 0.129473 0.468236 0.0 -1.0 -0.0 
-0.297508 -0.747621 0.361292 -0.707107 0.0 0.707107 
-0.419564 0.168421 0.374955 -0.0 1.0 -0.0 
0.554078 0.141772 0.207904 0.923883 -0.0 0.382675 
-0.288128 -0.626105 0.20706 -0.707107 0.0 -0.707107 
0.0355601 0.168421 -0.1616 0.0 1.0 -0.0 
0.186577 -0.626105 0.160324 0.70709 2.92225e-06 -0.707123 
-0.220649 -0.701986 -0.191823 -0.707127 -1.43423e-06 0.707086 
-0.20609 -0.360602 0.180102 -0.707107 -5.45228e-08 -0.707107 
-0.359238 0.037558 0.33325 -0.707105 0.0 -0.707109 
-0.256919 0.168421 -0.297698 -0.0 1.0 -0.0 
-0.122665 0.168355 0.54964 -0.0456096 0.997918 -0.0456096 
-0.233551 0.129473 0.0294603 -0.0 -1.0 0.0 
-0.156384 -0.542304 -0.182639 0.707107 2.18099e-08 -0.707107 
0.356497 -0.297074 -0.306618 0.707107 0.0 -0.707107 
-0.0640212 -0.188214 0.0931128 0.707107 0.000193973 0.707106 
-0.324242 -0.687159 0.334558 -0.707107 -0.0 0.707107 
-0.298983 -0.813053 0.359818 -0.707107 0.0 0.707107 
-0.0419299 0.168421 -0.0780345 0.0 1.0 -0.0 
0.231868 0.168409 -0.299428 -0.0455572 0.997922 -0.0455573 
-0.448448 0.168421 -0.16265 -0.0 1.0 -0.0 
0.257913 -0.330859 -0.338981 -0.707107 0.0 -0.707107 
-0.149425 0.168421 0.379987 -0.0 1.0 0.0 
-0.149425 -0.457853 -0.175679 0.707107 3.27149e-08 -0.707107 
-0.278699 0.168421 -0.0889757 -0.0 1.0 -0.0 
0.257186 -0.0746105 0.341091 -0.707115 0.0 0.707098 
0.233818 -0.471874 -0.314885 -0.707107 0.0 -0.707107 
0.151038 -0.487232 0.124784 0.707107 2.28485e-08 -0.707107 
-0.471909 0.168421 0.286513 -0.0 1.0 -0.0 
-0.362093 -0.3256 0.281026 -0.707107 0.0 -0.707107 
-0.0828719 0.168421 -0.579591 0.0 1.0 0.0 
0.0982807 0.129473 -0.0546661 0.0 -1.0 0.0 
-0.354455 -0.326481 0.304346 -0.707107 -0.0 0.707107 
0.294805 -0.695528 0.364263 0.707098 0.0 0.707115 
-0.116709 0.168421 -0.41454 -0.0 1.0 -0.0 
-0.408721 0.168421 0.0669772 -0.0 1.0 -0.0 
0.0809356 -0.618173 0.109761 -0.70712 6.78614e-06 0.707094 
0.133924 -0.629434 0.162749 -0.707094 -6.79366e-06 0.70712 
0.319058 0.046363 0.237723 0.707098 -0.0 -0.707115 
0.261112 0.168421 -0.400544 0.0 1.0 -0.0 
-0.339627 -0.122464 -0.255721 -0.707107 -0.0 0.707107 
-0.00921407 0.166784 0.0995656 -0.39293 0.831391 -0.392931 
0.360007 0.168421 0.361292 0.0 1.0 0.0 
-0.357821 0.129516 0.454849 -0.0467028 -0.997817 -0.0467028 
-0.172793 0.135705 -0.566426 -0.381671 -0.0 -0.924298 
-0.154098 0.129473 0.482808 0.0 -1.0 -0.0 
0.0378027 0.168421 -0.198327 0.0 1.0 -0.0 
0.0421965 -0.565348 0.0710211 -0.707107 -0.0 0.707107 
0.31204 -0.35807 -0.351075 0.707107 0.0 -0.707107 
-0.29506 -0.310222 -0.367789 -0.707107 -0.0 -0.707107 
0.330362 -0.042706 0.249027 0.707098 -0.0 -0.707115 
0.285228 0.0141896 0.369134 -0.707115 -0.0 0.707098 
-0.369088 -0.107326 -0.293761 -0.707107 -0.0 -0.707107 
0.26544 -0.212741 0.349345 -0.707115 -0.0 0.707098 
-0.0794126 0.129473 0.298313 0.0 -1.0 0.0 
-0.342851 -0.877907 0.261783 -0.707107 0.0 -0.707107 
0.481523 0.168421 0.0201129 0.0 1.0 -0.0 
-0.204761 0.168421 0.087431 0.0 1.0 -0.0 
-0.262131 -0.220709 -0.343465 0.707107 0.0 -0.707107 
0.304412 -0.588145 0.354656 0.707098 0.0 0.707115 
0.0361468 -0.12847 -0.0621351 -0.707107 0.0 -0.707107 
-0.453214 0.129473 -0.0827082 -0.0 -1.0 0.0 
0.32426 -0.763252 -0.240087 0.707107 -0.0 0.707107 
0.366876 -0.269487 0.292193 0.707098 0.0 0.707115 
0.0510414 0.0422316 0.0247866 0.707107 -0.0 -0.707107 
-0.227328 -0.504628 0.256419 0.707078 -0.0 0.707136 
-0.303656 -0.411116 0.355144 -0.707107 0.0 0.707107 
0.288392 -0.373437 -0.369459 -0.707107 0.0 -0.707107 
0.270085 0.168421 0.00341735 -0.0 1.0 -0.0 
0.159039 0.129473 0.314555 0.0 -1.0 0.0 
-0.118243 -0.523613 -0.144498 0.707107 4.56971e-08 -0.707107 
0.312072 -0.305928 0.230737 0.707098 -0.0 -0.707115 
0.317503 -0.492834 0.236168 0.707098 -0.0 -0.707115 
-0.537998 0.167594 -0.0305373 -0.313257 0.896516 -0.313256 
0.191406 -0.451688 0.220232 -0.707123 2.81662e-06 0.707091 
-0.335645 -0.493796 0.323155 -0.707107 -0.0 0.707107 
-0.326363 -0.510004 0.332438 -0.707107 -0.0 0.707107 
0.257561 -0.842103 -0.228468 0.707078 -0.0 0.707136 
0.0824452 0.0605059 -0.0533524 0.707109 -0.0 0.707105 
-0.072589 0.168421 -0.254216 0.0 1.0 -0.0 
-0.287428 -0.0340492 0.206361 -0.707107 0.0 -0.707107 
-0.278129 0.134963 0.0304097 0.634008 -0.442792 0.63401 
0.322443 -0.952268 -0.238271 0.707107 -0.0 0.707107 
-0.173879 -0.706439 -0.200134 0.707107 -8.21496e-08 -0.707107 
0.139035 0.129473 0.50371 -0.0 -1.0 0.0 
-0.242898 -0.158737 0.327071 0.707107 0.0 0.707107 
0.229417 -0.80857 -0.255404 -0.707077 0.0 -0.707136 
-0.200835 0.129473 -0.311719 0.0 -1.0 -0.0 
-0.439193 0.168421 0.141629 -0.0 1.0 -0.0 
-0.102688 0.167342 0.524871 -0.312393 0.897118 -0.312393 
-0.162158 -0.26781 0.136171 -0.707075 4.7236e-05 -0.707138 
0.283273 -0.636087 0.210554 -0.707133 0.0 -0.707081 
-0.0877874 -0.0839579 0.0715235 -0.701055 0.13055 0.701055 
-0.5424 0.149462 -0.232614 -0.923876 0.0 -0.382691 
-0.149425 -0.546653 0.178516 0.707108 -2.24642e-06 0.707106 
-0.261593 -0.621432 -0.342927 0.707107 -0.0 -0.707107 
-0.316794 -0.315309 0.235726 -0.707107 0.0 -0.707107 
0.356081 0.0126311 -0.354903 0.0 -1.0 -0.0 
-0.058316 -0.511985 -0.0845713 0.707098 -8.42536e-05 -0.707116 
-0.200835 -0.298947 -0.22709 0.707107 2.18099e-08 -0.707107 
-0.297879 -0.119624 -0.36497 -0.707107 -0.0 -0.707107 
0.191791 -0.282508 0.165536 0.707053 5.62035e-05 -0.707161 
-0.0466036 -0.523284 0.0733692 0.599595 0.530068 -0.599595 
0.258899 0.0464169 -0.229807 0.707109 -0.0 0.707105 
0.116975 0.168421 0.164997 -0.0 1.0 -0.0 
-0.215511 0.168421 -0.214599 0.0 1.0 -0.0 
0.235867 -0.462428 0.209613 0.707107 -9.77855e-09 -0.707107 
0.211819 -0.990437 -0.292886 -0.707107 0.0 -0.707107 
0.531812 0.168421 0.0847606 -0.0 1.0 -0.0 
0.353865 -0.352492 -0.309251 0.707107 0.0 -0.707107 
0.361766 -0.740365 -0.277594 0.707107 -0.0 0.707107 
0.316936 -0.563718 0.235601 0.707098 0.0 -0.707115 
0.0820449 0.142881 0.586529 0.130518 -0.0 0.991446 
0.0898678 0.129473 -0.398048 -0.0 -1.0 -0.0 
-0.154793 -0.359116 0.128805 -0.707113 9.89038e-07 -0.707101 
-0.362907 -0.635453 0.281839 -0.707107 0.0 -0.707107 
0.112302 0.129473 -0.573445 0.0 -1.0 0.0 
0.345986 0.126358 0.374811 -0.707107 -0.0 0.707107 
-0.207389 -0.543068 -0.178564 -0.707091 2.81075e-06 0.707123 
0.448668 0.131994 -0.359928 -0.466291 -0.751761 -0.466292 
0.0982807 0.129473 -0.138792 0.0 -1.0 -0.0 
-0.201677 0.168421 0.231167 0.0 1.0 0.0 
0.281844 -0.132271 0.36575 -0.707115 -0.0 0.707098 
-0.323088 -0.0746105 -0.339761 -0.707107 -0.0 -0.707107 
0.292519 0.129473 -0.0610588 0.0 -1.0 0.0 
-0.352711 0.0455124 0.381802 0.707107 -0.0 0.707107 
0.34383 -0.677063 -0.259658 0.707107 -0.0 0.707107 
0.116975 0.168421 0.0808709 0.0 1.0 0.0 
-0.0606246 -0.661632 -0.0686871 0.204907 -0.957092 0.204907 
0.2389 -0.418848 0.322805 -0.707115 0.0 0.707098 
-0.312278 -0.458839 -0.35057 -0.707107 -0.0 -0.707107 
0.166517 0.168421 -0.39829 -0.0 1.0 -0.0 
0.174151 -0.409863 0.147896 0.707107 2.28485e-08 -0.707107 
-0.362264 0.168421 -0.254129 -0.0 1.0 -0.0 
0.164553 0.129473 0.350436 0.0 -1.0 0.0 
-0.435174 0.129473 0.332487 0.0 -1.0 0.0 
-0.140077 0.129974 0.379987 0.226566 -0.947278 0.226566 
-0.359741 0.129483 -0.395845 0.0466498 -0.997821 0.0466496 
0.243165 0.168421 0.473461 0.0 1.0 0.0 
0.21933 -0.495976 -0.300397 -0.707107 0.0 -0.707107 
-0.323846 0.168421 0.213254 0.0 1.0 -0.0 
0.277329 -0.84838 0.361235 -0.707115 -0.0 0.707098 
-0.311496 -0.518611 0.230429 -0.707107 0.0 -0.707107 
-0.315077 -0.608036 -0.347772 -0.707107 -0.0 -0.707107 
-0.382642 0.168421 0.275428 0.0 1.0 -0.0 
-0.172157 -0.245172 0.146169 -0.707132 -6.54056e-05 -0.707082 
-0.245702 0.129473 -0.0945743 -0.0 -1.0 0.0 
0.0234079 0.129473 0.0779298 0.0 -1.0 0.0 
0.121649 0.168421 -0.297698 0.0 1.0 -0.0 
0.121649 0.129473 0.0388077 0.0 -1.0 0.0 
-0.154098 0.129473 -0.0126029 -0.0 -1.0 0.0 
0.192358 -0.324099 0.166103 0.707107 2.28485e-08 -0.707107 
-0.345719 0.166061 0.104239 -0.46565 0.752555 -0.46565 
0.535364 0.168421 -0.0919431 0.0 1.0 -0.0 
0.31327 -0.205474 0.345797 0.707098 0.0 0.707115 
0.308597 -0.967285 -0.354519 0.707107 0.0 -0.707107 
-0.00921407 0.168421 0.141629 -0.0 1.0 -0.0 
-0.069972 -0.158737 -0.0962268 0.707107 -0.0 -0.707107 
0.156598 -0.442722 0.185424 -0.707094 -6.79366e-06 0.70712 
0.193063 0.168421 0.157138 0.0 1.0 0.0 
0.430112 0.0656001 0.411546 0.7934 0.0 0.608701 
-0.102313 0.0126311 0.0895369 -0.0 -1.0 0.0 
0.0982807 0.168421 0.108913 0.0 1.0 0.0 
0.0235017 0.129547 -0.447256 0.0465975 -0.997826 0.0465974 
0.310209 -0.327608 -0.352906 0.707107 0.0 -0.707107 
-0.317288 -0.870985 -0.233382 -0.707107 0.0 0.707107 
0.203439 0.168421 -0.0498214 -0.0 1.0 -0.0 
-0.00454038 0.168421 -0.129445 0.0 1.0 -0.0 
0.328028 -0.901853 -0.335087 0.707107 0.0 -0.707107 
-0.452 0.168421 0.0637277 -0.0 1.0 -0.0 
-0.287787 -0.688585 -0.369121 0.707107 -0.0 -0.707107 
-0.194723 0.129601 -0.535637 -0.137678 -0.980861 -0.137678 
-0.229644 -0.571781 0.203657 -0.707105 -1.93615e-06 -0.707108 
-0.210183 0.168421 -0.297698 0.0 1.0 -0.0 
0.16009 -0.432537 0.133835 0.707107 2.28485e-08 -0.707107 
-0.313004 0.129473 0.454766 0.0 -1.0 -0.0 
-0.182212 -0.383052 -0.208467 0.707107 3.27149e-08 -0.707107 
0.27476 0.168421 0.0964199 -0.0 1.0 0.0 
-0.21953 0.168421 0.398682 -0.0 1.0 -0.0 
0.0366309 -0.187837 -0.0626184 -0.707099 3.19254e-05 -0.707115 
-0.235237 -0.805175 -0.206412 -0.707127 -1.43423e-06 0.707086 
-0.523184 0.140379 -0.279003 -0.923876 0.0 -0.382691 
-0.223456 0.168421 -0.0071986 -0.0 1.0 -0.0 
0.302416 -0.364379 0.221081 0.707098 -0.0 -0.707115 
-0.22817 -0.321451 0.257261 0.707078 -0.0 0.707136 
0.223867 -0.639902 -0.194775 0.707105 -1.91333e-06 0.707109 
-0.332831 -0.0177124 0.251764 -0.707107 0.0 -0.707107 
-0.584077 0.135267 0.00609186 0.633691 -0.4437 0.633693 
-0.543323 0.129473 0.146066 -0.0 -1.0 0.0 
0.229902 -0.873251 0.313807 -0.707115 -0.0 0.707098 
-0.457888 0.168421 -0.218245 -0.0 1.0 -0.0 
0.140531 0.168421 -0.173897 0.0 1.0 0.0 
0.58003 0.163747 -0.120098 0.991444 -0.0 -0.130531 
0.127057 -0.36815 -0.153045 -0.707167 5.52181e-05 -0.707046 
-0.132786 0.168421 -0.38695 0.0 1.0 -0.0 
0.333522 -0.823744 -0.24935 0.707107 -0.0 0.707107 
0.357122 -0.993414 0.275787 0.707098 -0.0 -0.707115 
-0.0694678 0.0796211 0.0434814 -0.707105 0.0 -0.707109 
0.326543 0.168421 -0.49132 0.0 1.0 -0.0 
0.245012 0.0479829 -0.32608 -0.707107 0.0 -0.707107 
-0.314876 0.161821 0.0678032 0.669528 0.321657 0.669528 
-0.332073 0.129473 0.178259 0.0 -1.0 0.0 
-0.184745 -0.34423 0.158759 -0.707107 2.57046e-06 -0.707106 
-0.252451 -0.277852 0.336623 0.707107 0.0 0.707107 
-0.353917 -0.144413 0.304883 -0.707107 -0.0 0.707107 
-0.0419299 0.130554 0.464113 -0.312401 -0.897113 -0.312401 
0.26273 -0.88313 -0.343797 -0.707107 0.0 -0.707107 
0.233474 -0.747285 -0.204383 0.707105 -1.91333e-06 0.707109 
0.167885 0.117011 -0.138792 0.707109 0.0 0.707105 
-0.261593 0.168421 -0.115424 -0.0 1.0 -0.0 
-0.286627 -0.614209 0.206934 0.707134 0.0 -0.70708 
-0.144751 -0.247537 -0.171006 0.707107 1.69967e-07 -0.707107 
0.244549 -0.897528 -0.325617 -0.707107 0.0 -0.707107 
0.093607 -0.678116 0.108913 -0.204911 -0.957091 -0.204911 
-0.234778 -0.540226 0.208791 -0.707105 -1.93615e-06 -0.707108 
-0.219597 -0.543419 0.248689 0.707078 -0.0 0.707136 
-0.0559509 0.168421 0.277166 -0.0 1.0 -0.0 
-0.050343 0.168421 -0.108507 0.0 1.0 -0.0 
0.313126 -0.992252 0.345942 0.707098 0.0 0.707115 
-0.129328 0.168421 0.440611 0.0 1.0 0.0 
0.0982807 0.129473 0.375313 0.0 -1.0 -0.0 
-0.419996 0.0749475 0.394008 -0.707105 0.0 -0.707109 
0.238255 -0.776439 -0.319322 -0.707107 0.0 -0.707107 
0.0141544 0.129473 0.291187 0.0 -1.0 -0.0 
0.364681 -0.126021 -0.298435 0.707107 0.0 -0.707107 
-0.216441 -0.768328 0.245534 0.707078 -0.0 0.707136 
0.111799 -0.228842 -0.0827082 0.707107 1.95965e-08 0.707107 
0.223841 -0.551577 -0.249828 -0.707077 0.0 -0.707136 
0.523586 0.132775 0.0528287 0.531617 -0.659369 0.531617 
-0.21953 0.168421 -0.157487 -0.0 1.0 -0.0 
0.0662507 -0.143464 0.0399959 0.707107 -0.0 -0.707107 
-0.355804 -0.228842 -0.307045 -0.707107 -0.0 -0.707107 
-0.219437 0.168421 -0.0701983 0.0 1.0 -0.0 
-0.305963 -0.293053 -0.356886 -0.707107 -0.0 -0.707107 
0.107628 0.168421 0.538892 -0.0 1.0 -0.0 
-0.0712925 -0.628385 -0.0424663 -0.707094 1.50472e-05 0.70712 
-0.300418 -0.449115 0.219351 -0.707107 0.0 -0.707107 
-0.247835 -0.150747 -0.329169 0.707107 0.0 -0.707107 
0.127538 0.168421 0.551426 -0.0 1.0 -0.0 
-0.0977331 0.0126311 0.0796502 -0.0 -1.0 0.0 
0.18658 -0.261558 -0.157487 0.707138 -4.88095e-05 0.707075 
0.311764 -0.686863 0.230429 0.707098 0.0 -0.707115 
0.104206 -0.282488 -0.0751134 0.707136 -7.67038e-05 0.707077 
0.319346 0.129473 -0.123646 0.0 -1.0 0.0 
0.0983423 0.16784 -0.188574 0.227835 0.946669 0.227836 
-0.145267 0.167732 -0.575333 -0.13053 -0.0 -0.991444 
-0.224296 -0.45822 0.198309 -0.707122 -4.95865e-06 -0.707092 
-0.121383 0.129473 -0.512687 0.0 -1.0 0.0 
-0.239059 0.0810802 0.323231 0.707107 0.0 0.707107 
-0.248028 -0.279325 0.3322 0.707107 0.0 0.707107 
-0.251521 -0.210217 -0.222694 -0.707091 2.81075e-06 0.707123 
0.416346 0.0154466 0.390091 0.707107 -0.0 -0.707107 
0.220526 -0.909752 -0.301593 -0.707107 0.0 -0.707107 
0.209155 -0.5098 0.182901 0.70709 2.92225e-06 -0.707123 
0.243165 0.166784 -0.330414 0.392908 0.831412 0.392908 
-0.532667 0.159074 -0.25611 -0.923876 0.0 -0.382691 
-0.396009 0.129473 -0.041696 0.0 -1.0 0.0 
-0.331698 0.168421 0.179018 -0.0 1.0 -0.0 
-0.147754 -0.299417 -0.174009 0.707107 -1.72282e-07 -0.707107 
-0.316294 -0.7882 -0.232388 -0.707107 0.0 0.707107 
0.0608912 0.0983159 0.0897158 -0.707107 -0.0 0.707107 
0.233818 -0.602737 0.317722 -0.707115 0.0 0.707098 
-0.289635 0.121684 -0.370969 0.707107 -0.0 -0.707107 
-0.121196 0.168421 -0.198288 0.0 1.0 -0.0 
-0.48593 0.129473 0.048155 0.0 -1.0 0.0 
-0.225586 -0.824672 0.309758 0.707107 -0.0 0.707107 
-0.302149 -0.448505 0.221081 -0.707107 0.0 -0.707107 
-0.340693 -0.0911263 -0.256787 -0.707107 -0.0 0.707107 
0.353038 -0.516096 0.306031 0.707098 0.0 0.707115 
-0.177562 -0.227466 -0.203817 0.707134 5.32245e-05 -0.70708 
-0.155595 0.129473 0.521534 0.0 -1.0 -0.0 
0.444134 0.132215 0.305208 -0.465895 -0.752253 -0.465895 
0.40824 0.168421 0.0519087 0.0 1.0 0.0 
-0.0820053 0.0839526 -0.0531808 -0.707107 -0.0 0.707107 
0.121649 0.168421 0.0201129 -0.0 1.0 -0.0 
-0.280005 -0.455014 0.364178 0.707107 -0.0 0.707107 
-0.235668 -0.858173 -0.317002 0.707107 -0.0 -0.707107 
-0.470226 0.168421 0.290707 -0.0 1.0 -0.0 
-0.327025 0.164873 0.408029 0.531321 0.659845 0.531321 
0.137787 0.0561936 -0.108694 0.707109 -0.0 0.707105 
0.0375228 0.168421 -0.194877 0.0 1.0 -0.0 
0.253936 -0.984125 0.337841 -0.707115 -0.0 0.707098 
-0.31734 -0.131738 0.236273 -0.707107 0.0 -0.707107 
0.349112 0.000311085 0.309956 0.707098 0.0 0.707115 
-0.317677 -0.23819 -0.345171 -0.707107 -0.0 -0.707107 
0.332088 -0.0949265 0.326981 0.707098 0.0 0.707115 
0.275881 -0.616758 0.359786 -0.707115 -0.0 0.707098 
0.316109 -0.743897 0.342959 0.707098 0.0 0.707115 
0.466474 0.168421 0.0525429 0.0 1.0 -0.0 
0.00480699 0.168421 -0.115424 0.0 1.0 -0.0 
0.0655649 0.129473 0.464113 0.0 -1.0 0.0 
-0.424331 0.129473 -0.119158 -0.0 -1.0 0.0 
-0.238217 -0.321025 -0.319551 0.707107 0.0 -0.707107 
0.201102 -0.607411 -0.22709 -0.707105 1.94756e-06 -0.707108 
0.093607 0.129532 -0.162161 -0.0466485 -0.997822 -0.0466485 
-0.298983 0.168421 -0.512687 -0.0 1.0 -0.0 
-0.328993 -0.295552 -0.333856 -0.707107 -0.0 -0.707107 
-0.399467 0.168421 -0.0337222 0.0 1.0 -0.0 
-0.00532231 0.168113 -0.416589 0.137841 0.980816 0.13784 
-0.229872 -0.715213 0.203886 -0.707105 -1.93615e-06 -0.707108 
-0.336372 -0.495242 0.322428 -0.707107 -0.0 0.707107 
0.336639 -0.149389 -0.326477 0.707107 0.0 -0.707107 
0.325818 -0.406442 0.33325 0.707098 0.0 0.707115 
-0.183169 0.168421 0.178209 -0.0 1.0 -0.0 
0.0982533 -0.575035 0.127079 -0.70712 6.78614e-06 0.707094 
0.372285 -0.0978554 -0.29083 0.707107 0.0 -0.707107 
0.265038 0.168421 -0.0614501 0.0 1.0 0.0 
0.289902 0.168421 -0.311719 0.0 1.0 0.0 
-0.31374 -0.126021 -0.349108 -0.707107 -0.0 -0.707107 
0.272866 -0.481061 0.356771 -0.707115 -0.0 0.707098 
0.252512 0.129473 -0.0266239 0.0 -1.0 0.0 
-0.134942 -0.257337 -0.106117 -0.707107 0.0 0.707107 
0.111801 0.0609264 -0.0827082 0.707109 -0.0 0.707105 
-0.0619337 0.168421 -0.411759 0.0 1.0 -0.0 
0.294601 -0.871269 0.364467 0.707098 0.0 0.707115 
0.57967 0.168421 -0.0593398 0.0 1.0 -0.0 
-0.0652983 -0.0792842 0.0931423 -0.701055 0.13055 0.701055 
-0.261593 -0.219495 0.345766 0.707107 -0.0 0.707107 
-0.317677 0.129473 -0.194877 -0.0 -1.0 0.0 
-0.314219 0.129473 0.0522789 0.0 -1.0 0.0 
-0.355067 -0.635453 -0.307782 -0.707107 -0.0 -0.707107 
0.121649 0.168421 -0.176182 0.0 1.0 0.0 
-0.580913 0.134802 -0.111364 -0.991444 0.0 -0.130531 
0.352155 0.168421 -0.20722 -0.0 1.0 -0.0 
-0.368564 -0.380636 -0.294285 -0.707107 -0.0 -0.707107 
-0.240337 -0.541576 0.32451 0.707107 -0.0 0.707107 
-0.311496 -0.850442 0.230429 -0.707107 0.0 -0.707107 
0.257186 -0.68219 -0.338254 -0.707107 0.0 -0.707107 
0.0432251 0.168421 0.126676 -0.0 1.0 -0.0 
-0.23662 -0.0426435 -0.317954 0.707107 0.0 -0.707107 
0.359007 -0.466348 -0.274835 0.707107 -0.0 0.707107 
-0.364761 0.112181 -0.335936 -0.707107 0.0 0.707107 
0.0274283 0.167414 0.214249 0.31295 0.89673 0.312951 
0.586594 0.137087 0.0730741 0.991444 0.0 0.130533 
-0.416105 0.168421 0.0727017 -0.0 1.0 -0.0 
0.245409 0.129473 0.0527601 -0.0 -1.0 -0.0 
0.12651 0.168421 -0.224099 0.0 1.0 -0.0 
-0.258911 -0.136349 -0.340245 0.707107 0.0 -0.707107 
-0.0962963 -0.484188 0.0703082 -0.707107 0.0 -0.707107 
-0.267894 -0.850314 -0.349228 0.707107 -0.0 -0.707107 
0.0467438 0.130633 0.375213 -0.312394 -0.897118 -0.312394 
-0.369088 -0.0839579 -0.293761 -0.707107 -0.0 -0.707107 
0.368676 -0.245912 0.28734 0.707098 0.0 -0.707115 
-0.525096 0.129473 0.0239937 0.0 -1.0 0.0 
0.0692108 0.168421 -0.0934667 -0.0 1.0 -0.0 
-0.149425 0.131032 -0.574786 -0.13053 -0.0 -0.991444 
0.0875311 0.168421 0.193015 -0.0 1.0 -0.0 
-0.495277 0.168421 -0.208898 -0.0 1.0 -0.0 
0.096537 -0.673515 -0.122525 -0.707094 -6.82638e-06 -0.70712 
-0.291692 0.129473 0.134389 -0.0 -1.0 0.0 
-0.298197 -0.440112 -0.364652 -0.707107 -0.0 -0.707107 
-0.302182 -0.312968 0.356618 -0.707107 0.0 0.707107 
-0.0627743 0.168421 0.366631 -0.0 1.0 0.0 
-0.306856 -0.284926 0.351945 -0.707107 0.0 0.707107 
0.116975 0.129473 -0.274329 0.0 -1.0 0.0 
-0.344214 -0.960218 -0.318635 -0.707107 -0.0 -0.707107 
0.35548 0.168381 -0.449446 0.0455061 0.997927 0.0455061 
0.355333 0.168421 -0.37715 0.0 1.0 0.0 
-0.205509 0.117011 0.289681 0.707107 0.0 0.707107 
0.397397 0.168421 -0.0640134 -0.0 1.0 -0.0 
0.0931033 -0.509263 0.0668498 0.707133 -2.34511e-05 -0.707081 
-0.0652983 0.129473 -0.246287 0.0 -1.0 -0.0 
-0.513972 0.168421 0.24445 -0.0 1.0 -0.0 
0.336639 0.16745 -0.409866 -0.313266 0.896509 -0.313266 
0.136582 -0.445917 0.165408 -0.70712 6.78614e-06 0.707094 
-0.275614 0.129473 -0.0499924 -0.0 -1.0 0.0 
-0.0185614 0.168421 -0.307045 0.0 1.0 -0.0 
-0.00454038 -0.635453 -0.0307953 0.707107 -6.44491e-06 -0.707106 
-0.327025 -0.892506 0.331776 -0.707107 -0.0 0.707107 
0.181906 0.051579 -0.152813 0.707109 -0.0 0.707105 
0.35337 0.129473 -0.0468968 -0.0 -1.0 0.0 
0.093607 0.168421 0.113587 0.0 1.0 0.0 
0.532934 0.159074 0.258951 0.923883 -0.0 0.382675 
0.219174 -0.381943 0.247999 -0.707105 1.92312e-06 0.707108 
0.533962 0.129473 -0.0440371 -0.0 -1.0 0.0 
0.097907 0.168421 0.195607 -0.0 1.0 -0.0 
-0.102184 0.0422316 0.0761972 -0.707105 0.0 -0.707109 
0.141278 0.168421 -0.0866345 0.0 1.0 -0.0 
-0.352446 -0.451258 0.306354 -0.707107 -0.0 0.707107 
-0.347725 -0.53534 -0.315124 -0.707107 -0.0 -0.707107 
-0.230768 -0.691282 -0.312102 0.707107 -0.0 -0.707107 
-0.29973 0.168421 -0.323237 -0.0 1.0 -0.0 
-0.214669 0.168421 -0.287262 0.0 1.0 -0.0 
0.251151 -0.762415 0.224896 0.707107 -0.0 -0.707107 
0.231788 -0.737881 -0.312856 -0.707107 0.0 -0.707107 
0.197107 -0.650824 -0.223095 -0.707105 1.94756e-06 -0.707108 
-0.186814 -0.607411 -0.213069 0.707107 -8.21496e-08 -0.707107 
0.430112 0.0609264 0.411546 0.7934 0.0 0.608701 
-0.327341 -0.673519 -0.243435 -0.707107 0.0 0.707107 
-0.200835 0.129473 -0.50334 0.0 -1.0 0.0 
0.210727 -0.894433 -0.287149 -0.707107 -0.0 0.707107 
0.12213 -0.501735 -0.148119 -0.707107 4.56971e-08 -0.707107 
0.0525445 -0.237025 -0.0785307 -0.707113 -5.80052e-06 -0.7071 
-0.110727 0.168421 -0.114372 -0.0 1.0 -0.0 
-0.336372 0.168421 -0.475298 -0.0 1.0 -0.0 
0.093607 -0.509263 0.122432 -0.70712 6.78614e-06 0.707094 
0.0490856 0.167752 0.0262873 0.227582 0.946791 0.227582 
0.341312 0.163065 -0.255635 -0.634008 0.442796 -0.634008 
-0.303672 -0.943015 -0.219766 -0.707107 0.0 0.707107 
-0.304418 -0.00604943 0.354382 -0.707107 0.0 0.707107 
-0.0279088 -0.556 0.0570001 0.707136 4.15866e-05 0.707078 
-0.0933404 0.129473 -0.0312976 -0.0 -1.0 0.0 
-0.0214593 0.168421 0.212968 -0.0 1.0 -0.0 
-0.334898 -0.00450522 0.323903 -0.707107 0.0 0.707107 
0.396088 0.168421 -0.226854 -0.0 1.0 -0.0 
0.0655649 0.0656001 0.0943894 -0.707107 -0.0 0.707107 
-0.176252 0.129473 -0.520467 0.0 -1.0 0.0 
0.131651 0.129473 -0.358081 -0.0 -1.0 0.0 
-0.160654 -0.673105 0.189746 0.707123 2.79315e-06 0.707091 
-0.367581 -0.8224 0.286513 -0.707107 0.0 -0.707107 
0.330607 0.00956413 0.328461 0.707098 0.0 0.707115 
-0.252246 -0.598063 0.336418 0.707107 -0.0 0.707107 
0.417828 0.122653 -0.422757 0.608751 0.0 -0.793361 
0.186859 -0.700209 -0.212847 -0.707105 1.94756e-06 -0.707108 
-0.408067 0.168421 0.211648 -0.0 1.0 -0.0 
-0.0986314 -0.216159 0.0726443 -0.707107 -9.05422e-05 -0.707106 
0.330189 0.129473 -0.216 -0.0 -1.0 0.0 
-0.252025 -0.771664 0.336198 0.707107 -0.0 0.707107 
0.486197 0.168421 0.164997 0.0 1.0 0.0 
0.16834 -0.59032 0.142086 0.70712 -6.82638e-06 -0.707094 
0.434786 0.129473 -0.0359713 -0.0 -1.0 -0.0 
0.168386 0.168421 -0.00325551 0.0 1.0 0.0 
0.257186 0.168421 -0.260308 -0.0 1.0 -0.0 
-0.0279088 0.168421 -0.531382 -0.0 1.0 -0.0 
-0.0980141 0.168421 0.445418 -0.0 1.0 0.0 
0.222772 -0.667543 -0.19368 0.707105 -1.91333e-06 0.707109 
-0.0401921 -0.579973 -0.0664475 0.707107 -6.44491e-06 -0.707106 
0.202962 -0.733335 0.231788 -0.707105 1.92312e-06 0.707108 
-0.322351 0.0796212 -0.348606 0.707107 0.0 -0.707107 
0.30355 -1.0 -0.339433 0.0 -1.0 -0.0 
0.31647 -0.247537 0.342597 0.707098 0.0 0.707115 
0.151705 -0.637336 -0.122612 0.707107 0.0 0.707107 
0.246867 -0.443227 -0.217774 0.707105 -1.91333e-06 0.707109 
0.149189 -0.336337 0.122934 0.707107 2.2469e-08 -0.707107 
0.463202 0.168421 0.0636931 0.0 1.0 -0.0 
0.0632527 -0.502689 0.0920786 -0.706769 -0.000496463 0.707445 
0.206122 -0.539569 0.290025 -0.707115 0.0 0.707098 
-0.10138 0.168421 -0.0569354 -0.0 1.0 -0.0 
-0.294683 0.129473 -0.180037 -0.0 -1.0 0.0 
0.149712 -0.557538 0.123457 0.70712 -6.87e-06 -0.707094 
0.197705 -0.52252 0.171451 0.70709 2.93398e-06 -0.707123 
0.226515 -0.452366 -0.252501 -0.707077 0.0 -0.707136 
0.237969 -0.486483 -0.208877 0.707105 -1.91333e-06 0.707109 
0.0720363 -0.050072 -0.0429431 0.707107 -1.99197e-07 0.707107 
-0.223408 -0.326853 -0.194582 -0.707106 -2.27905e-06 0.707108 
-0.0761342 -0.176064 0.105226 0.707101 -5.33199e-05 0.707113 
-0.040869 -0.119089 -0.0671238 0.707107 -0.0 -0.707107 
0.584344 0.129473 0.0247866 0.0 -1.0 0.0 
0.00586934 0.129599 -0.429096 0.137833 -0.980818 0.137832 
-0.30833 -0.920548 0.35047 -0.707107 -0.0 0.707107 
-0.235257 -0.31487 -0.261512 0.707107 0.0 -0.707107 
-0.140077 0.130966 0.54824 0.392118 -0.832158 0.392118 
0.112302 0.129473 0.0107655 0.0 -1.0 0.0 
-0.312537 0.168421 -0.0531571 -0.0 1.0 -0.0 
0.280963 -0.129286 -0.362031 -0.707107 0.0 -0.707107 
-0.221119 0.168421 -0.150954 -0.0 1.0 -0.0 
-0.200835 -0.630779 -0.22709 0.707107 2.60762e-08 -0.707107 
-0.223345 -0.735416 -0.2496 0.707107 0.0 -0.707107 
0.355334 -0.686863 0.303735 0.707098 0.0 0.707115 
0.0603908 -0.626105 -0.0312976 0.707107 0.0 0.707107 
-0.288161 -0.121347 0.370639 -0.707107 0.0 0.707107 
-0.327025 -0.284926 -0.335824 -0.707107 -0.0 -0.707107 
0.278259 0.129514 -0.0417466 0.0465942 -0.997827 0.046594 
0.284136 -0.547815 0.209691 -0.707133 0.0 -0.707081 
-0.168119 0.168421 -0.14814 0.0 1.0 -0.0 
0.311765 -0.0465684 -0.227592 0.707107 -0.0 0.707107 
-0.0419299 -0.654107 -0.0266239 0.0691804 -0.995203 0.0691804 
-0.069972 0.168421 0.0668498 -0.0 1.0 -0.0 
0.00948068 0.129473 -0.194877 0.0 -1.0 0.0 
0.280554 0.168421 -0.470624 0.0 1.0 -0.0 
0.348 -0.873027 -0.263828 0.707107 -0.0 0.707107 
0.142842 -0.643034 0.171667 -0.707094 -6.79366e-06 0.70712 
0.079492 0.0126311 0.056441 0.0 -1.0 0.0 
0.0975328 0.168421 0.509818 -0.0 1.0 -0.0 
-0.322391 -0.0169158 0.241324 -0.707107 0.0 -0.707107 
-0.436109 0.168421 -0.0284424 -0.0 1.0 -0.0 
-0.239018 -0.533501 -0.320352 0.707107 -0.0 -0.707107 
0.543964 0.129473 0.0089537 0.0 -1.0 0.0 
-0.351038 -0.911484 0.269971 -0.707107 0.0 -0.707107 
0.30466 -0.906527 -0.358456 0.707107 0.0 -0.707107 
0.268499 -0.619872 -0.349566 -0.707107 0.0 -0.707107 
0.392723 0.131112 -0.302371 -0.392128 -0.832148 -0.392129 
0.238491 0.168421 -0.391171 0.0 1.0 -0.0 
0.34521 -0.342083 -0.261037 0.707107 -0.0 0.707107 
0.43572 0.168421 -0.287154 0.0 1.0 0.0 
-0.32171 -0.575074 -0.341139 -0.707107 -0.0 -0.707107 
0.453481 0.129473 0.379987 0.0 -1.0 0.0 
-0.355067 0.129974 0.11826 -0.226815 -0.947159 -0.226815 
0.0467772 0.168421 -0.183745 0.0 1.0 -0.0 
-0.311496 -0.705558 0.230429 -0.707107 0.0 -0.707107 
0.281418 -0.205496 0.365324 -0.707115 -0.0 0.707098 
0.159183 -0.7034 -0.13009 0.707107 -0.0 0.707107 
0.331871 0.168421 -0.441288 0.0 1.0 -0.0 
0.0607593 -0.658051 -0.052088 -0.204907 -0.957092 0.204907 
-0.34572 -0.541979 0.313081 -0.707107 -0.0 0.707107 
-0.230516 -0.674169 -0.267091 0.707133 0.0 0.70708 
0.33692 0.168421 0.300247 -0.0 1.0 -0.0 
0.215751 -0.440284 -0.296818 -0.707107 0.0 -0.707107 
0.360007 0.168421 0.0688078 -0.0 1.0 -0.0 
-0.378435 0.129473 0.319229 0.0 -1.0 0.0 
-0.231943 -0.673044 -0.313277 0.707107 -0.0 -0.707107 
0.17306 0.129473 0.0575024 0.0 -1.0 0.0 
0.0520604 -0.0231999 -0.0686871 0.561001 0.608733 -0.561001 
-0.258271 -0.315218 0.232283 -0.707077 0.0 -0.707136 
0.107081 -0.467305 -0.133069 -0.707106 -7.43286e-07 -0.707108 
0.299249 0.129473 -0.437908 0.0 -1.0 0.0 
-0.224204 -0.401769 -0.305538 0.707107 -0.0 -0.707107 
0.23125 -0.90456 0.315155 -0.707115 -0.0 0.707098 
0.156608 0.168421 0.00694484 -0.0 1.0 -0.0 
0.430813 0.127686 -0.407797 0.7934 0.0 -0.6087 
-0.209559 0.110199 0.183572 -0.707105 0.0 -0.707109 
0.14695 -0.625159 -0.172937 -0.707094 -6.82638e-06 -0.70712 
0.107628 0.129532 -0.176182 -0.0466485 -0.997822 -0.0466485 
0.264062 0.0800387 -0.34513 -0.707107 0.0 -0.707107 
-0.233551 0.130967 -0.171508 -0.392145 -0.832132 -0.392145 
-0.221883 -0.526202 -0.303217 0.707107 -0.0 -0.707107 
0.257186 -0.574695 0.341091 -0.707115 -0.0 0.707098 
-0.471909 0.129473 0.0388077 0.0 -1.0 0.0 
0.115106 0.168421 -0.00276808 -0.0 1.0 -0.0 
-0.478079 0.168421 0.315295 -0.0 1.0 -0.0 
0.0141544 0.168421 -0.00325551 -0.0 1.0 -0.0 
-0.194386 0.168421 -0.367459 -0.0 1.0 -0.0 
-0.347869 0.168421 -0.14832 -0.0 1.0 -0.0 
0.0349985 0.129473 0.46602 0.0 -1.0 -0.0 
-0.234834 0.131032 0.543566 -0.382701 0.00185133 0.92387 
-0.186814 -0.774771 0.20706 0.545916 -0.635606 -0.545876 
-0.0258522 0.168421 0.421219 -0.0 1.0 0.0 
-0.265239 0.168421 -0.431249 0.0 1.0 0.0 
0.0965831 -0.52559 0.0703295 0.707107 6.47294e-06 -0.707106 
-0.383046 0.0798341 -0.409301 0.707107 -0.0 -0.707107 
-0.0261324 0.129473 0.226689 0.0 -1.0 0.0 
-0.119939 0.129799 -0.30186 0.137836 -0.980817 0.137836 
-0.129751 -0.425369 0.158844 0.707094 -9.27635e-06 0.707119 
-0.299719 -0.457853 -0.363129 -0.707107 -0.0 -0.707107 
0.399828 0.129473 0.127556 0.0 -1.0 0.0 
-0.348919 -0.284926 0.309882 -0.707107 -0.0 0.707107 
-0.345686 -0.0908641 -0.317163 -0.707107 -0.0 -0.707107 
-0.359741 -0.130695 0.29906 -0.707107 -0.0 0.707107 
0.17306 0.0936422 0.201884 -0.707107 -0.0 0.707107 
-0.359816 -0.729367 -0.27591 -0.707107 0.0 0.707107 
0.287502 -0.921984 0.206325 -0.707115 0.0 -0.707098 
-0.0936247 -0.635823 0.122716 0.707094 -9.27635e-06 0.707119 
0.093607 0.129473 -0.274329 0.0 -1.0 0.0 
-0.18214 0.129473 -0.28835 0.0 -1.0 -0.0 
-0.501821 0.168421 0.31517 -0.0 1.0 -0.0 
-0.0933404 0.107663 -0.119595 0.707107 0.0 -0.707107 
0.0281754 0.166784 -0.115424 0.392908 0.831412 0.392908 
-0.0930597 0.168421 0.142213 0.0 1.0 -0.0 
0.302449 -0.2896 0.356618 0.707098 0.0 0.707115 
-0.229251 0.129473 0.0714124 -0.0 -1.0 0.0 
-0.313004 -0.270905 -0.349845 -0.707107 -0.0 -0.707107 
0.234865 -0.824984 0.214788 -0.62298 -0.473066 -0.62298 
0.245035 -1.0 0.261622 -0.0 -1.0 0.0 
0.0791184 0.168421 0.541196 -0.0 1.0 -0.0 
0.353278 0.168421 -0.122783 -0.0 1.0 -0.0 
0.0308983 0.168341 0.230536 -0.0455576 0.997922 -0.0455576 
0.0992075 -0.26879 0.128033 -0.70708 -8.70254e-05 0.707134 
0.344408 -0.560043 -0.260236 0.707107 -0.0 0.707107 
-0.330224 -0.850442 0.328576 -0.707107 -0.0 0.707107 
-0.195039 0.0126311 0.189244 -0.0 -1.0 0.0 
0.0836403 -0.158737 0.0995656 0.653297 0.382712 0.653249 
0.379672 0.0993577 -0.40566 -0.707107 0.0 -0.707107 
0.161557 -0.464262 -0.187545 -0.707094 -6.82638e-06 -0.70712 
0.0288848 -0.130824 -0.054873 -0.707107 0.0 -0.707107 
0.330459 -0.369053 0.249124 0.707098 0.0 -0.707115 
0.116695 0.129473 0.00983878 0.0 -1.0 0.0 
0.349154 -0.0886316 0.267818 0.707098 -0.0 -0.707115 
-0.268675 -0.596436 -0.350009 0.707107 -0.0 -0.707107 
0.249895 0.168421 -0.120415 -0.0 1.0 -0.0 
-0.135404 0.130444 0.211734 0.313857 -0.896096 0.313857 
0.346962 -0.539178 -0.316154 0.707107 0.0 -0.707107 
0.287591 -0.590524 0.206257 0.707098 -0.0 -0.707115 
0.21649 -0.727975 -0.297557 -0.707107 0.0 -0.707107 
-0.205006 -0.495242 0.179018 -0.707122 -4.95865e-06 -0.707092 
-0.189939 -0.299916 -0.161114 -0.707201 -7.94204e-05 0.707013 
-0.0346385 0.129473 0.474094 0.0 -1.0 -0.0 
-0.367614 -0.154063 0.291187 -0.707107 -0.0 0.707107 
0.196428 0.168421 0.169671 -0.0 1.0 0.0 
-0.309067 -0.691537 -0.353782 -0.707107 -0.0 -0.707107 
0.542281 0.168421 0.188366 0.0 1.0 0.0 
0.453481 0.129473 0.249124 0.0 -1.0 0.0 
0.36196 -0.431837 0.280624 0.707098 0.0 -0.707115 
0.0822754 -0.249299 0.1111 -0.707107 -2.71534e-07 0.707107 
0.28822 0.168421 0.0444511 -0.0 1.0 -0.0 
-0.0577265 0.168421 -0.0744944 0.0 1.0 -0.0 
-0.418816 0.129473 -0.240468 0.0 -1.0 0.0 
-0.126056 -0.425137 -0.152311 0.707106 -4.45972e-07 -0.707107 
0.158041 -0.596201 -0.184027 -0.707123 2.83423e-06 -0.707091 
-0.154566 0.168421 0.216917 0.0 1.0 -0.0 
-0.369088 -0.312968 0.289712 -0.707107 -0.0 0.707107 
0.205869 0.168421 -0.250073 -0.0 1.0 -0.0 
0.22563 -0.499237 -0.251617 -0.707077 0.0 -0.707136 
0.332292 -0.824279 -0.330823 0.707107 0.0 -0.707107 
0.0747575 0.0363982 0.103582 -0.707107 -0.0 0.707107 
0.295995 -0.734901 -0.211823 0.707107 -0.0 0.707107 
-0.299847 0.133575 0.221346 -0.588113 -0.555199 -0.588113 
0.343898 -0.20755 0.262563 0.707098 0.0 -0.707115 
0.268683 0.168421 -0.119118 0.0 1.0 0.0 
-0.213131 -0.41529 -0.184306 -0.707106 -2.27905e-06 0.707108 
-0.069972 -0.661105 0.0528287 0.204915 -0.957092 -0.2049 
0.37241 0.0970035 -0.398398 -0.707107 0.0 -0.707107 
0.228548 -0.21946 -0.309615 -0.707107 0.0 -0.707107 
0.0197625 0.168421 0.275894 -0.0 1.0 -0.0 
0.461333 0.168421 0.07639 0.0 1.0 -0.0 
0.247072 -0.437894 -0.328139 -0.707107 0.0 -0.707107 
0.305231 -0.368411 0.223897 0.707098 -0.0 -0.707115 
0.158239 -0.360673 0.131982 0.707053 5.62035e-05 -0.707161 
-0.279157 -0.678442 -0.360491 0.707107 -0.0 -0.707107 
-0.222522 0.168421 0.0204024 -0.0 1.0 -0.0 
-0.358233 -0.210147 0.277166 -0.707107 0.0 -0.707107 
-0.303656 -0.434484 0.355144 -0.707107 0.0 0.707107 
-0.34572 -0.537305 -0.317129 -0.707107 -0.0 -0.707107 
-0.0433322 0.129473 -0.151259 0.0 -1.0 -0.0 
-0.353317 -0.80593 0.27225 -0.707107 0.0 -0.707107 
-0.328508 -0.61418 -0.244602 -0.707107 0.0 0.707107 
-0.289635 -1.0 0.258471 0.0 -1.0 -0.0 
0.364681 0.0126312 0.365966 -0.0 -1.0 -0.0 
0.294576 -1.0 -0.227592 -0.0 -1.0 -0.0 
0.212032 -0.539878 -0.238019 -0.707105 1.94756e-06 -0.707108 
-0.078214 -0.634979 0.052226 -0.707107 2.57046e-06 -0.707106 
