ply
format ascii 1.0
comment VCGLIB generated
element vertex 2000
property float x
property float y
property float z
property float nx
property float ny
property float nz
element face 0
property list uchar int vertex_indices
end_header
0.926976 -0.341248 -0.0480454 -0.997176 -0.0 -0.0750992 
-0.382551 -0.312743 -0.0367296 -0.0750893 0.0 0.997177 
-0.502283 0.126992 0.0329753 0.0 -1.0 -0.0 
0.535791 0.126992 -0.230198 0.0 -1.0 -0.0 
-0.0197983 -0.443652 -0.0255078 -0.0 -1.0 0.0 
-0.785669 0.252382 0.123675 0.0 1.0 0.0 
-0.816002 -0.0183339 0.0695272 -0.997178 0.0 -0.075072 
0.491741 0.252382 0.102707 -0.0 1.0 0.0 
-0.685043 0.252382 -0.0401285 0.0 1.0 0.0 
-0.707653 0.126992 0.0741217 0.0 -1.0 -0.0 
-0.82394 0.254939 0.113389 -0.0 1.0 -0.0 
0.353031 0.252382 0.186493 -0.0 1.0 0.0 
0.978677 0.159357 -0.325774 0.997178 0.0 0.0750795 
-0.0999327 0.24391 0.415393 -0.0750902 0.0 0.997177 
-0.532227 -0.356849 -0.0480006 -0.0750893 -0.0 0.997177 
0.934676 0.25458 0.462957 0.997178 -0.0 0.075073 
0.0913006 0.252382 -0.330052 0.0 1.0 0.0 
0.652088 0.152456 -0.420443 0.0750895 -0.0 -0.997177 
0.934044 0.118549 0.267024 0.997178 -0.0 0.0750795 
0.997148 -0.0560814 -0.366565 0.997188 -0.0 0.0749421 
-0.103223 -0.424583 -0.0156956 -0.0750893 -0.0 0.997177 
-0.789944 -0.443652 -0.256063 -0.0 -1.0 0.0 
0.3311 0.252382 0.237666 -0.0 1.0 0.0 
-0.815888 0.129987 -0.0683268 -0.997177 0.0 -0.0750905 
-0.807706 -0.124276 0.0956917 0.99718 -0.0 0.0750536 
-0.764482 0.252382 0.250621 0.0 1.0 0.0 
0.170529 0.126992 -0.20485 0.0 -1.0 -0.0 
0.741925 0.252382 0.0339262 -0.0 1.0 0.0 
-0.737057 0.00484748 -0.501751 0.997187 -5.18493e-06 0.0749585 
0.892266 -0.307862 0.412837 -0.997176 -0.0 -0.0750992 
0.0332943 0.252382 -0.0609114 0.0 1.0 0.0 
-0.0124879 0.252382 -0.303302 0.0 1.0 0.0 
-0.804783 0.201971 -0.21579 -0.997177 0.0 -0.0750905 
-0.0709709 -0.391163 -0.0440514 0.0750894 0.0 -0.997177 
0.940642 -0.156834 -0.0932115 -0.99718 0.0 -0.0750536 
-0.0051775 0.126992 -0.00357662 0.0 -1.0 -0.0 
-0.591951 0.126992 0.329583 0.0 -1.0 -0.0 
-0.575387 -0.391163 -0.0512505 -0.0750893 -0.0 0.997177 
-0.734738 0.148459 -0.54027 0.0751079 0.0 -0.997175 
0.937754 -0.359036 0.217746 0.997178 -0.0 0.0750795 
0.960385 0.225228 -0.0828353 0.997178 0.0 0.0750795 
0.155651 0.252382 -0.281371 0.0 1.0 0.0 
0.955231 -0.318535 -0.014373 0.997178 0.0 0.0750795 
0.555367 -0.443652 0.015344 0.0 -1.0 0.0 
0.975334 0.179046 -0.281371 0.997178 0.0 0.0750795 
-0.187937 0.164426 0.408766 -0.0750902 -0.0 0.997177 
0.910783 -0.381944 0.166956 -0.997176 -0.0 -0.0750992 
0.367652 0.252382 -0.281371 0.0 1.0 0.0 
0.600632 0.126992 -0.10444 0.0 -1.0 -0.0 
-0.787388 -0.259576 -0.205787 -0.0741424 0.0 0.997248 
-0.224489 0.252382 -0.244819 0.0 1.0 0.0 
0.0679263 0.126992 0.383874 0.0 -1.0 -0.0 
0.960114 0.0840115 -0.215578 0.997178 0.0 0.0750675 
0.719767 -0.443652 0.0335918 0.0 -1.0 0.0 
0.484618 0.126992 0.106079 0.0 -1.0 -0.0 
-0.0609529 0.252382 -0.0950391 0.0 1.0 0.0 
-0.202558 0.111639 0.383874 0.0 -1.0 -0.0 
0.05938 -0.375013 -0.0342357 0.0750894 0.0 -0.997177 
-0.334145 0.126992 -0.164405 0.0 -1.0 -0.0 
0.989034 0.142495 -0.348877 -0.0750705 0.0 0.997178 
0.165512 0.252382 -0.178005 0.0 1.0 0.0 
0.936998 -0.296128 0.0914583 0.997179 0.000209222 0.0750565 
0.0836241 0.252382 -0.0568502 0.0 1.0 0.0 
-0.421869 0.164426 0.39115 -0.0750902 -0.0 0.997177 
-0.822959 -0.525539 0.354239 0.0 -1.0 0.0 
0.475202 0.126992 0.273653 0.0 -1.0 -0.0 
0.572343 0.254939 0.456977 -0.0 1.0 0.0 
-0.0063692 -0.39032 -0.0391867 0.0750894 0.0 -0.997177 
0.90131 -0.237645 0.444599 0.0745074 0.0 -0.99722 
0.894981 -0.173995 0.505714 -0.075073 -0.0 0.997178 
-0.192275 0.252382 0.165316 -0.0 1.0 0.0 
-0.120762 0.111639 0.406062 0.0 -1.0 -0.0 
-0.656736 0.126992 -0.197958 0.0 -1.0 -0.0 
-0.524215 0.208288 -0.509021 0.0750895 -0.0 -0.997177 
-0.796514 -0.129561 -0.530052 -0.997176 0.0 -0.0751051 
0.272617 0.252382 -0.149784 0.0 1.0 0.0 
-0.736216 0.186357 -0.540382 0.0751079 0.0 -0.997175 
0.929843 0.0913218 0.186493 0.99716 0.0 0.0753131 
0.801181 0.163198 -0.409216 0.0750895 -0.0 -0.997177 
0.447036 0.252382 -0.387194 0.0 1.0 0.0 
0.316479 -0.442336 0.0159087 -0.0750893 -0.0 0.997177 
-0.838561 0.00359726 0.313578 0.0759158 4.8745e-05 -0.997114 
-0.414559 0.171736 -0.500764 0.0750895 -0.0 -0.997177 
0.962609 0.100341 -0.248724 0.997178 0.0 0.0750675 
-0.822193 0.0126237 0.314812 0.0747529 8.29948e-06 -0.997202 
0.321425 0.126992 -0.0746574 0.0 -1.0 -0.0 
-0.28631 0.252382 0.0990772 0.0 1.0 0.0 
0.973027 0.239629 -0.250738 0.997178 0.0 0.0750795 
0.889018 0.252382 0.258493 -0.0 1.0 0.0 
0.071836 0.252468 0.412928 0.0750906 9.67419e-05 -0.997177 
0.94415 -0.149921 -0.00357662 0.997145 -0.0 0.0755073 
0.12486 -0.420792 -0.029305 0.0750894 0.0 -0.997177 
-0.685043 0.126992 0.193804 0.0 -1.0 -0.0 
0.921452 0.234802 0.434266 0.997178 -0.0 0.0750795 
0.942859 -0.339991 0.149941 0.997178 0.0 0.0750795 
0.0825471 0.126992 -0.186336 0.0 -1.0 -0.0 
0.909565 -0.105442 0.319372 -0.997178 0.0 -0.0750739 
0.430293 0.126992 -0.306328 0.0 -1.0 -0.0 
0.426135 0.126992 0.325391 0.0 -1.0 -0.0 
0.935323 -0.46836 -0.363416 -0.997189 0.0 -0.0749304 
0.899242 -0.41529 0.506035 -0.075073 -0.0 0.997178 
0.951097 -0.104521 -0.0957967 0.997178 0.0 0.075072 
-0.816813 -0.157238 0.0802973 -0.997178 0.0 -0.075072 
0.907117 0.225694 0.506628 -0.075073 0.0 0.997178 
-0.173316 0.208288 0.409867 -0.0750902 0.0 0.997177 
0.888466 0.126992 0.161324 0.0 -1.0 -0.0 
-0.794267 -0.289942 -0.0828047 0.997177 -4.89462e-05 0.0750918 
-0.619762 0.126992 -0.360922 0.0 -1.0 -0.0 
-0.734771 0.0923401 -0.540273 0.0751079 0.0 -0.997175 
0.973168 -0.317784 -0.252608 0.997178 0.0 0.0750795 
-0.7991 -0.189175 0.322151 0.997176 0.0 0.0750978 
-0.800246 0.0559268 -0.139719 -0.997164 -0.0 -0.0752648 
-0.839608 -0.359013 0.246666 -0.997177 0.0 -0.0750905 
0.923183 0.125934 0.411278 0.997178 -0.0 0.0750795 
-0.385042 0.112502 0.393923 -0.0750902 -0.0 0.997177 
-0.0775078 0.204845 0.417081 -0.0750902 0.0 0.997177 
-0.803783 -0.0117299 0.0435729 0.99718 -0.0 0.0750536 
-0.792193 -0.204977 -0.483008 -0.0751062 0.0 0.997176 
-0.0563502 -0.443652 -0.0255078 -0.0 -1.0 0.0 
-0.770267 -0.0977011 -0.481358 -0.0749601 -0.0 0.997187 
0.0313744 0.215598 -0.467184 0.0750895 -0.0 -0.997177 
-0.275122 0.205407 -0.490264 0.0750895 0.0 -0.997177 
0.893999 0.171736 -0.402227 0.0750895 0.0 -0.997177 
-0.845872 0.120563 0.374613 -0.0752531 0.0 0.997164 
0.329491 0.252382 0.255661 -0.0 1.0 0.0 
-0.789438 -0.167165 -0.267528 0.0752508 -0.0 -0.997165 
-0.845872 -0.0475754 0.374613 -0.0752531 0.0 0.997164 
0.0980878 0.252382 -0.0327662 0.0 1.0 0.0 
0.918273 -0.222027 0.507468 -0.075073 0.0 0.997178 
-0.0601316 -0.396891 -0.0124508 -0.0750893 -0.0 0.997177 
0.0459952 0.252382 0.135321 -0.0 1.0 0.0 
-0.158696 0.252382 -0.215578 0.0 1.0 0.0 
0.522461 0.171326 0.462261 -0.0750902 0.0 0.997177 
0.558929 0.126992 0.368814 0.0 -1.0 -0.0 
0.586963 0.126992 0.31808 0.0 -1.0 -0.0 
-0.80951 -0.398976 -0.153019 -0.997177 0.0 -0.0750905 
-0.535651 0.252382 0.130356 0.0 1.0 0.0 
-0.833975 -0.398474 0.171873 -0.997177 0.0 -0.0750905 
0.935676 -0.398474 0.449667 0.997178 -0.0 0.075073 
-0.146816 -0.434654 -0.0189783 -0.0750893 -0.0 0.997177 
0.975548 -0.352272 -0.284217 0.997178 0.0 0.0750795 
-0.604629 0.126992 -0.00357662 0.0 -1.0 -0.0 
-0.785775 0.203655 -0.468219 -0.997177 0.0 -0.0750905 
0.389583 0.230219 0.452255 -0.0750902 0.0 0.997177 
-0.502283 0.126992 -0.237509 0.0 -1.0 -0.0 
-0.113858 0.252382 -0.0946369 0.0 1.0 0.0 
0.504519 0.252382 0.0961858 -0.0 1.0 0.0 
0.459683 0.126992 -0.332713 0.0 -1.0 -0.0 
-0.356076 0.171736 0.396104 -0.0750902 -0.0 0.997177 
0.933736 -0.287768 0.475438 0.997178 -0.0 0.075073 
0.129928 0.126992 -0.181217 0.0 -1.0 -0.0 
-0.831251 -0.442336 0.135687 -0.997177 0.0 -0.0750905 
-0.793096 -0.114653 -0.234665 -0.997176 0.0 -0.0750985 
-0.65637 0.126992 0.0789809 0.0 -1.0 -0.0 
0.687683 -0.306451 0.0130767 0.0750894 -0.0 -0.997177 
-0.804421 -0.426353 -0.220606 -0.997177 0.0 -0.0750905 
-0.0709709 0.126992 -0.105922 0.0 -1.0 -0.0 
0.939191 0.00356399 0.0623558 0.997268 0.0 0.0738646 
0.135907 -0.351318 0.00231133 -0.0750893 0.0 0.997177 
0.924496 -0.4234 0.393834 0.997178 -0.0 0.0750795 
-0.699385 -0.357083 -0.0605878 -0.0750893 -0.0 0.997177 
-0.194341 -0.300352 -0.037263 -0.0 1.0 0.0 
-0.64849 0.126992 0.178674 0.0 -1.0 -0.0 
-0.268351 -0.398474 -0.0281301 -0.0750893 -0.0 0.997177 
0.740481 0.126992 0.31077 0.0 -1.0 -0.0 
0.464136 0.213073 -0.434596 0.0750895 0.0 -0.997177 
-0.787388 -0.443652 -0.0913012 0.0 -1.0 0.0 
-0.575387 0.126992 -0.171715 0.0 -1.0 -0.0 
0.95769 -0.373484 -0.0470301 0.997178 0.0 0.0750795 
0.474716 -0.443652 0.0273863 0.0 -1.0 0.0 
0.0679263 -0.435026 -0.0335921 0.0750894 0.0 -0.997177 
0.407121 0.252382 -0.267979 0.0 1.0 0.0 
0.616205 0.111639 -0.420268 0.0 -1.0 -0.0 
-0.509594 -0.442336 -0.0462962 -0.0750893 -0.0 0.997177 
0.667033 0.252382 0.154202 -0.0 1.0 0.0 
-0.587768 0.252382 0.30596 -0.0 1.0 0.0 
0.866597 0.128644 0.488175 -0.0750902 0.0 0.997177 
0.47044 0.252382 -0.108134 -0.0 1.0 0.0 
-0.805035 -0.0382922 0.0602064 0.99718 -0.0 0.0750536 
-0.714285 0.186357 0.36913 -0.0750902 -0.0 0.997177 
0.199513 0.252382 -0.391027 0.0 1.0 0.0 
-0.675438 -0.390625 -0.089569 0.0750894 -0.0 -0.997177 
-0.740581 -0.395387 -0.0944744 0.0750894 -0.0 -0.997177 
-0.583298 0.252382 -0.192273 0.0 1.0 0.0 
-0.188802 0.252382 0.00686736 0.0 1.0 0.0 
-0.848994 0.254939 0.353387 0.0 1.0 0.0 
-0.781991 -0.21469 -0.382139 -0.997178 0.0 -0.0750684 
0.668936 -0.307551 0.011665 0.0750894 -0.0 -0.997177 
-0.0378126 0.212505 0.42007 -0.0750902 0.0 0.997177 
0.674688 0.126992 -0.215578 0.0 -1.0 -0.0 
0.934301 -0.0854184 -0.0090234 -0.997145 0.0 -0.0755073 
-0.817584 -0.395223 -0.0457943 -0.997177 0.0 -0.0750905 
0.857448 -0.32537 0.0566446 -0.0750893 0.0 0.997177 
-0.356076 0.126992 0.179183 0.0 -1.0 -0.0 
0.37383 0.252382 -0.30273 0.0 1.0 0.0 
0.319187 0.252382 0.203144 -0.0 1.0 0.0 
0.658638 0.126992 0.110614 0.0 -1.0 -0.0 
-0.391254 0.126992 0.294789 0.0 -1.0 -0.0 
-0.800784 0.150648 -0.268898 -0.997177 0.0 -0.0750905 
0.236373 -0.388938 -0.0209078 0.0750894 0.0 -0.997177 
0.950208 -0.12799 -0.0839908 0.997178 0.0 0.075072 
0.699661 0.126992 0.194352 0.0 -1.0 -0.0 
0.979284 -0.4381 -0.333832 0.997178 0.0 0.0750795 
0.506549 0.252382 -0.222888 0.0 1.0 0.0 
-0.772893 0.253371 -0.434823 0.997177 0.0 0.0750908 
0.94458 0.092053 -0.00924412 0.997145 -0.0 0.0755073 
0.33841 0.126992 -0.157095 0.0 -1.0 -0.0 
0.396893 0.126992 0.259597 0.0 -1.0 -0.0 
0.975401 -0.32138 -0.282257 0.997178 0.0 0.0750795 
-0.187705 -0.4176 -0.0220573 -0.0750893 -0.0 0.997177 
-0.325281 0.252382 0.205351 -0.0 1.0 0.0 
0.871206 -0.296956 0.487972 -0.99718 -5.89039e-06 -0.0750535 
-0.833946 -0.314302 0.171476 -0.997177 0.0 -0.0750905 
-0.487663 0.126992 -0.288682 0.0 -1.0 -0.0 
0.941166 0.149363 0.172427 0.997178 -0.0 0.0750795 
-0.81663 -0.369232 -0.058471 -0.997177 0.0 -0.0750905 
0.484618 0.126992 0.31808 0.0 -1.0 -0.0 
-0.187937 0.252382 -0.420268 0.0 1.0 0.0 
0.309169 0.126992 -0.405648 0.0 -1.0 -0.0 
-0.780078 0.126992 0.0183545 0.0 -1.0 -0.0 
0.944867 -0.291667 -0.0130431 0.997145 -0.0 0.0755073 
-0.582112 0.126992 -0.316297 0.0 -1.0 -0.0 
0.960256 -0.198452 -0.217457 0.997178 -0.0 0.0750675 
-0.298614 0.252382 -0.0484397 0.0 1.0 0.0 
0.42863 0.252382 0.308918 -0.0 1.0 0.0 
0.939189 -0.235517 0.0623878 0.997268 0.0 0.0738646 
0.115525 0.126992 0.0363133 0.0 -1.0 -0.0 
-0.734937 -0.0110235 -0.529924 0.997175 -0.0 0.0751075 
-0.114833 0.113253 0.414271 -0.0750902 -0.0 0.997177 
0.914571 -0.303046 0.389148 -0.997176 -0.0 -0.0750999 
0.925114 0.115989 0.385622 0.997178 -0.0 0.0750795 
-0.841961 0.1386 0.277922 -0.997177 -0.0 -0.0750905 
-0.797013 0.158767 -0.523432 -0.997176 0.0 -0.0751051 
-0.771091 -0.35183 -0.254248 0.997177 0.0 0.0750905 
-0.383499 0.252382 -0.175971 0.0 1.0 0.0 
-0.222546 0.126992 -0.375772 0.0 -1.0 -0.0 
-0.839623 0.173992 0.246863 -0.997177 0.0 -0.0750905 
0.873798 -0.207127 0.453598 -0.997155 2.0495e-05 -0.0753758 
0.407153 0.126992 -0.35742 0.0 -1.0 -0.0 
-0.224489 -0.376543 -0.0248272 -0.0750893 -0.0 0.997177 
0.740481 0.252382 -0.25213 -0.0 1.0 0.0 
-0.75583 -0.29472 -0.480272 -0.0750992 1.78588e-07 0.997176 
0.939486 0.22861 0.194747 0.997178 0.0 0.0750795 
0.937182 -0.40939 -0.18357 -0.997176 0.0 -0.0750992 
-0.74294 0.126992 -0.226325 0.0 -1.0 -0.0 
-0.799248 -0.411343 0.11966 0.997177 -0.0 0.0750905 
-0.0315133 -0.421236 -0.0102957 -0.0750893 -0.0 0.997177 
0.850137 0.252382 0.0402857 -0.0 1.0 0.0 
-0.706974 0.254939 0.361942 -0.0 1.0 -0.0 
-0.780415 0.018218 -0.26675 0.997175 -0.0 0.0751134 
0.944878 -0.268682 -0.0131823 0.997145 -0.0 0.0755073 
-0.82212 -0.340794 0.0144365 -0.997177 0.0 -0.0750905 
-0.144075 0.252382 0.332701 -0.0 1.0 0.0 
-0.200873 0.126992 0.302915 0.0 -1.0 -0.0 
0.242034 0.252382 0.159844 -0.0 1.0 0.0 
0.998037 -0.503645 -0.378382 0.997188 -0.0 0.0749421 
0.104478 0.230219 -0.461679 0.0750895 -0.0 -0.997177 
-0.0182859 -0.443652 -0.036893 0.0 -1.0 0.0 
-0.0972404 0.252382 0.11215 -0.0 1.0 0.0 
0.499239 0.126992 0.106079 0.0 -1.0 -0.0 
0.440756 0.252382 -0.391027 0.0 1.0 0.0 
-0.531525 0.111639 0.354632 0.0 -1.0 -0.0 
0.934998 0.100717 -0.359119 -0.99722 -0.0 -0.0745143 
0.701111 0.252382 -0.373585 0.0 1.0 0.0 
-0.821959 -0.387649 0.0122919 -0.997177 0.0 -0.0750905 
0.886689 -0.354611 0.50509 -0.075073 -0.0 0.997178 
0.736611 0.252382 0.283025 -0.0 1.0 0.0 
0.755102 0.126992 0.0622168 0.0 -1.0 -0.0 
0.984618 0.0676575 -0.4108 0.0750526 0.0 -0.99718 
0.487692 0.252382 0.181933 -0.0 1.0 0.0 
-0.860492 -0.288818 0.372356 -0.75792 -0.0 0.652347 
-0.800617 -0.228823 0.342303 0.997177 -0.0 0.0750847 
-0.582698 0.252382 0.0475961 0.0 1.0 0.0 
0.265307 -0.31806 0.0120554 -0.0750893 0.0 0.997177 
0.14103 0.126992 0.237666 0.0 -1.0 -0.0 
-0.307032 0.252382 0.0234472 0.0 1.0 0.0 
0.0533056 0.126992 -0.303302 0.0 -1.0 -0.0 
0.0391832 0.252382 0.163553 -0.0 1.0 0.0 
-0.823159 -0.120679 0.164562 -0.997178 0.0 -0.075072 
0.0167536 0.120563 -0.468285 0.0750895 0.0 -0.997177 
0.464941 0.126992 0.00812615 0.0 -1.0 -0.0 
-0.743526 0.126992 -0.317923 0.0 -1.0 -0.0 
-0.185987 -0.380329 -0.0219279 -0.0750893 -0.0 0.997177 
0.0167536 0.171736 -0.468285 0.0750895 0.0 -0.997177 
0.907117 0.225694 0.506628 -0.075073 0.0 0.997178 
0.486849 0.252382 -0.0328082 -0.0 1.0 0.0 
-0.136764 0.252382 -0.105922 0.0 1.0 0.0 
-0.782548 0.120784 -0.102113 0.997177 0.0 0.0750905 
-0.198812 -0.34409 -0.053678 0.0750894 -0.0 -0.997177 
-0.861107 -0.215694 0.327729 -0.997178 0.0 -0.0750753 
0.463973 0.252382 -0.311756 0.0 1.0 0.0 
0.630826 -0.339991 0.0087952 0.0750894 0.0 -0.997177 
-0.807569 -0.120679 0.376563 0.728465 -0.0 0.685083 
0.104478 0.252382 -0.135164 0.0 1.0 0.0 
-0.816763 -0.141519 0.21593 0.997175 -0.0 0.0751106 
-0.798726 -0.376543 -0.500683 -0.997176 0.0 -0.0751051 
0.997888 -0.427715 -0.376406 0.997188 -0.0 0.0749421 
-0.116777 0.126992 0.0637559 0.0 -1.0 -0.0 
-0.580505 0.153819 0.379204 -0.0750902 -0.0 0.997177 
-0.815922 0.0218819 0.0684615 -0.997178 0.0 -0.075072 
0.936988 -0.442832 0.227927 0.997178 -0.0 0.0750795 
0.296381 -0.417766 0.0143954 -0.0750893 -0.0 0.997177 
-0.42694 0.252382 0.061351 0.0 1.0 0.0 
0.952409 -0.171852 -0.113232 0.997178 -0.0 0.075072 
-0.653405 0.252382 0.235248 0.0 1.0 0.0 
-0.783302 -0.0234353 -0.364729 -0.997178 0.0 -0.0750684 
0.747792 0.164426 0.479229 -0.0750902 0.0 0.997177 
-0.586469 0.139694 -0.513709 0.0750895 0.0 -0.997177 
0.945776 -0.365681 -0.297684 -0.997176 0.0 -0.0750992 
0.935627 0.253216 0.245994 0.997178 0.0 0.0750795 
-0.77857 0.252382 0.0411643 0.0 1.0 0.0 
0.910213 -0.208404 0.31077 -0.997178 0.0 -0.0750739 
-0.451111 0.126992 -0.317923 0.0 -1.0 -0.0 
-0.0736785 0.252382 0.0363657 0.0 1.0 0.0 
0.384503 0.252382 -0.188468 0.0 1.0 0.0 
-0.00861171 0.254939 -0.46421 -0.0 1.0 0.0 
-0.706974 0.126992 -0.0547493 0.0 -1.0 -0.0 
-0.838281 0.14818 0.229051 -0.997177 0.0 -0.0750905 
0.950735 -0.0183545 -0.0909911 0.997178 0.0 0.075072 
-0.79434 0.135184 -0.354475 -0.997177 0.0 -0.0750905 
0.623515 0.252382 -0.135164 -0.0 1.0 0.0 
-0.363386 0.252382 -0.420268 0.0 1.0 0.0 
-0.847322 -0.521414 0.312917 0.0750124 0.00010012 -0.997183 
0.967103 -0.525539 -0.361785 0.0 -1.0 0.0 
0.608895 -0.398474 0.00714381 0.0750894 0.0 -0.997177 
-0.216523 0.252382 -0.331491 0.0 1.0 0.0 
0.104478 0.126992 -0.26675 0.0 -1.0 -0.0 
0.261125 0.252382 0.221566 -0.0 1.0 0.0 
0.959345 0.0204317 -0.205361 0.997178 0.0 0.0750675 
-0.0726154 -0.427027 -0.0441753 0.0750894 0.0 -0.997177 
-0.62656 0.252382 0.0695272 0.0 1.0 0.0 
-0.265379 0.252382 0.370621 -0.0 1.0 0.0 
-0.772768 0.252382 0.244976 0.0 1.0 0.0 
0.864758 0.135184 -0.404428 0.0750895 0.0 -0.997177 
0.951187 0.160409 0.0393336 0.997178 -0.0 0.0750795 
-0.735042 -0.0522855 -0.528531 0.997175 -0.0 0.0751075 
0.939014 -0.294717 0.0646705 0.997179 0.000209222 0.0750565 
0.663887 0.114645 -0.419554 0.0750895 0.0 -0.997177 
0.857448 0.126992 0.442357 0.0 -1.0 -0.0 
-0.384342 0.252382 0.0379593 0.0 1.0 0.0 
-0.81663 -0.0110235 0.0778686 -0.997178 0.0 -0.075072 
-0.0188785 0.252382 0.145131 -0.0 1.0 0.0 
-0.0563502 0.252382 -0.339854 0.0 1.0 0.0 
0.740481 0.252382 0.420426 -0.0 1.0 0.0 
-0.0051775 0.126992 0.296149 0.0 -1.0 -0.0 
0.920682 0.00534937 0.308043 0.997178 0.0 0.0750739 
-0.655801 0.252382 -0.347165 0.0 1.0 0.0 
0.490165 0.252382 0.441845 -0.0 1.0 0.0 
0.202485 0.252382 -0.0555248 -0.0 1.0 0.0 
0.980287 0.186357 -0.347165 0.997178 0.0 0.0750795 
-0.862965 0.0674813 0.352406 -0.997178 -0.0 -0.0750753 
0.418825 -0.427715 -0.00716883 0.0750894 0.0 -0.997177 
0.920685 -0.163741 0.307998 0.997178 0.0 0.0750739 
-0.604629 0.215598 0.377388 -0.0750902 -0.0 0.997177 
0.491928 0.252382 0.288839 -0.0 1.0 0.0 
0.964207 -0.374119 -0.133586 0.997178 0.0 0.0750795 
-0.479767 0.126992 -0.373552 0.0 -1.0 -0.0 
-0.797417 -0.216852 -0.518074 -0.997176 0.0 -0.0751051 
-0.80932 -0.443652 0.084148 0.0 -1.0 0.0 
-0.794699 -0.525539 -0.500683 0.0 -1.0 -0.0 
-0.818429 0.232937 -0.0345849 -0.997177 0.0 -0.0750905 
-0.803364 0.101494 -0.0983192 -0.997175 3.19029e-05 -0.0751097 
0.623515 0.252382 0.0987687 -0.0 1.0 0.0 
-0.540964 0.252382 -0.107421 0.0 1.0 0.0 
-0.618108 0.252382 -0.480383 0.0 1.0 0.0 
0.736509 0.252382 -0.0767773 -0.0 1.0 0.0 
0.000244962 0.126992 -0.215271 0.0 -1.0 -0.0 
0.681998 0.252382 0.142631 -0.0 1.0 0.0 
-0.728905 0.252382 0.1207 0.0 1.0 0.0 
0.206824 -0.339991 0.00765142 -0.0750893 0.0 0.997177 
-0.787389 0.0401492 -0.544236 0.0751079 -0.0 -0.997175 
0.914109 0.208145 0.507154 -0.075073 0.0 0.997178 
-0.314482 -0.321234 -0.0316038 -0.0750893 0.0 0.997177 
-0.815396 -0.315587 -0.0748641 -0.997177 0.0 -0.0750905 
0.170272 0.222909 -0.456725 0.0750895 -0.0 -0.997177 
-0.135868 0.126992 0.0957821 0.0 -1.0 -0.0 
0.927998 -0.32537 0.347322 0.997178 -0.0 0.0750795 
0.345721 0.126992 -0.288682 0.0 -1.0 -0.0 
-0.734074 0.252382 0.308876 0.0 1.0 0.0 
0.294548 0.252382 0.135321 -0.0 1.0 0.0 
0.199513 0.25215 -0.454523 0.0750895 -0.0 -0.997177 
-0.329288 0.173263 -0.494343 0.0750895 0.0 -0.997177 
0.227436 0.126992 -0.0357208 0.0 -1.0 -0.0 
-0.120232 -0.331433 -0.0477609 0.0750894 -0.0 -0.997177 
0.879379 0.0620803 0.504539 -0.075073 -0.0 0.997178 
-0.735212 -0.462774 -0.526263 0.997178 1.35337e-06 0.0750693 
0.898152 -0.363197 0.334672 -0.997176 -0.0 -0.0750992 
-0.767191 -0.472501 -0.481127 -0.0750674 7.74615e-06 0.997178 
0.874493 -0.0361891 0.444332 -0.997221 0.0 -0.0745073 
-0.860429 -0.425777 0.318716 -0.997178 0.0 -0.0750753 
0.0831819 0.249049 0.429182 -0.0750902 0.0 0.997177 
0.153902 -0.443652 -0.00659958 0.0 -1.0 0.0 
0.644837 0.252382 0.228827 -0.0 1.0 0.0 
-0.806963 0.254939 -0.0592356 0.0 1.0 -0.0 
0.0128368 0.252382 -0.159256 0.0 1.0 0.0 
-0.297593 -0.32537 -0.030332 -0.0750893 0.0 0.997177 
0.681413 0.126992 -0.336746 0.0 -1.0 -0.0 
0.48993 0.126992 -0.191597 0.0 -1.0 -0.0 
-0.861104 -0.327905 0.327687 -0.997178 0.0 -0.0750753 
0.931824 -0.398474 0.50084 0.997178 -0.0 0.075073 
-0.0808873 0.252382 -0.340995 0.0 1.0 0.0 
-0.71962 0.252382 0.0914757 0.0 1.0 0.0 
-0.764325 0.252382 -0.146992 0.0 1.0 0.0 
-0.795976 0.0188454 -0.144839 0.075709 0.0 -0.99713 
-0.0208987 0.126992 -0.0123462 0.0 -1.0 -0.0 
0.459395 0.197377 -0.434953 0.0750895 -0.0 -0.997177 
-0.122144 0.126992 0.12801 0.0 -1.0 -0.0 
-0.103185 0.252382 -0.396561 0.0 1.0 0.0 
0.935197 -0.351385 -0.361715 -0.997141 -2.30001e-05 -0.0755566 
0.945172 -0.201093 -0.0753198 -0.0741747 -0.0 0.997245 
0.516767 0.208646 0.461832 -0.0750902 0.0 0.997177 
-0.733444 0.252382 -0.347658 0.0 1.0 0.0 
-0.756607 -0.367338 -0.446595 0.997177 0.0 0.0750905 
-0.816603 0.0811855 0.21381 0.997175 -0.0 0.0751106 
-0.863639 -0.379848 0.361357 -0.997178 -0.0 -0.0750753 
0.997686 -0.279358 -0.373723 0.997188 -0.0 0.0749421 
-0.314963 0.234984 0.3992 -0.0750902 0.0 0.997177 
0.119099 0.126992 0.340011 0.0 -1.0 -0.0 
-0.642513 0.252382 -0.187115 0.0 1.0 0.0 
-0.80892 0.0261786 -0.0245451 -0.997163 0.0 -0.0752756 
-0.837416 0.252207 0.217565 -0.997177 0.0 -0.0750905 
-0.209868 0.252382 0.106079 -0.0 1.0 0.0 
-0.736216 0.252382 0.0183545 0.0 1.0 0.0 
-0.460175 0.252382 -0.357709 0.0 1.0 0.0 
-0.791625 -0.027771 -0.254201 -0.997176 0.0 -0.0750985 
-0.301719 0.252382 -0.250255 0.0 1.0 0.0 
-0.15821 -0.400878 -0.0506208 0.0750894 0.0 -0.997177 
-0.488527 0.252382 -0.448994 0.0 1.0 0.0 
0.00733741 0.126992 0.0119161 0.0 -1.0 -0.0 
0.142358 -0.443652 -0.0235926 0.0 -1.0 0.0 
-0.816474 -0.0363727 0.0758012 -0.997178 0.0 -0.075072 
0.927835 0.252382 0.1256 -0.0 1.0 0.0 
0.360342 -0.443652 0.0110441 0.0 -1.0 0.0 
0.484618 0.252382 -0.0839908 -0.0 1.0 0.0 
0.681998 -0.413095 0.043433 -0.0750893 0.0 0.997177 
0.579114 0.18178 0.466527 -0.0750902 0.0 0.997177 
0.477308 0.252382 -0.303302 0.0 1.0 0.0 
-0.337805 0.231575 0.39748 -0.0750902 0.0 0.997177 
0.87198 -0.170194 0.503982 -0.075073 -0.0 0.997178 
0.524806 0.128913 -0.430027 0.0750895 -0.0 -0.997177 
0.974959 -0.125444 -0.411527 0.0750526 0.0 -0.99718 
-0.00204829 0.252382 0.044643 -0.0 1.0 0.0 
-0.154342 0.111639 0.403391 0.0 -1.0 -0.0 
0.506094 0.252382 0.435324 -0.0 1.0 0.0 
0.448463 0.159683 -0.435776 0.0750895 -0.0 -0.997177 
0.16591 0.126992 -0.211086 0.0 -1.0 -0.0 
-0.814684 -0.0435468 0.188337 0.997175 -0.0 0.0751106 
0.955597 -0.311071 -0.0192349 0.997178 0.0 0.0750795 
-0.473906 0.252382 0.250281 -0.0 1.0 0.0 
0.543101 0.111639 0.435046 0.0 -1.0 -0.0 
0.932374 -0.405784 0.493529 0.997178 -0.0 0.075073 
0.0795198 0.252382 -0.357988 0.0 1.0 0.0 
-0.411375 0.252382 -0.417034 0.0 1.0 0.0 
0.951103 0.0583385 -0.0958867 0.997178 0.0 0.075072 
-0.736216 0.25215 0.367479 -0.0750902 0.0 0.997177 
-0.860381 0.157115 0.31808 -0.997178 0.0 -0.0750753 
-0.200216 0.252382 0.104549 -0.0 1.0 0.0 
-0.350168 0.254939 -0.484772 -0.0 1.0 0.0 
0.949905 0.176365 0.0563673 0.997178 -0.0 0.0750795 
-0.480352 0.126992 -0.193647 0.0 -1.0 -0.0 
0.451561 0.252382 0.23371 -0.0 1.0 0.0 
-0.0443816 0.252382 -0.344337 0.0 1.0 0.0 
0.536012 0.234984 -0.429184 0.0750895 -0.0 -0.997177 
-0.829347 -0.322684 0.110413 -0.997177 0.0 -0.0750905 
0.0167536 0.126992 0.106079 0.0 -1.0 -0.0 
-0.282972 0.126992 0.164562 0.0 -1.0 -0.0 
0.92248 -0.190642 0.507784 -0.075073 0.0 0.997178 
0.140718 0.126992 -0.0873861 0.0 -1.0 -0.0 
0.942221 -0.0922973 -0.114193 -0.99718 0.0 -0.0750536 
-0.438744 0.126992 0.174905 0.0 -1.0 -0.0 
-0.782326 0.00736574 -0.377694 -0.997178 0.0 -0.0750684 
-0.736714 0.252382 -0.174238 0.0 1.0 0.0 
0.942274 -0.0745472 -0.013943 0.0757259 0.0 -0.997129 
-0.82536 0.0913218 0.193804 -0.997178 0.0 -0.075072 
-0.791942 0.111639 -0.307099 -0.0 -1.0 0.0 
0.81275 -0.443652 0.0255913 0.0 -1.0 0.0 
-0.0855917 0.126992 -0.332544 0.0 -1.0 -0.0 
0.930551 0.254939 0.208424 -0.0 1.0 -0.0 
-0.817735 0.239552 -0.0437945 -0.997177 0.0 -0.0750905 
0.950291 0.218824 0.0512351 0.997178 0.0 0.0750795 
0.93198 -0.239709 0.498765 0.997178 -0.0 0.075073 
0.265307 0.252382 0.420426 -0.0 1.0 0.0 
0.935153 -0.369232 0.252287 0.997178 -0.0 0.0750795 
0.272617 0.252382 0.391184 -0.0 1.0 0.0 
-0.370697 0.252382 -0.010887 0.0 1.0 0.0 
-0.100212 0.252382 0.12801 -0.0 1.0 0.0 
-0.803957 -0.334931 -0.226761 -0.997177 0.0 -0.0750905 
-0.797373 -0.0161093 -0.0415621 0.997171 -0.0 0.0751643 
-0.609655 -0.430827 -0.0846154 0.0750894 0.0 -0.997177 
0.351449 -0.331688 0.018542 -0.0750893 0.0 0.997177 
-0.758147 -0.193783 -0.480446 -0.0750992 1.78655e-07 0.997176 
0.998411 -0.0680656 -0.383368 0.997188 0.0 0.0749421 
-0.0051775 0.252382 -0.0255078 0.0 1.0 0.0 
-0.802009 0.254939 -0.171715 0.0 1.0 -0.0 
-0.239394 -0.332493 -0.056734 0.0750894 -0.0 -0.997177 
0.0635879 0.252382 0.0221784 -0.0 1.0 0.0 
-0.802074 0.0535011 0.361649 0.997177 -0.0 0.0750847 
-0.804799 -0.391163 -0.215578 -0.997177 0.0 -0.0750905 
0.953089 0.172366 0.0140782 0.997178 -0.0 0.0750795 
0.979531 0.182225 -0.337116 0.997178 0.0 0.0750795 
-0.486438 0.213989 -0.506176 0.0750895 -0.0 -0.997177 
0.95252 0.214801 0.0216359 0.997178 0.0 0.0750795 
0.557722 0.186357 0.464916 -0.0750902 0.0 0.997177 
-0.798288 -0.0114763 -0.0294018 0.997164 -0.0 0.0752647 
-0.788679 -0.442409 -0.0206933 0.997177 -0.0 0.0750905 
0.864143 0.111639 -0.379727 -0.0 -1.0 -0.0 
0.0898575 0.111639 0.427736 0.0 -1.0 -0.0 
-0.728905 0.252382 -0.010887 0.0 1.0 0.0 
0.0971678 0.252382 -0.339854 0.0 1.0 0.0 
0.875192 0.0977851 0.442624 0.0755266 -0.0 -0.997144 
0.607294 0.195974 -0.423816 0.0750895 0.0 -0.997177 
0.199513 0.126992 0.237666 0.0 -1.0 -0.0 
-0.830601 0.111639 0.248175 0.0 -1.0 0.0 
0.958036 -0.355947 -0.0516301 0.997178 0.0 0.0750795 
-0.793053 -0.24342 -0.235242 -0.997176 0.0 -0.0750985 
-0.0852471 0.252382 0.100329 -0.0 1.0 0.0 
-0.158696 0.252382 -0.325233 0.0 1.0 0.0 
0.979737 -0.405784 -0.339854 0.997178 0.0 0.0750795 
0.162961 0.252382 -0.405648 0.0 1.0 0.0 
0.164038 0.252382 -0.0755176 0.0 1.0 0.0 
-0.227016 0.126992 -0.403917 0.0 -1.0 -0.0 
-0.509594 0.126992 0.325391 0.0 -1.0 -0.0 
0.663873 0.252382 -0.1051 -0.0 1.0 0.0 
0.940573 -0.422775 0.180312 0.997178 -0.0 0.0750795 
-0.803823 -0.322409 0.180421 0.997177 0.0 0.0750905 
0.683546 0.254939 0.470111 0.0 1.0 0.0 
0.159989 0.252382 0.00370737 -0.0 1.0 0.0 
0.827908 0.252382 -0.154457 -0.0 1.0 0.0 
-0.810189 -0.443652 0.140063 0.0 -1.0 0.0 
0.938062 0.0785959 -0.399854 -0.997189 0.0 -0.0749304 
0.976092 0.247154 -0.291447 0.997178 0.0 0.0750795 
0.933464 0.0715154 0.47905 0.997178 -0.0 0.075073 
0.250686 -0.376543 0.0109543 -0.0750893 0.0 0.997177 
0.857448 0.126992 -0.120543 0.0 -1.0 -0.0 
0.886689 0.252382 -0.354475 0.0 1.0 0.0 
0.925928 -0.32653 0.374819 0.997178 -0.0 0.0750795 
-0.750836 0.0401492 -0.541483 0.0751079 0.0 -0.997175 
0.301273 0.126992 -0.219456 0.0 -1.0 -0.0 
0.392476 0.126992 -0.171452 0.0 -1.0 -0.0 
0.894276 0.252382 0.399917 -0.0 1.0 0.0 
-0.487663 0.252382 0.193804 0.0 1.0 0.0 
-0.796512 -0.0568804 -0.530083 -0.997176 0.0 -0.0751051 
0.202721 0.126992 0.356024 0.0 -1.0 -0.0 
0.914377 0.252382 -0.0482065 -0.0 1.0 0.0 
0.997419 -0.301181 -0.37017 0.997188 -0.0 0.0749421 
0.52117 0.179046 0.462163 -0.0750902 0.0 0.997177 
0.201221 0.252382 -0.0188574 -0.0 1.0 0.0 
0.978858 -0.356095 -0.328177 0.997178 0.0 0.0750795 
0.933158 -0.339986 -0.130134 -0.997176 -0.0 -0.0750992 
-0.796055 -0.114979 -0.0590453 0.997157 -0.0 0.0753519 
-0.825218 -0.364705 0.0555754 -0.997177 0.0 -0.0750905 
0.806275 0.149805 -0.408832 0.0750895 0.0 -0.997177 
0.903644 -0.351586 0.26176 -0.997176 -0.0 -0.0750992 
0.826722 0.126992 -0.0179685 0.0 -1.0 -0.0 
0.933489 0.222645 0.478716 0.997178 -0.0 0.075073 
0.437179 0.194658 -0.436626 0.0750895 -0.0 -0.997177 
0.269191 0.126992 -0.246904 0.0 -1.0 -0.0 
0.597112 0.126992 -0.0984627 0.0 -1.0 -0.0 
0.934676 -0.52518 0.462957 0.997178 -0.0 0.075073 
-0.566991 0.252382 -0.173904 0.0 1.0 0.0 
0.594274 0.126992 0.244976 0.0 -1.0 -0.0 
0.953558 0.0153665 -0.128497 0.997178 -0.0 0.075072 
0.966566 -0.269443 -0.350569 -0.0750844 4.38355e-07 0.997177 
0.217995 0.252382 -0.399024 0.0 1.0 0.0 
-0.706974 0.252382 0.252287 0.0 1.0 0.0 
0.956429 0.121266 -0.0302926 0.997178 -0.0 0.0750795 
0.998605 -0.443038 -0.38595 0.997188 -0.0 0.0749421 
0.353031 0.126992 -0.369096 0.0 -1.0 -0.0 
0.566809 0.126992 -0.327894 0.0 -1.0 -0.0 
-0.81732 -0.228845 0.0870416 -0.997178 0.0 -0.075072 
0.776347 0.182854 0.481379 -0.0750902 0.0 0.997177 
0.910213 0.0693907 0.31077 -0.997178 0.0 -0.0750739 
-0.312214 -0.310749 -0.0622174 0.0750894 -0.0 -0.997177 
-0.793239 -0.32537 -0.369096 -0.997177 0.0 -0.0750905 
-0.735373 -0.0975126 -0.524129 0.997178 1.35337e-06 0.0750693 
-0.861445 0.0652019 0.33222 -0.997178 -0.0 -0.0750753 
-0.799828 0.0328388 -0.486062 -0.997176 0.0 -0.0751051 
0.787784 0.252382 -0.175223 -0.0 1.0 0.0 
-0.792688 -0.405784 -0.376406 -0.997177 0.0 -0.0750905 
0.240223 0.126992 -0.260073 0.0 -1.0 -0.0 
-0.860492 -0.157231 0.31956 -0.997178 0.0 -0.0750753 
-0.538835 0.126992 0.113389 0.0 -1.0 -0.0 
0.214134 0.126992 0.149941 0.0 -1.0 -0.0 
-0.853182 -0.347301 0.312476 0.0755686 -0.0 -0.997141 
0.964937 -0.303087 -0.143288 0.997178 0.0 0.0750795 
0.934676 0.25458 0.462957 0.997178 -0.0 0.075073 
-0.706974 0.208288 0.369681 -0.0750902 -0.0 0.997177 
0.159466 0.252382 -0.244917 0.0 1.0 0.0 
-0.728905 0.126992 -0.274061 0.0 -1.0 -0.0 
0.879379 0.126992 0.0256649 0.0 -1.0 -0.0 
0.950178 -0.245602 -0.0836024 0.997178 0.0 0.075072 
0.842827 0.252382 -0.0839908 -0.0 1.0 0.0 
0.900916 0.254939 0.478492 -0.0 1.0 0.0 
-0.519399 0.252382 0.182139 0.0 1.0 0.0 
0.782438 0.126992 -0.19205 0.0 -1.0 -0.0 
-0.793711 0.021088 -0.544712 0.0751079 -0.0 -0.997175 
0.989034 -0.252266 -0.348877 -0.0750705 0.0 0.997178 
-0.794782 -0.260363 -0.212288 -0.997176 0.0 -0.0750985 
-0.780078 0.126992 -0.127853 0.0 -1.0 -0.0 
-0.787694 -0.401839 -0.44273 -0.997177 0.0 -0.0750905 
0.879379 0.126992 -0.0255078 0.0 -1.0 -0.0 
-0.465732 0.254939 -0.500683 -0.0 1.0 0.0 
-0.777666 0.254939 -0.48802 -0.0 1.0 0.0 
0.389583 -0.405784 -0.0093708 0.0750894 0.0 -0.997177 
-0.802241 -0.296128 -0.113232 -0.997175 -2.96322e-05 -0.0751097 
0.937356 -0.292949 0.08669 0.997179 0.000209222 0.0750565 
-0.798371 0.0975085 -0.505396 -0.997176 0.0 -0.0751051 
0.619333 -0.327079 0.00792984 0.0750894 0.0 -0.997177 
-0.290282 0.126992 0.084148 0.0 -1.0 -0.0 
-0.319524 -0.33268 -0.062768 0.0750894 -0.0 -0.997177 
-0.0500058 -0.39278 -0.0424727 0.0750894 0.0 -0.997177 
0.94031 0.018653 -0.0888083 -0.99718 0.0 -0.0750536 
-0.790148 0.212701 -0.410142 -0.997177 0.0 -0.0750905 
0.0825471 0.252382 -0.339854 0.0 1.0 0.0 
-0.494973 0.126992 -0.0255078 0.0 -1.0 -0.0 
-0.788386 -0.395524 -0.0245808 0.997177 -0.0 0.0750905 
0.0898575 -0.383853 -0.00115634 -0.0750893 -0.0 0.997177 
0.367652 0.126992 -0.0839908 0.0 -1.0 -0.0 
0.71124 -0.405784 0.045635 -0.0750893 0.0 0.997177 
0.915526 0.114978 0.103986 -0.997176 0.0 -0.0750992 
0.120121 0.252382 -0.420658 0.0 1.0 0.0 
-0.448926 0.252382 0.138127 0.0 1.0 0.0 
0.517962 0.126992 -0.298269 0.0 -1.0 -0.0 
0.945894 -0.438727 0.109635 0.997178 -0.0 0.0750795 
-0.796314 -0.319089 -0.328262 -0.997177 -0.0 -0.0750905 
-0.567502 0.202478 -0.512281 0.0750895 0.0 -0.997177 
-0.566468 0.252382 -0.311386 0.0 1.0 0.0 
-0.741923 -0.525539 -0.508366 0.0 -1.0 -0.0 
-0.246552 0.252382 -0.177523 0.0 1.0 0.0 
-0.224489 -0.413095 -0.0248272 -0.0750893 -0.0 0.997177 
0.666377 -0.321999 0.0114723 0.0750894 0.0 -0.997177 
-0.80736 -0.128787 0.0910916 0.99718 -0.0 0.0750536 
-0.862426 -0.00474545 0.370109 -0.75792 0.0 0.652347 
0.937357 -0.296646 0.0866882 0.997179 0.000209212 0.0750565 
-0.79759 -0.138139 -0.0386767 0.997164 -0.0 0.075255 
0.912635 -0.0759434 0.507043 -0.075073 0.0 0.997178 
0.960622 -0.0796114 -0.222319 0.997178 0.0 0.0750675 
0.937862 -0.31806 -0.397196 -0.997189 0.0 -0.0749304 
0.630176 0.254939 -0.415996 0.0 1.0 0.0 
-0.827012 0.0840115 0.215735 -0.997178 0.0 -0.075072 
-0.617767 -0.399748 -0.0544418 -0.0750893 -0.0 0.997177 
0.930551 -0.443652 0.0914583 0.0 -1.0 0.0 
0.934486 0.0479209 0.465472 0.997178 -0.0 0.075073 
-0.582698 0.252382 -0.0766804 0.0 1.0 0.0 
0.201221 0.252382 -0.0188574 -0.0 1.0 0.0 
0.652991 0.252382 0.454686 -0.0 1.0 0.0 
0.287292 0.126992 0.072513 0.0 -1.0 -0.0 
-0.863623 -0.479862 0.36114 -0.997178 0.0 -0.0750753 
-0.804557 -0.409252 -0.218796 -0.997177 0.0 -0.0750905 
-0.86243 0.186006 0.370105 -0.75792 0.0 0.652347 
-0.781608 0.0170332 -0.250909 0.997175 -0.0 0.0751134 
-0.611939 0.252382 -0.157095 0.0 1.0 0.0 
-0.803531 -0.00661964 -0.0960798 -0.997217 -0.0 -0.0745583 
-0.611939 0.164426 0.376837 -0.0750902 -0.0 0.997177 
-0.725712 0.252382 -0.466147 0.0 1.0 0.0 
0.1866 0.252382 0.00337966 -0.0 1.0 0.0 
0.52848 0.252382 -0.135164 -0.0 1.0 0.0 
-0.382409 -0.420906 -0.0367188 -0.0750893 -0.0 0.997177 
-0.774389 -0.368814 -0.210457 0.997177 0.0 0.0750905 
-0.797481 -0.223025 -0.0401285 0.997164 -0.0 0.075255 
-0.473042 -0.427715 -0.0435437 -0.0750893 -0.0 0.997177 
-0.823709 -0.12799 0.171873 -0.997178 0.0 -0.075072 
0.906058 -0.405445 0.229695 -0.997176 0.0 -0.0750992 
0.935201 -0.51544 -0.361785 -0.997189 0.0 -0.0749304 
0.923241 -0.288818 0.169387 0.0738233 0.0 -0.997271 
0.70393 0.252382 0.0110441 -0.0 1.0 0.0 
0.670873 0.252382 0.143599 -0.0 1.0 0.0 
-0.735948 -0.33744 -0.516483 0.997178 1.35319e-06 0.0750693 
0.543101 0.126992 -0.193647 0.0 -1.0 -0.0 
-0.258458 0.126992 0.156853 0.0 -1.0 -0.0 
-0.817376 -0.128678 0.0877839 -0.997178 0.0 -0.075072 
0.943604 -0.0110235 0.00373376 0.997199 0.0 0.0747934 
-0.852651 -0.280364 0.374102 -0.0752531 0.0 0.997164 
-0.714285 0.193667 -0.523334 0.0750895 -0.0 -0.997177 
-0.797075 -0.00371313 -0.522614 -0.997176 0.0 -0.0751051 
0.921538 -0.342506 0.0241557 -0.997176 -0.0 -0.0750992 
-0.806451 0.157115 -0.193647 -0.997177 0.0 -0.0750905 
-0.79604 -0.342267 -0.331904 -0.997177 0.0 -0.0750905 
0.00213289 0.252382 -0.0620597 0.0 1.0 0.0 
-0.125093 0.126992 -0.275628 0.0 -1.0 -0.0 
0.367652 0.111639 -0.434889 0.0 -1.0 -0.0 
-0.268351 0.254939 0.391184 -0.0 1.0 -0.0 
-0.0277959 -0.318961 -0.0100158 -0.0750893 0.0 0.997177 
0.870787 0.193667 0.493529 -0.997192 0.0 -0.0748871 
-0.151385 0.126992 0.0987687 0.0 -1.0 -0.0 
-0.862127 0.155538 0.341269 -0.997178 -0.0 -0.0750753 
-0.367401 -0.389966 -0.0663732 0.0750894 -0.0 -0.997177 
-0.804884 -0.101548 0.0582036 0.99718 -0.0 0.0750536 
-0.4438 0.252382 -0.0620597 0.0 1.0 0.0 
-0.344046 0.254939 -0.490017 -0.0 1.0 0.0 
0.272617 -0.33268 0.0126058 -0.0750893 0.0 0.997177 
0.806275 0.252382 -0.354475 0.0 1.0 0.0 
-0.758724 0.1144 -0.418482 0.997177 0.0 0.0750905 
-0.7944 -0.145393 -0.217351 -0.997176 0.0 -0.0750985 
0.443525 0.20953 0.456317 -0.0750902 0.0 0.997177 
-0.783508 -0.177937 -0.361988 -0.997178 0.0 -0.0750684 
-0.449271 -0.440906 -0.0417537 -0.0750893 -0.0 0.997177 
0.953017 0.197727 0.0150239 0.997178 0.0 0.0750795 
0.203671 0.126992 -0.20448 0.0 -1.0 -0.0 
0.371202 0.252382 0.36018 -0.0 1.0 0.0 
-0.282994 0.252382 0.0770665 0.0 1.0 0.0 
0.36368 0.252382 -0.308638 0.0 1.0 0.0 
0.828206 0.252382 -0.0766804 -0.0 1.0 0.0 
-0.817461 0.113253 -0.0474389 -0.997177 0.0 -0.0750905 
0.199513 -0.369232 0.00710096 -0.0750893 0.0 0.997177 
0.353031 0.252382 0.0768376 -0.0 1.0 0.0 
0.159954 -0.332068 -0.0266623 0.0750894 -0.0 -0.997177 
0.815084 0.252382 0.459079 -0.0 1.0 0.0 
0.0337158 0.252382 0.0464589 -0.0 1.0 0.0 
0.928318 -0.202053 0.0703923 -0.996908 -0.0 -0.0785774 
-0.140695 -0.443652 -0.0325196 0.0 -1.0 0.0 
0.353031 0.126992 -0.0181974 0.0 -1.0 -0.0 
0.959441 0.0980504 -0.412695 0.0750526 0.0 -0.99718 
0.953386 0.121034 0.0101282 0.997178 -0.0 0.0750795 
-0.268351 -0.435026 -0.0281301 -0.0750893 -0.0 0.997177 
0.93523 0.177485 0.251275 0.997178 -0.0 0.0750795 
-0.100212 0.252382 -0.149784 0.0 1.0 0.0 
-0.860447 -0.518091 0.318964 -0.997178 0.0 -0.0750753 
0.924283 0.159647 0.39667 0.997178 -0.0 0.0750795 
0.450734 0.111639 0.429274 0.0 -1.0 -0.0 
0.0533056 0.252382 0.281528 -0.0 1.0 0.0 
0.0696392 -0.314458 -0.0334632 0.0750894 -0.0 -0.997177 
-0.568077 -0.413095 -0.0507 -0.0750893 -0.0 0.997177 
0.960706 -0.181263 -0.223434 0.997178 -0.0 0.0750675 
0.433445 0.126992 -0.149784 0.0 -1.0 -0.0 
-0.451111 0.252382 -0.186336 0.0 1.0 0.0 
0.87948 0.104888 0.504547 -0.075073 -0.0 0.997178 
0.935134 -0.288042 -0.360894 -0.99719 0.0 -0.0749068 
-0.166006 0.252382 0.354632 -0.0 1.0 0.0 
0.455377 0.252382 0.215735 -0.0 1.0 0.0 
-0.77338 -0.0982225 -0.360184 0.997176 -0.0 0.0751041 
0.97231 0.244179 -0.241211 0.997178 0.0 0.0750795 
-0.80682 0.185733 -0.18874 -0.997177 0.0 -0.0750905 
-0.438198 0.252382 0.0567987 0.0 1.0 0.0 
-0.799277 -0.266887 -0.493372 -0.997176 0.0 -0.0751051 
0.51386 0.126992 0.244976 0.0 -1.0 -0.0 
0.962008 -0.334744 -0.104381 0.997178 0.0 0.0750795 
-0.458421 0.126992 0.215735 0.0 -1.0 -0.0 
0.75401 0.111639 -0.387424 -0.0 -1.0 -0.0 
0.963113 0.102964 -0.258732 0.0752841 0.0 -0.997162 
-0.58006 0.126992 -0.466866 0.0 -1.0 -0.0 
-0.219323 0.113253 -0.486062 0.0750895 -0.0 -0.997177 
-0.780078 -0.420405 -0.543685 0.0751079 0.0 -0.997175 
-0.78392 0.0914084 -0.356515 -0.997178 0.0 -0.0750684 
-0.7872 -0.441709 -0.0403301 0.997177 -0.0 0.0750905 
0.3575 0.126992 0.396116 0.0 -1.0 -0.0 
0.258408 0.233606 0.442377 -0.0750902 0.0 0.997177 
-0.761918 -0.405431 -0.376068 0.997177 0.0 0.0750905 
-0.714284 0.126992 0.164562 0.0 -1.0 -0.0 
0.568792 0.252382 -0.0896807 -0.0 1.0 0.0 
0.877339 0.0734819 0.504386 -0.075073 -0.0 0.997178 
0.941482 0.116909 0.168237 0.997178 -0.0 0.0750795 
0.934442 -0.296128 -0.010887 -0.997145 -0.0 -0.0755073 
-0.833045 -0.208142 0.375581 -0.0752531 -0.0 0.997164 
-0.737746 0.0819907 -0.492596 0.997176 -0.0 0.075105 
-0.5204 0.252382 0.13542 0.0 1.0 0.0 
0.693661 -0.300352 0.0166499 -0.0 1.0 0.0 
0.109064 0.19953 0.431131 -0.0750902 0.0 0.997177 
0.321574 0.135053 -0.445331 0.0750895 -0.0 -0.997177 
-0.0797244 0.252382 -0.274627 0.0 1.0 0.0 
-0.100212 0.149805 -0.477093 0.0750895 0.0 -0.997177 
0.93389 -0.0987481 -0.00357662 -0.997242 0.0 -0.0742213 
0.976589 -0.336349 -0.29804 0.997178 0.0 0.0750795 
-0.802009 0.254939 -0.193647 0.0 1.0 -0.0 
-0.775398 -0.0871929 -0.333393 0.997176 -0.0 0.0751041 
-0.610526 -0.37734 -0.0538965 -0.0750893 -0.0 0.997177 
-0.803149 -0.41409 0.171462 0.997177 -0.0 0.0750905 
0.930551 0.25215 0.508392 -0.075073 0.0 0.997178 
0.37445 -0.327886 0.0202741 -0.0750893 0.0 0.997177 
0.935893 0.254939 0.117391 -0.0 1.0 -0.0 
-0.473042 0.252382 0.259597 -0.0 1.0 0.0 
-0.636435 0.126992 -0.186142 0.0 -1.0 -0.0 
0.472835 0.126992 0.0905532 0.0 -1.0 -0.0 
-0.686096 -0.352276 -0.0595871 -0.0750893 -0.0 0.997177 
0.938936 0.22578 0.202045 0.997178 0.0 0.0750795 
0.963034 0.170333 -0.412424 0.0750526 0.0 -0.99718 
-0.261041 0.142495 -0.489203 0.0750895 0.0 -0.997177 
0.939149 -0.2722 -0.40842 -0.728606 -0.0 -0.684933 
-0.524215 0.252382 -0.26675 0.0 1.0 0.0 
-0.502283 0.126992 0.0183545 0.0 -1.0 -0.0 
0.14103 0.126992 -0.237509 0.0 -1.0 -0.0 
0.977394 -0.414002 -0.30874 0.997178 0.0 0.0750795 
-0.444244 0.252382 -0.274913 0.0 1.0 0.0 
-0.797643 -0.361922 -0.310613 -0.997177 0.0 -0.0750905 
-0.81691 -0.435026 -0.0547493 -0.997177 0.0 -0.0750905 
0.935201 -0.464267 -0.361785 -0.997189 0.0 -0.0749304 
-0.737608 -0.30633 -0.494441 0.997178 1.35337e-06 0.0750693 
0.927998 0.127874 0.347322 0.997178 -0.0 0.0750795 
0.0606159 0.252382 0.00373376 -0.0 1.0 0.0 
0.00552647 0.252382 -0.148137 0.0 1.0 0.0 
0.806275 0.23753 0.483633 -0.0750902 0.0 0.997177 
0.965965 -0.103804 -0.350614 -0.0750659 -6.4415e-07 0.997179 
-0.784552 -0.21768 -0.211821 0.997175 -0.0 0.0751134 
0.346821 0.126992 -0.0970089 0.0 -1.0 -0.0 
0.930552 0.16692 -0.399474 0.0750895 0.0 -0.997177 
-0.786358 0.118636 -0.0515197 0.997177 -0.0 0.0750905 
0.735823 0.252382 -0.0335246 -0.0 1.0 0.0 
0.374962 0.126992 0.0256649 0.0 -1.0 -0.0 
0.944135 -0.136477 -0.00337311 0.997223 -0.0 0.0744672 
-0.736038 -0.0987481 -0.515303 0.997178 1.35337e-06 0.0750693 
-0.840706 -0.3586 0.261248 -0.997177 0.0 -0.0750905 
-0.278814 0.126992 0.0903669 0.0 -1.0 -0.0 
-0.861123 -0.219262 0.327938 -0.997178 0.0 -0.0750753 
0.907068 -0.398901 0.21629 -0.997176 -0.0 -0.0750992 
0.972061 0.233507 -0.237899 0.997178 0.0 0.0750795 
-0.802009 -0.120679 -0.116304 -0.997141 -0.0 -0.0755691 
-0.575387 0.252382 0.171873 0.0 1.0 0.0 
0.434856 0.126992 -0.251089 0.0 -1.0 -0.0 
