ply
format ascii 1.0
comment VCGLIB generated
element vertex 2000
property float x
property float y
property float z
property float nx
property float ny
property float nz
element face 0
property list uchar int vertex_indices
end_header
-0.00214058 0.368134 -0.362108 -0.0 -1.0 0.0 
-0.36566 0.255767 -0.316813 -0.707004 4.14014e-05 0.707209 
-0.882024 0.368134 -0.581207 0.0 -1.0 -0.0 
0.708742 0.368134 0.26365 -0.0 -1.0 0.0 
0.458033 0.337015 0.506893 -0.706808 -0.0 0.707406 
0.663074 0.368134 0.55288 -0.0 -1.0 -0.0 
-0.569574 0.368134 -0.580377 0.0 -1.0 -0.0 
-0.0600016 0.388351 -0.0864713 0.0 1.0 0.0 
-0.359217 0.203161 0.320376 -0.707107 0.0 -0.707107 
-0.044779 0.368134 0.819276 0.0 -1.0 -0.0 
-0.491864 -0.485264 -0.443018 -0.707385 -0.0 0.706828 
0.281021 -0.284225 -0.291271 0.707026 8.63504e-05 0.707188 
-0.551499 0.190168 -0.502652 -0.70715 -0.0 0.707063 
0.666102 0.368134 0.684047 0.0 -1.0 0.0 
-0.215411 -0.251079 0.205143 0.707107 -2.14643e-07 0.707107 
-0.477503 -0.594719 0.438642 -0.707124 0.000836508 -0.707089 
-0.37991 0.388351 -0.0254526 -0.0 1.0 -0.0 
0.0389456 0.372535 0.973888 -0.00173204 -0.0 0.999998 
-0.0820357 0.243142 -0.0331921 -0.707107 0.0 0.707107 
-0.303564 0.368134 0.354985 0.0 -1.0 -0.0 
0.214006 0.368134 -0.314811 -0.0 -1.0 0.0 
-0.592794 0.388351 -0.383313 -0.0 1.0 -0.0 
-0.843968 0.388351 0.606159 0.0 1.0 0.0 
0.290663 0.368134 -0.65214 -0.0 -1.0 0.0 
-0.510916 0.0352678 -0.490662 0.707107 0.0 -0.707107 
-0.524292 0.388351 0.446321 0.0 1.0 0.0 
-0.211154 0.075693 0.172314 -0.707107 -0.0 -0.707107 
-0.142096 0.368134 -0.420454 -0.0 -1.0 0.0 
-0.109719 -0.187685 0.0708791 -0.707009 0.000248244 -0.707205 
-0.301541 -0.276328 0.262682 -0.707115 1.64959e-05 -0.707099 
0.602183 0.388351 -0.19303 -0.0 1.0 -0.0 
-0.021945 0.368134 0.788831 0.0 -1.0 -0.0 
0.373356 0.352169 -0.383605 0.70711 0.000135802 0.707104 
-0.792318 0.388351 0.116542 0.0 1.0 0.0 
-0.469947 -0.00042019 0.431099 -0.707115 1.64959e-05 -0.707099 
0.427123 0.380146 -0.963765 0.0 -0.0 -1.0 
-0.184967 0.388351 0.697965 -0.0 1.0 0.0 
-0.592212 -0.00535615 -0.543346 -0.706653 0.0 0.70756 
-0.541963 -0.314446 -0.521704 0.706801 -0.0 -0.707413 
0.586961 0.388351 0.0657551 0.0 1.0 0.0 
-0.288341 0.368134 0.659438 0.0 -1.0 -0.0 
-0.851579 0.368134 0.202759 0.0 -1.0 -0.0 
0.00748858 0.388351 -0.412104 0.0 1.0 -0.0 
0.254938 0.388351 0.31071 0.0 1.0 -0.0 
-0.0523903 0.388351 -0.88566 0.0 1.0 0.0 
0.0424406 0.388351 0.841198 -0.0 1.0 0.0 
-0.805911 0.388351 -0.809547 -0.0 1.0 0.0 
0.548904 0.368134 -0.855215 -0.0 -1.0 0.0 
0.899025 0.368134 0.134257 -0.0 -1.0 0.0 
-0.500459 -0.0479474 0.461616 -0.707198 -7.20497e-05 -0.707016 
0.713639 0.388351 -0.23018 0.0 1.0 0.0 
-0.852903 0.368134 -0.443675 0.0 -1.0 -0.0 
0.68956 0.368134 -0.569971 -0.0 -1.0 0.0 
0.918057 0.388351 0.646568 0.0 1.0 0.0 
-0.388513 -0.458377 -0.33967 -0.707107 9.04312e-09 0.707107 
-0.390473 0.368134 -0.186408 0.0 -1.0 -0.0 
-0.0493619 0.388351 0.507874 -0.0 1.0 -0.0 
0.159947 0.0452477 -0.170196 0.707107 -0.0 0.707107 
0.548672 0.368134 -0.0266123 -0.0 -1.0 0.0 
0.153115 0.388351 0.393042 -0.0 1.0 -0.0 
0.602183 0.368134 0.735551 0.0 -1.0 -0.0 
-0.28073 0.368134 -0.748656 -0.0 -1.0 0.0 
0.685908 0.368134 -0.330034 -0.0 -1.0 0.0 
-0.676519 0.368134 -0.946551 -0.0 -1.0 0.0 
-0.889405 0.368134 0.95941 0.0 -1.0 0.0 
0.472791 0.388351 -0.25392 -0.0 1.0 -0.0 
0.0502047 0.388351 -0.833216 0.0 1.0 0.0 
-0.516681 0.388351 -0.611653 -0.0 1.0 0.0 
0.462959 -0.22038 -0.501813 -0.707135 0.0 -0.707079 
0.199259 0.312045 -0.23812 -0.707107 -1.02331e-06 -0.707107 
0.365572 -0.237619 -0.404419 -0.707135 0.0 -0.707079 
-0.467827 0.388351 0.0443997 -0.0 1.0 -0.0 
-0.405715 0.017547 -0.38544 0.707107 2.58924e-08 -0.707107 
-0.764052 0.368134 -0.440772 0.0 -1.0 -0.0 
0.450202 0.340152 -0.489056 -0.707119 -0.000585477 -0.707094 
0.845357 0.368134 0.509048 -0.0 -1.0 0.0 
-0.044779 -0.240234 -0.0103581 0.0599562 -0.9964 0.059944 
0.838134 0.368134 0.0124759 -0.0 -1.0 0.0 
-0.138367 0.388351 0.857764 0.0 1.0 -0.0 
0.389066 0.368134 0.887778 0.0 -1.0 -0.0 
0.891414 0.368134 -0.695377 0.0 -1.0 0.0 
0.00681673 0.13065 -0.0456775 -0.707107 -0.0 -0.707107 
-0.326398 0.388351 0.316929 -0.0 1.0 -0.0 
0.360872 0.388351 -0.800022 0.0 1.0 0.0 
0.252063 0.388351 0.834499 -0.0 1.0 0.0 
0.373844 0.0680817 0.42269 -0.707107 -0.0 0.707107 
-0.954024 0.388351 -0.487321 0.0 1.0 -0.0 
0.937163 0.388351 0.415485 0.0 1.0 0.0 
-0.303564 0.388351 0.61377 -0.0 1.0 0.0 
-0.97336 0.368134 0.499601 -0.0 -1.0 -0.0 
-0.663394 0.388351 0.375588 0.0 1.0 0.0 
-0.24724 -0.242049 0.208391 -0.707036 0.00012692 -0.707177 
-0.0871658 0.211121 -0.0383221 -0.707107 0.0 0.707107 
0.500247 -0.492201 -0.539105 -0.707134 1.49943e-05 -0.707079 
0.449957 -0.274428 -0.488811 -0.707135 0.0 -0.707079 
-0.7476 0.375594 0.973769 0.0 0.0 1.0 
-0.525922 0.388351 0.222962 0.0 1.0 0.0 
0.28934 0.197474 -0.299588 0.707107 -0.0 0.707107 
0.231171 0.388351 0.578494 -0.0 1.0 -0.0 
-0.859191 0.368134 0.240816 0.0 -1.0 -0.0 
0.506421 0.368134 -0.256341 0.0 -1.0 0.0 
0.479346 -0.0993674 0.499601 0.707108 -0.0 -0.707106 
-0.690734 0.368134 -0.118628 0.0 -1.0 -0.0 
0.723965 0.368134 0.712718 -0.0 -1.0 -0.0 
0.203668 -0.155148 0.252512 -0.70711 -2.36567e-06 0.707104 
-0.000165634 0.357312 0.0200872 0.707131 -1.62889e-06 -0.707082 
-0.536271 -0.213864 -0.487415 -0.707331 -0.0 0.706882 
-0.272319 0.357312 -0.223475 -0.707107 0.0 0.707107 
0.0693909 0.368134 0.256038 -0.0 -1.0 0.0 
-0.560553 0.0513984 -0.540278 0.706801 0.0 -0.707413 
0.427205 0.388351 -0.920767 0.0 1.0 0.0 
0.488014 0.368134 -0.847604 -0.0 -1.0 0.0 
-0.501458 0.372535 -0.964585 0.00173669 0.0 -0.999999 
0.516534 0.147161 0.536806 0.706767 -0.0 -0.707446 
-0.0832399 -0.0085549 0.0443996 -0.707107 -0.0 -0.707107 
0.442346 0.388351 0.476767 -0.0 1.0 -0.0 
-0.273119 0.388351 -0.908494 0.0 1.0 0.0 
-0.396806 -0.121747 -0.347962 -0.707107 -0.0 0.707107 
0.00850028 0.368134 0.628993 0.0 -1.0 -0.0 
0.35784 0.349701 -0.36809 0.707094 -0.000583539 0.707119 
-0.366551 0.368134 -0.797549 0.0 -1.0 0.0 
-0.874413 0.388351 0.788831 -0.0 1.0 -0.0 
0.500675 0.368134 0.709965 0.0 -1.0 -0.0 
0.93048 0.388351 -0.743004 0.0 1.0 -0.0 
-0.768242 0.388351 0.215836 0.0 1.0 -0.0 
-0.630851 0.388351 -0.680154 -0.0 1.0 0.0 
-0.565117 -0.147955 0.554848 0.707111 -0.0 0.707103 
-0.585183 0.388351 0.0581438 0.0 1.0 0.0 
0.0313342 0.388351 0.339763 -0.0 1.0 -0.0 
0.417077 -0.305958 0.437337 0.70735 -0.0 -0.706863 
-0.920081 0.388351 -0.42137 0.0 1.0 0.0 
0.102477 -0.132984 0.151323 -0.707106 3.75391e-06 0.707108 
-0.516681 0.388351 0.400653 0.0 1.0 0.0 
-0.113281 0.388351 0.256038 -0.0 1.0 -0.0 
0.198549 0.388351 -0.298315 0.0 1.0 -0.0 
-0.668907 0.368134 -0.215864 0.0 -1.0 -0.0 
0.816309 0.388351 0.128182 0.0 1.0 0.0 
0.135484 0.388351 -0.0161426 0.0 1.0 -0.0 
-0.484207 0.173683 -0.463935 0.707351 -0.0 -0.706862 
-0.353792 -0.239832 0.314935 -0.707115 1.64959e-05 -0.707099 
0.677441 0.388351 0.31817 0.0 1.0 0.0 
-0.903277 0.371281 -0.950334 -0.382528 -0.0 -0.923944 
-0.436262 -0.220694 -0.415988 0.707147 7.11641e-06 -0.707066 
0.161891 0.368134 0.348113 -0.0 -1.0 0.0 
-0.390784 0.368134 -0.208951 -0.0 -1.0 0.0 
-0.468297 0.388351 -0.0312119 -0.0 1.0 -0.0 
-0.454783 0.368134 0.349946 0.0 -1.0 -0.0 
0.221694 0.388351 -0.366696 0.0 1.0 -0.0 
-0.254713 0.388351 0.355209 -0.0 1.0 -0.0 
-0.39705 -0.370295 -0.348206 -0.707107 -0.0 0.707107 
-0.477829 0.0224138 -0.428981 -0.706854 3.2592e-05 0.707359 
-0.203142 0.368134 0.224709 0.0 -1.0 -0.0 
0.507848 -0.384845 0.528114 0.707367 -0.0 -0.706847 
0.396678 0.368134 -0.558373 -0.0 -1.0 0.0 
-0.170022 -0.10212 0.159751 0.707109 0.0 0.707105 
0.44784 0.364923 -0.467037 0.0922639 0.991449 -0.0922827 
-0.715739 0.368134 0.545749 0.0 -1.0 -0.0 
0.199566 -0.309627 0.248428 -0.707274 -9.41988e-05 0.70694 
-0.0599219 0.388351 -0.466096 0.0 1.0 0.0 
-0.121923 0.0593101 0.0830827 -0.707107 -0.0 -0.707107 
-0.402586 0.388351 -0.714198 0.0 1.0 0.0 
0.528946 0.388351 0.42017 0.0 1.0 -0.0 
0.621835 0.388351 0.569371 0.0 1.0 0.0 
-0.936468 0.388351 0.641848 -0.0 1.0 -0.0 
0.502453 -0.205926 -0.512705 0.707075 0.0 0.707139 
-0.464063 0.138307 -0.415219 -0.707107 -0.0 0.707107 
-0.864549 0.368134 0.358588 0.0 -1.0 -0.0 
-0.158949 0.368134 -0.649709 -0.0 -1.0 0.0 
-0.2412 0.388351 -0.0975856 -0.0 1.0 -0.0 
0.437698 -0.148767 0.457969 0.706897 -0.0 -0.707316 
0.236453 0.388351 0.638107 -0.0 1.0 -0.0 
-0.64522 0.368134 -0.588714 0.0 -1.0 0.0 
0.105835 0.1382 -0.116083 0.707107 -0.0 0.707107 
0.3836 -0.346719 -0.422449 -0.707135 0.0 -0.707079 
-0.882024 0.368134 0.14948 0.0 -1.0 -0.0 
0.381455 0.388351 -0.558373 0.0 1.0 0.0 
-0.713724 0.388351 0.885633 0.0 1.0 -0.0 
-0.282362 0.368134 -0.0311259 0.0 -1.0 -0.0 
-0.539515 0.388351 0.423487 0.0 1.0 0.0 
-0.73314 0.388351 -0.037507 0.0 1.0 -0.0 
-0.558448 0.378411 0.973769 0.0 0.0 1.0 
-0.387288 0.368134 0.910612 0.0 -1.0 -0.0 
-0.821134 0.388351 -0.3072 0.0 1.0 0.0 
0.313135 -0.144969 -0.351988 -0.707188 8.62737e-05 -0.707026 
-0.955266 0.368134 -0.509448 0.0 -1.0 -0.0 
0.382462 -0.266621 0.402721 0.707098 1.55155e-05 -0.707116 
-0.180094 0.133025 -0.159831 0.707085 4.4872e-06 -0.707128 
0.0846135 0.368134 -0.862826 -0.0 -1.0 0.0 
0.792466 0.368134 -0.231086 -0.0 -1.0 0.0 
0.0736649 0.388351 -0.210082 0.0 1.0 0.0 
0.769632 0.388351 0.963891 0.0 1.0 -0.0 
-0.586246 0.142675 0.547406 -0.707107 -0.0 -0.707107 
0.531069 -0.0878563 0.579937 -0.707197 -0.0 0.707016 
-0.316071 0.388351 -0.0385758 -0.0 1.0 -0.0 
-0.533846 0.368134 -0.154007 0.0 -1.0 -0.0 
0.635968 0.388351 -0.875536 0.0 1.0 0.0 
-0.037402 0.388351 0.170259 -0.0 1.0 -0.0 
-0.539968 -0.467016 -0.491114 -0.707331 -0.0 0.706882 
0.349116 -0.100542 0.397972 -0.706857 5.87403e-05 0.707356 
-0.328698 0.0759459 -0.279852 -0.707004 4.14014e-05 0.707209 
-0.286982 -0.316826 -0.266726 0.707098 1.77426e-05 -0.707115 
-0.577572 0.368134 -0.954162 -0.0 -1.0 0.0 
-0.493847 0.368134 0.705106 0.0 -1.0 -0.0 
0.769633 0.388351 -0.763879 0.0 1.0 0.0 
0.274563 -0.143755 -0.284826 0.707101 -1.9103e-05 0.707113 
-0.467572 -0.515124 -0.418708 -0.707385 -0.0 0.706828 
-0.228619 0.388351 -0.395984 0.0 1.0 0.0 
-0.52932 0.250724 -0.480459 -0.707331 -0.0 0.706882 
-0.476835 0.388351 -0.609346 0.0 1.0 -0.0 
0.579349 0.388351 -0.139751 0.0 1.0 0.0 
0.358621 -0.266816 0.407478 -0.707417 -3.96536e-05 0.706796 
0.642185 0.388351 -0.0357965 0.0 1.0 0.0 
0.00850028 0.368134 0.568102 0.0 -1.0 -0.0 
0.182413 0.383761 0.974136 -0.00173204 0.0 0.999998 
0.456507 -0.464711 0.476767 0.706897 0.0 -0.707316 
0.0161116 0.368134 -0.48226 -0.0 -1.0 0.0 
-0.762184 0.388351 0.106161 0.0 1.0 -0.0 
-0.320109 0.388351 0.260889 -0.0 1.0 -0.0 
-0.073282 0.368134 0.0649128 -0.0 -1.0 0.0 
0.325734 -0.410854 0.374579 -0.707168 -4.4657e-06 0.707045 
0.548054 0.388351 -0.424501 0.0 1.0 0.0 
0.762021 0.368134 0.796442 -0.0 -1.0 -0.0 
-0.904858 0.388351 0.682272 -0.0 1.0 -0.0 
-0.303564 0.368134 0.621382 0.0 -1.0 -0.0 
-0.390785 0.388351 0.386201 -0.0 1.0 0.0 
0.456634 0.0125815 -0.466885 0.7072 -9.91361e-05 0.707014 
0.449387 -0.40567 0.498253 -0.707351 0.0 0.706863 
0.470254 -0.185894 -0.509109 -0.707135 0.0 -0.707079 
0.44432 -0.155637 -0.454578 0.707075 0.0 0.707139 
0.506749 0.324757 0.527014 0.707367 -0.0 -0.706847 
-0.00777597 -0.183092 0.0124759 0.707107 0.0 -0.707107 
0.845746 0.388351 -0.763879 0.0 1.0 -0.0 
0.491976 0.368134 0.242644 -0.0 -1.0 0.0 
-0.373852 0.368134 -0.789628 0.0 -1.0 0.0 
-0.473347 -0.323428 0.463076 0.707111 -0.0 0.707103 
-0.50907 -0.312484 -0.488815 0.707351 0.0 -0.706862 
-0.554738 0.388351 -0.345256 -0.0 1.0 -0.0 
-0.98711 0.368134 -0.124309 -0.0 -1.0 -0.0 
0.290355 0.388351 -0.308536 0.0 1.0 -0.0 
0.663617 0.388351 -0.728676 0.0 1.0 0.0 
-0.0959634 0.388351 -0.135113 0.0 1.0 0.0 
0.103954 0.388351 0.34007 -0.0 1.0 -0.0 
-0.239022 0.388351 -0.0146912 -0.0 1.0 -0.0 
0.678297 0.388351 0.628993 0.0 1.0 0.0 
0.488014 -0.510379 -0.526872 -0.707134 1.49943e-05 -0.707079 
0.235875 -0.269257 -0.274725 -0.707188 8.62737e-05 -0.707026 
0.792466 0.388351 -0.413758 0.0 1.0 0.0 
0.764897 0.368134 -0.114274 0.0 -1.0 0.0 
0.4566 -0.465364 0.47686 0.706897 -0.0 -0.707316 
-0.904858 0.368134 0.332151 -0.0 -1.0 -0.0 
-0.510235 0.368134 -0.63779 -0.0 -1.0 0.0 
0.397533 0.388351 0.771213 -0.0 1.0 0.0 
-0.157892 -0.205926 0.119034 -0.707185 -0.000141493 -0.707028 
-0.236381 0.388351 -0.368148 0.0 1.0 -0.0 
0.518459 0.388351 -0.664932 0.0 1.0 0.0 
0.208292 0.285418 0.257137 -0.70711 -2.37537e-06 0.707104 
-0.535399 0.368134 -0.266722 0.0 -1.0 -0.0 
0.507197 0.388351 0.587949 0.0 1.0 -0.0 
-0.242673 0.368134 0.377819 0.0 -1.0 -0.0 
-0.188696 0.368134 -0.260655 0.0 -1.0 0.0 
0.115059 0.368134 -0.916106 -0.0 -1.0 0.0 
-0.994563 0.368134 0.455363 -0.0 -1.0 -0.0 
0.297653 0.388351 0.963102 -0.0 1.0 0.0 
-0.277798 -0.145343 -0.257538 0.707098 1.77426e-05 -0.707115 
-0.0209299 0.221143 0.0279169 -0.707236 -0.0 0.706978 
-0.594645 -0.274428 -0.573596 -0.707611 -0.0 -0.706602 
-0.356843 0.368134 0.545268 0.0 -1.0 -0.0 
0.379417 -0.193646 0.428263 -0.707107 -0.0 0.707107 
0.472531 -0.086548 0.492786 0.707108 -0.0 -0.707106 
0.183561 0.11375 -0.222421 -0.707107 -0.0 -0.707107 
0.312953 0.388351 -0.748656 0.0 1.0 0.0 
-0.220943 -0.137812 0.210688 0.707028 -0.000141374 0.707185 
-0.882261 0.388351 0.749534 -0.0 1.0 -0.0 
0.180219 0.388351 -0.402374 0.0 1.0 -0.0 
0.32981 0.388351 -0.678559 0.0 1.0 0.0 
-0.482273 0.368134 0.631835 0.0 -1.0 -0.0 
-0.565965 -0.550159 0.527122 -0.707107 -0.000430229 -0.707107 
-0.402511 0.368134 0.903001 0.0 -1.0 -0.0 
-0.474355 0.388351 -0.140886 -0.0 1.0 -0.0 
-0.116776 0.388351 0.810967 -0.0 1.0 0.0 
0.617487 0.388351 -0.219357 -0.0 1.0 -0.0 
-0.515852 -0.283757 -0.466993 -0.706863 0.0 0.707351 
0.562188 0.368134 -0.589748 -0.0 -1.0 0.0 
0.681638 0.368134 0.211716 -0.0 -1.0 0.0 
0.323355 0.248458 0.34363 0.707107 4.47134e-08 -0.707106 
-0.722187 0.368134 0.781219 0.0 -1.0 -0.0 
0.206395 0.368134 0.26365 -0.0 -1.0 0.0 
0.111 0.332982 0.131261 0.707131 -1.62889e-06 -0.707082 
-0.469805 -0.188262 0.430965 -0.707107 -0.0 -0.707107 
-0.354437 0.368134 -0.604076 -0.0 -1.0 0.0 
0.725752 0.368134 0.306187 -0.0 -1.0 0.0 
0.697481 0.388351 0.0559905 0.0 1.0 0.0 
-0.257896 0.388351 0.514823 -0.0 1.0 0.0 
0.366932 0.368134 -0.26555 -0.0 -1.0 0.0 
0.830523 0.388351 -0.748656 0.0 1.0 -0.0 
0.448172 0.368134 -0.247532 -0.0 -1.0 0.0 
-0.539515 -0.0841447 0.529245 0.707111 -0.0 0.707103 
-0.303953 0.368134 0.0499242 0.0 -1.0 -0.0 
-0.257896 0.388351 -0.82477 0.0 1.0 0.0 
0.0146369 0.368134 0.276398 0.0 -1.0 -0.0 
0.107447 0.388351 0.628993 -0.0 1.0 0.0 
-0.572213 0.368134 -0.667919 -0.0 -1.0 0.0 
-0.988354 0.388351 -0.742634 0.0 1.0 0.0 
0.104421 0.388351 -0.363917 0.0 1.0 0.0 
-0.236082 0.0569374 0.197242 -0.707107 -0.0 -0.707107 
-0.044779 0.368134 0.233204 0.0 -1.0 -0.0 
0.370876 -0.28173 0.419732 -0.706857 5.87403e-05 0.707356 
-0.447327 0.388351 0.0949243 -0.0 1.0 -0.0 
-0.927692 0.368134 -0.0636374 0.0 -1.0 -0.0 
0.221617 0.388351 0.370208 -0.0 1.0 -0.0 
-0.413536 -0.208777 -0.393261 0.707107 2.58924e-08 -0.707107 
0.52607 0.388351 -0.246309 -0.0 1.0 -0.0 
0.716353 0.368134 -0.116917 -0.0 -1.0 0.0 
-0.638462 0.388351 0.423487 0.0 1.0 0.0 
0.75441 0.388351 0.55288 0.0 1.0 0.0 
0.290796 0.291058 -0.329657 -0.707107 -1.03046e-06 -0.707107 
-0.637455 0.388351 -0.389595 -0.0 1.0 -0.0 
0.145504 0.0300251 0.194348 -0.70711 -2.36567e-06 0.707104 
-0.375747 -0.483873 0.336907 -0.707075 -3.31086e-05 -0.707138 
0.396138 -0.512399 0.416393 0.706797 -3.73549e-05 -0.707417 
0.388746 -0.427929 -0.427595 -0.707135 0.0 -0.707079 
-0.638228 0.388351 0.312611 0.0 1.0 -0.0 
0.348157 0.0476558 0.368426 0.706797 -3.73549e-05 -0.707417 
0.889161 0.388351 0.883739 0.0 1.0 0.0 
-0.4563 -0.459217 0.446039 0.707111 0.000347037 0.707103 
0.646842 0.368134 -0.559044 -0.0 -1.0 0.0 
0.168338 0.388351 -0.00274678 0.0 1.0 0.0 
-1.0 0.384782 0.171027 -1.0 0.0 0.0 
-0.429703 -0.10611 -0.409427 0.707106 -6.76141e-08 -0.707107 
-0.154781 0.321858 0.115941 -0.707107 0.0 -0.707107 
-0.111029 0.368134 0.0237557 -0.0 -1.0 0.0 
-0.897247 0.388351 -0.139751 0.0 1.0 0.0 
-0.882024 0.388351 -0.931328 -0.0 1.0 0.0 
0.222782 0.388351 0.903335 -0.0 1.0 0.0 
-0.84591 0.388351 -0.524921 -0.0 1.0 -0.0 
-0.485443 -0.358152 -0.436592 -0.707385 -0.0 0.706828 
-0.235062 0.388351 -0.345256 -0.0 1.0 0.0 
0.800078 0.388351 -0.200641 0.0 1.0 0.0 
0.175151 -0.266816 -0.185419 0.707101 -1.9103e-05 0.707113 
-0.546856 -0.127097 0.508016 -0.707107 -0.0 -0.707107 
-0.51698 -0.495163 -0.496725 0.707107 0.0 -0.707107 
0.235768 -0.0841447 0.256038 0.707131 -1.62889e-06 -0.707082 
0.427123 0.128972 0.475974 -0.707351 -0.0 0.706863 
0.442346 0.388351 -0.649709 0.0 1.0 0.0 
0.455171 -0.240856 0.504034 -0.706808 0.0 0.707406 
0.312953 0.388351 0.461544 -0.0 1.0 -0.0 
0.548904 0.388351 0.347374 0.0 1.0 0.0 
-0.364455 0.368134 0.0962004 0.0 -1.0 -0.0 
0.930791 0.388351 -0.766039 0.0 1.0 -0.0 
-0.774147 0.368134 -0.26186 0.0 -1.0 -0.0 
-0.471013 0.388351 0.507212 0.0 1.0 -0.0 
-0.486236 0.388351 -0.0940827 -0.0 1.0 -0.0 
-0.554738 0.388351 -0.116917 -0.0 1.0 -0.0 
-0.995322 0.376549 0.849192 -0.99142 0.0 0.130712 
0.221479 -0.144076 0.241749 0.707131 -1.62889e-06 -0.707082 
0.175949 0.368134 -0.543151 -0.0 -1.0 0.0 
-0.0600016 0.368134 -0.337645 -0.0 -1.0 0.0 
0.899025 0.388351 0.651827 0.0 1.0 0.0 
-0.44738 -0.282039 -0.398536 -0.707067 6.90327e-06 0.707146 
-0.106834 0.368134 -0.214522 -0.0 -1.0 0.0 
-0.333678 -0.143756 -0.284823 -0.707241 -9.00873e-06 0.706973 
0.281433 0.273587 0.301706 0.707131 -1.62889e-06 -0.707082 
-0.0523903 0.388351 0.545268 -0.0 1.0 0.0 
0.206395 0.368134 0.119034 -0.0 -1.0 -0.0 
0.274016 -0.151087 0.294289 0.707131 -1.64586e-06 -0.707082 
-0.242673 0.0224138 -0.222402 0.707013 -5.92363e-05 -0.7072 
0.520681 -0.230606 0.540948 0.706767 -0.0 -0.707446 
0.309771 0.388351 0.444708 -0.0 1.0 -0.0 
-0.112422 -0.146499 0.0735817 -0.707107 -0.0 -0.707107 
-0.326398 0.368134 0.256038 0.0 -1.0 -0.0 
-0.335952 0.368134 -0.176309 0.0 -1.0 -0.0 
-0.411136 0.388351 -0.679284 0.0 1.0 -0.0 
0.590925 0.368134 0.702013 0.0 -1.0 -0.0 
-0.0904469 -0.129813 -0.0701917 0.707085 4.4872e-06 -0.707128 
0.132843 0.388351 0.289117 0.0 1.0 -0.0 
-0.391717 0.388351 0.627284 0.0 1.0 -0.0 
-0.729798 0.388351 -0.291977 0.0 1.0 0.0 
0.419512 0.388351 0.712718 -0.0 1.0 -0.0 
-0.629376 0.368134 -0.512412 -0.0 -1.0 0.0 
0.343398 0.368134 -0.428981 -0.0 -1.0 0.0 
0.207561 0.368134 0.558031 0.0 -1.0 -0.0 
-0.50907 0.368134 0.278872 0.0 -1.0 -0.0 
0.404289 0.368134 0.712718 0.0 -1.0 -0.0 
0.488014 0.368134 0.659438 0.0 -1.0 -0.0 
-0.116621 0.368134 -0.112343 0.0 -1.0 -0.0 
0.345653 0.388351 0.30211 0.0 1.0 0.0 
0.860968 0.368134 -0.93894 -0.0 -1.0 0.0 
-0.269159 0.388351 0.898085 0.0 1.0 -0.0 
0.471972 0.120272 -0.482224 0.707101 -1.9103e-05 0.707113 
0.10606 -0.204821 0.126329 0.70697 -7.91734e-05 -0.707243 
0.784855 0.368134 0.309317 -0.0 -1.0 0.0 
0.440094 0.368134 -0.386777 0.0 -1.0 0.0 
-0.585183 0.0300251 0.574914 0.707111 -0.0 0.707103 
0.512482 0.388351 -0.774606 0.0 1.0 0.0 
0.500485 -0.162377 -0.539343 -0.707135 0.0 -0.707079 
0.519586 0.298701 0.556483 0.560929 0.608866 0.560929 
0.130281 0.265976 0.179126 -0.70711 -2.36567e-06 0.707104 
-0.144982 -0.18816 -0.124719 0.707013 -5.92896e-05 -0.7072 
-0.620369 0.368134 -0.658855 0.0 -1.0 0.0 
-0.18714 0.388351 0.0892714 -0.0 1.0 -0.0 
0.419512 -0.221149 0.468358 -0.707107 -0.0 0.707107 
-0.996194 0.388351 0.119034 -0.0 1.0 -0.0 
-0.615628 0.368134 -0.139751 0.0 -1.0 -0.0 
-0.349929 0.368134 0.91525 0.0 -1.0 -0.0 
0.328176 0.368134 -0.588819 -0.0 -1.0 0.0 
0.457568 0.388351 0.514823 0.0 1.0 0.0 
0.533682 0.388351 0.636604 0.0 1.0 -0.0 
-0.630851 0.388351 0.712718 0.0 1.0 -0.0 
-0.000584535 0.388351 -0.10523 -0.0 1.0 0.0 
-0.470232 -0.457099 -0.42137 -0.707385 0.0 0.706828 
0.168338 0.388351 0.0124759 0.0 1.0 0.0 
-0.160922 -0.130186 0.150651 0.707109 0.0 0.707105 
0.287451 -0.345928 0.307726 0.707131 -1.62889e-06 -0.707082 
-0.79434 0.368134 0.167889 0.0 -1.0 -0.0 
0.350001 -0.0481883 0.398852 -0.706857 5.87403e-05 0.707356 
0.229229 0.364923 0.278075 -0.70711 -2.36567e-06 0.707104 
0.8153 0.388351 0.187536 0.0 1.0 0.0 
-0.729798 0.388351 -0.763879 -0.0 1.0 0.0 
-0.426973 0.388351 -0.836034 0.0 1.0 0.0 
0.225145 -0.194644 -0.263989 -0.707113 -1.91298e-05 -0.707101 
-0.226651 -0.297262 -0.177807 -0.707107 -2.62871e-08 0.707107 
-0.237008 0.388351 -0.885848 0.0 1.0 0.0 
-0.593437 -0.402561 0.554597 -0.707107 -0.0 -0.707107 
-0.533382 0.388351 -0.251819 -0.0 1.0 -0.0 
-0.68413 0.388351 0.423487 0.0 1.0 0.0 
0.439451 -0.220802 -0.44971 0.707075 0.0 0.707139 
0.459354 0.368134 0.51178 -0.0 -1.0 -0.0 
-0.349232 0.00719114 0.338964 0.707219 0.000279579 0.706995 
0.0349413 0.196267 -0.0451896 0.707107 -0.0 0.707107 
-0.988583 0.388351 -0.604041 -0.0 1.0 -0.0 
-0.248918 -0.242063 0.238649 0.707107 -2.14643e-07 0.707107 
-0.410122 -0.479934 -0.389848 0.707147 7.10953e-06 -0.707066 
-0.129259 0.373258 -0.963939 0.00173669 0.0 -0.999999 
0.17517 0.0833044 -0.185419 0.707107 -0.0 0.707107 
-0.717603 0.368134 0.681007 0.0 -1.0 -0.0 
0.387078 -0.143909 -0.397333 0.7072 -9.91361e-05 0.707014 
-0.349232 0.388351 -0.855215 0.0 1.0 0.0 
-0.410911 0.280886 -0.390635 0.707107 2.58924e-08 -0.707107 
0.768001 0.388351 0.887302 0.0 1.0 0.0 
-0.6048 -0.40852 0.56596 -0.707107 -0.0 -0.707107 
-0.503188 0.1315 0.464348 -0.707107 -0.0 -0.707107 
0.469994 -0.579119 -0.480247 0.707044 -3.6118e-05 0.70717 
0.689091 0.388351 0.0220707 0.0 1.0 0.0 
-0.897247 0.388351 0.187536 0.0 1.0 0.0 
-0.538726 0.235531 -0.489871 -0.707331 -0.0 0.706882 
-0.866802 0.388351 -0.588819 -0.0 1.0 -0.0 
0.00640262 0.368134 -0.446331 -0.0 -1.0 0.0 
-0.977166 0.368134 0.291481 -0.0 -1.0 -0.0 
-0.318787 0.00719114 0.308516 0.707109 0.0 0.707105 
0.00850028 0.388351 0.453933 -0.0 1.0 -0.0 
-0.598135 -0.305378 0.559295 -0.707107 -0.0 -0.707107 
-0.10567 -0.236371 0.0954205 0.707028 -0.000141374 0.707185 
-0.764051 0.388351 0.601654 0.0 1.0 -0.0 
-0.466581 -0.0887073 0.427734 -0.707198 -7.20497e-05 -0.707016 
-0.630851 0.388351 -0.505094 -0.0 1.0 -0.0 
-0.564448 0.368134 0.371821 0.0 -1.0 -0.0 
0.34208 0.388351 0.592128 -0.0 1.0 -0.0 
-0.996219 0.372535 -0.832381 -0.991422 0.0 -0.130703 
-0.0334161 -0.058865 -0.0131613 0.707107 0.0 -0.707107 
0.0465569 -0.236371 0.0954192 -0.706993 5.05234e-05 0.707221 
-0.615628 0.388351 0.880167 0.0 1.0 -0.0 
-0.0748389 0.388351 -0.56951 0.0 1.0 0.0 
-0.668907 0.368134 -0.223475 0.0 -1.0 -0.0 
-0.314999 -0.160527 0.276152 -0.707036 0.00012692 -0.707177 
0.0610002 0.106138 -0.0712487 0.707107 -0.0 0.707107 
0.845746 0.368134 -0.48226 0.0 -1.0 0.0 
-0.40144 -0.472322 0.362597 -0.707075 -3.30733e-05 -0.707138 
-0.371078 -0.0506367 0.332236 -0.707185 -0.000141493 -0.707028 
-0.594903 0.0680817 0.583325 -0.707179 -0.0 0.707034 
0.708742 0.368134 0.61377 -0.0 -1.0 -0.0 
0.905783 0.368134 -0.124433 -0.0 -1.0 0.0 
-0.396688 0.368134 -0.766778 0.0 -1.0 0.0 
-0.223479 -0.032021 -0.203208 0.707013 -5.92896e-05 -0.7072 
0.349536 0.388351 0.0346356 0.0 1.0 0.0 
-0.942915 0.388351 0.857333 -0.0 1.0 -0.0 
0.154594 0.388351 -0.488468 0.0 1.0 0.0 
-0.313428 0.388351 0.510113 -0.0 1.0 0.0 
-0.334009 0.388351 -0.695377 0.0 1.0 0.0 
0.899025 0.388351 0.705106 0.0 1.0 0.0 
-0.338903 0.368134 0.154111 0.0 -1.0 -0.0 
0.510848 0.388351 0.788831 -0.0 1.0 -0.0 
0.396678 0.368134 0.659438 0.0 -1.0 -0.0 
-0.283201 -0.225041 0.272932 0.707107 -2.14643e-07 0.707107 
0.8153 0.368134 -0.702989 0.0 -1.0 0.0 
0.806056 0.388351 -0.226424 0.0 1.0 0.0 
0.189822 -0.317614 -0.228667 -0.707188 8.62737e-05 -0.707026 
0.593255 0.388351 0.180897 0.0 1.0 -0.0 
0.465103 -0.481241 0.485357 0.707108 -0.0 -0.707106 
0.906636 0.368134 0.0885891 -0.0 -1.0 0.0 
0.524668 0.025508 -0.534918 0.707075 0.0 0.707139 
0.0803172 -0.106952 0.100583 0.707215 2.25944e-05 -0.706998 
-0.866802 0.388351 -0.794324 -0.0 1.0 0.0 
0.337161 -0.40518 0.386007 -0.707061 3.32728e-06 0.707153 
-0.113281 0.0833044 0.103009 0.707109 0.0 0.707105 
-0.212228 0.128972 -0.191964 0.707085 4.4872e-06 -0.707128 
-0.889403 0.388351 -0.454362 0.0 1.0 -0.0 
-0.540525 0.368134 -0.089419 0.0 -1.0 -0.0 
-0.0600016 0.368134 -0.878049 -0.0 -1.0 0.0 
0.735609 0.385382 -0.963766 0.0 0.0 -1.0 
-0.139768 0.388351 -0.47837 0.0 1.0 0.0 
0.443113 0.282778 -0.481974 -0.707107 1.14001e-06 -0.707107 
-0.531373 -0.443905 -0.482513 -0.707331 -0.0 0.706882 
0.135022 0.388351 -0.841198 0.0 1.0 0.0 
0.198783 0.388351 -0.474649 0.0 1.0 0.0 
-0.128504 0.388351 -0.0712487 0.0 1.0 0.0 
-0.693376 0.388351 -0.0739475 0.0 1.0 0.0 
0.0133918 0.368134 0.557817 0.0 -1.0 -0.0 
0.931199 0.387757 0.864944 0.923821 0.0 0.382824 
-0.0346033 0.368134 -0.900576 -0.0 -1.0 0.0 
-0.554738 0.388351 -0.870438 0.0 1.0 0.0 
0.701131 0.388351 -0.527928 0.0 1.0 0.0 
0.267285 0.368134 0.941057 0.0 -1.0 -0.0 
-0.0235763 0.388351 0.792949 -0.0 1.0 0.0 
-0.0295563 0.388351 -0.109305 0.0 1.0 0.0 
0.440406 0.368134 0.328362 -0.0 -1.0 -0.0 
-0.38737 0.388351 -0.793737 0.0 1.0 0.0 
0.469141 0.388351 0.509449 -0.0 1.0 -0.0 
-0.271983 -0.11628 0.261721 0.707028 -0.000141374 0.707185 
0.211428 -0.138883 0.260272 -0.70711 -2.37537e-06 0.707104 
0.373844 0.372535 0.974468 -0.00173204 -0.0 0.999998 
-0.409323 -0.282039 -0.360479 -0.707107 -0.0 0.707107 
-0.965749 0.368134 0.0276985 -0.0 -1.0 -0.0 
0.242133 0.107084 0.262404 0.707131 -1.62889e-06 -0.707082 
0.209104 -0.14174 -0.219362 0.707181 -0.000164038 0.707032 
0.0520734 0.388351 -0.129032 0.0 1.0 0.0 
-0.594903 0.11375 0.583325 -0.707179 -0.0 0.707034 
-0.241606 0.364923 0.202759 -0.707086 -0.000965826 -0.707127 
-0.24881 -0.272405 -0.199967 -0.707107 -2.62871e-08 0.707107 
-0.589737 0.0757978 0.579468 0.707111 -0.0 0.707103 
0.617406 0.368134 0.819276 0.0 -1.0 -0.0 
-0.0220197 0.388351 -0.56217 0.0 1.0 0.0 
0.0399567 0.368134 -0.864602 0.0 -1.0 0.0 
-0.157008 0.368134 -0.413259 -0.0 -1.0 0.0 
0.454184 -0.202184 0.474445 0.706897 -0.0 -0.707316 
0.503683 -0.0631439 -0.513936 0.707075 0.0 0.707139 
0.267832 0.388351 -0.401543 0.0 1.0 0.0 
-0.416139 -0.398768 0.377299 -0.707107 -0.0 -0.707107 
0.716353 0.368134 0.431099 -0.0 -1.0 0.0 
-0.238935 -0.262065 -0.190091 -0.707107 -2.62871e-08 0.707107 
0.317263 -0.415216 0.337538 0.707107 1.58255e-08 -0.707107 
-0.421076 0.368134 -0.606253 -0.0 -1.0 0.0 
-0.722187 0.368134 0.583325 0.0 -1.0 -0.0 
-0.714575 0.368134 0.141868 0.0 -1.0 -0.0 
0.501134 -0.228485 0.54998 -0.70715 -0.0 0.707064 
0.0918253 -0.0833066 0.140671 -0.707105 3.75391e-06 0.707108 
0.457568 -0.365764 0.506429 -0.706808 0.0 0.707406 
0.609795 0.388351 -0.451815 0.0 1.0 0.0 
-0.410976 0.388351 0.874189 0.0 1.0 -0.0 
-0.929324 0.368134 -0.289573 0.0 -1.0 -0.0 
0.427123 0.388351 0.933446 -0.0 1.0 0.0 
-0.460036 -0.0957741 -0.439768 0.707358 3.25206e-05 -0.706855 
0.427123 0.368134 -0.246309 -0.0 -1.0 0.0 
0.860968 0.368134 0.225593 -0.0 -1.0 0.0 
0.305342 -0.160258 0.354187 -0.707109 -2.42468e-06 0.707104 
-0.412687 0.388351 0.534415 -0.0 1.0 0.0 
-0.447105 0.250753 0.408265 -0.707107 0.0 -0.707107 
-0.190974 0.114081 0.180703 0.707109 0.0 0.707105 
-0.410122 -0.510379 0.399854 0.707143 -3.7697e-05 0.707071 
0.212531 0.368134 0.197344 -0.0 -1.0 -0.0 
-0.348158 0.128972 0.309317 -0.707107 -0.0 -0.707107 
-0.360183 0.368134 -0.874576 0.0 -1.0 0.0 
0.236175 -0.127411 0.256445 0.707131 -1.62889e-06 -0.707082 
0.125464 0.0587244 -0.164325 -0.707107 -0.0 -0.707107 
0.594572 0.388351 -0.916106 0.0 1.0 0.0 
-0.447105 -0.358152 0.408265 -0.707107 -0.0 -0.707107 
-0.493847 -0.0689221 0.483577 0.707111 -0.0 0.707103 
0.747344 0.368134 0.387238 -0.0 -1.0 0.0 
0.594572 0.388351 0.461544 0.0 1.0 0.0 
-0.226371 -0.0421998 0.187531 -0.707107 -0.0 -0.707107 
-0.410122 -0.335318 -0.389847 0.707106 -8.45176e-08 -0.707107 
-0.0904469 0.368134 -0.588819 -0.0 -1.0 0.0 
0.274897 0.349701 -0.313753 -0.707119 -0.000585477 -0.707094 
0.750297 0.368134 -0.373116 -0.0 -1.0 0.0 
-0.606943 -0.205926 0.568102 -0.707107 -0.0 -0.707107 
-0.114289 0.388351 -0.103267 -0.0 1.0 -0.0 
-0.0450128 0.368134 -0.478738 -0.0 -1.0 0.0 
-0.74976 0.388351 0.562777 0.0 1.0 -0.0 
-0.605146 0.388351 -0.537015 -0.0 1.0 -0.0 
-0.0579054 0.388351 0.592097 -0.0 1.0 0.0 
-0.524292 0.075693 0.514028 0.70718 0.000102926 0.707034 
-0.882024 0.388351 -0.543151 0.0 1.0 0.0 
-0.132146 -0.0339224 -0.111887 0.707085 4.4872e-06 -0.707128 
0.685908 0.368134 0.0809778 -0.0 -1.0 0.0 
-0.365154 0.368134 -0.144628 0.0 -1.0 -0.0 
-0.000164708 -0.129813 0.0200872 0.707107 0.0 -0.707107 
0.92947 0.368134 -0.345256 0.0 -1.0 0.0 
0.468994 -0.165375 -0.507849 -0.707135 0.0 -0.707079 
-0.146435 0.241918 0.107595 -0.707107 0.0 -0.707107 
-0.149171 -0.261104 0.138908 0.707028 -0.000141374 0.707185 
-1.0 0.372176 0.0121609 -1.0 -0.0 -0.0 
-0.265507 0.368134 -0.132139 -0.0 -1.0 0.0 
-0.16656 0.388351 -0.702989 0.0 1.0 0.0 
0.440324 -0.351257 0.460593 0.706897 -0.0 -0.707316 
0.546291 -0.141482 -0.55654 0.707075 0.0 0.707139 
0.0846135 0.388351 0.583325 -0.0 1.0 -0.0 
-0.582221 0.0684042 0.571952 0.707111 -0.0 0.707103 
0.370956 0.168013 0.419803 -0.707107 -0.0 0.707107 
0.0946243 0.207429 0.114884 0.707131 -1.62889e-06 -0.707082 
-0.424672 -0.083855 0.385821 -0.707115 1.64959e-05 -0.707099 
0.442607 -0.0286987 0.462875 0.706897 -0.0 -0.707316 
0.168104 0.388351 -0.237854 0.0 1.0 0.0 
0.807689 0.388351 -0.733434 0.0 1.0 -0.0 
0.556515 0.368134 -0.611653 -0.0 -1.0 0.0 
0.10628 0.0754929 -0.145141 -0.707107 -0.0 -0.707107 
-0.821134 0.388351 -0.360479 0.0 1.0 0.0 
-0.089328 0.299894 0.0790566 0.707109 0.0 0.707105 
0.726996 0.388351 -0.0387659 0.0 1.0 0.0 
-0.539515 0.368134 -0.672543 -0.0 -1.0 0.0 
-0.97336 0.368134 0.0962004 -0.0 -1.0 -0.0 
0.373844 0.388351 0.0200872 0.0 1.0 0.0 
-1.0 0.37194 0.0752974 -1.0 -0.0 -0.0 
-0.28073 0.304033 -0.26046 0.707085 4.4872e-06 -0.707128 
-0.508013 0.28881 0.469155 -0.707093 -8.02807e-06 -0.70712 
-0.540567 0.241935 0.530308 0.70716 -0.000356184 0.707054 
0.28172 -0.358152 -0.291977 0.7072 -9.91361e-05 0.707014 
-0.848625 0.388155 -0.964076 -0.130767 -0.0 -0.991413 
0.457568 0.368134 -0.398536 -0.0 -1.0 0.0 
-0.301465 -0.343922 0.262605 -0.707115 1.64959e-05 -0.707099 
0.577873 0.388351 -0.961936 0.0 1.0 0.0 
-0.174171 0.388351 0.217982 -0.0 1.0 -0.0 
0.00772092 -0.0460881 -0.0179694 0.707107 -0.0 0.707107 
-0.044779 0.388351 -0.48226 0.0 1.0 0.0 
0.916955 0.372535 -0.88566 0.793282 0.0 -0.608854 
0.723965 0.368134 0.119034 -0.0 -1.0 0.0 
0.46518 0.368134 0.225593 -0.0 -1.0 0.0 
0.830523 0.368134 -0.360479 -0.0 -1.0 0.0 
0.75441 0.372535 0.975127 -0.00173204 0.0 0.999998 
0.929241 0.368134 -0.286779 0.0 -1.0 0.0 
-0.181783 0.388351 0.0809778 -0.0 1.0 -0.0 
-0.332935 0.151806 0.294095 -0.707107 0.0 -0.707107 
-0.668907 0.388351 0.0581438 0.0 1.0 0.0 
0.150864 0.368134 -0.330488 -0.0 -1.0 0.0 
0.354191 -0.124141 0.374463 0.706797 -3.73549e-05 -0.707417 
0.4119 0.368134 -0.398536 -0.0 -1.0 0.0 
-0.472843 -0.381681 -0.452573 0.706828 -0.0 -0.707385 
-0.494574 -0.344937 0.484304 0.707111 -0.0 0.707103 
0.497362 0.022876 -0.53622 -0.707135 0.0 -0.707079 
0.0750819 -0.105681 -0.0853303 0.707107 -0.0 0.707107 
0.107369 0.368134 0.236657 -0.0 -1.0 0.0 
-0.485229 0.388351 -0.128603 -0.0 1.0 -0.0 
0.0655863 0.368134 -0.611935 0.0 -1.0 0.0 
0.760701 0.388351 0.8678 0.0 1.0 -0.0 
-0.364455 -0.0613108 -0.344179 0.707107 2.37382e-08 -0.707107 
-0.227451 0.159418 -0.207185 0.707085 4.4872e-06 -0.707128 
-0.021945 0.388351 -0.82477 0.0 1.0 0.0 
-0.402511 0.368134 0.880167 0.0 -1.0 -0.0 
-0.760243 0.368134 0.00486454 0.0 -1.0 -0.0 
-0.553263 0.368134 -0.361259 0.0 -1.0 0.0 
0.355128 0.388351 0.649594 -0.0 1.0 -0.0 
0.701131 0.388351 -0.839992 0.0 1.0 0.0 
0.939804 0.388351 0.0620281 0.0 1.0 0.0 
0.328053 0.345641 0.348327 0.707098 1.55155e-05 -0.707116 
-0.332433 -0.272514 0.32218 0.70718 0.000102926 0.707034 
-0.0369588 -0.0301792 -0.016704 0.707107 0.0 -0.707107 
0.279217 -0.164921 0.328062 -0.70711 -2.36567e-06 0.707104 
-0.10567 0.372535 0.973769 0.0 0.0 1.0 
-0.044779 0.368134 0.0581438 0.0 -1.0 -0.0 
-0.0752243 0.388351 0.134257 -0.0 1.0 -0.0 
0.527244 0.131235 0.547506 0.706767 -0.0 -0.707446 
0.00850028 0.368134 0.849721 0.0 -1.0 -0.0 
0.410489 0.0519141 0.459336 -0.707107 -0.0 0.707107 
-0.439712 0.388351 0.436752 -0.0 1.0 0.0 
0.921859 0.388351 -0.231086 0.0 1.0 -0.0 
0.160727 0.212697 0.209572 -0.70711 -2.36567e-06 0.707104 
0.396678 0.296421 0.445524 -0.707107 -0.0 0.707107 
-0.404143 0.368134 -0.0797748 0.0 -1.0 -0.0 
0.261918 -0.225227 0.282191 0.707131 -1.62889e-06 -0.707082 
-0.653685 0.368134 -0.0864713 0.0 -1.0 -0.0 
-0.128504 0.388351 -0.0940827 -0.0 1.0 0.0 
-0.0600016 0.368134 0.545268 0.0 -1.0 -0.0 
0.183561 0.388351 -0.695377 0.0 1.0 0.0 
0.43746 -0.589388 0.457731 0.706897 -0.0 -0.707316 
0.724197 0.388351 0.770288 0.0 1.0 0.0 
-0.566521 0.285311 0.556273 0.707123 -9.21636e-06 0.707091 
0.937625 0.388351 0.662609 0.0 1.0 0.0 
0.127101 0.388351 -0.879349 0.0 1.0 0.0 
-0.719626 0.368134 -0.0639102 0.0 -1.0 -0.0 
0.281433 -0.0460881 0.301706 0.707131 -1.62889e-06 -0.707082 
-0.606943 0.11375 0.568102 -0.707107 -0.0 -0.707107 
0.489281 -0.463033 0.538126 -0.707149 -0.0 0.707064 
-0.570187 -0.447858 0.531343 -0.707107 0.00034428 -0.707107 
-0.28073 0.368134 0.514823 0.0 -1.0 -0.0 
-0.200013 0.0361583 -0.17975 0.707085 4.4872e-06 -0.707128 
0.12267 0.388351 -0.177807 0.0 1.0 0.0 
-0.39622 0.388351 0.412952 -0.0 1.0 0.0 
0.42094 -0.00986943 -0.459801 -0.707025 -8.67877e-05 -0.707188 
0.440899 0.0480472 -0.451153 0.707026 8.64015e-05 0.707188 
0.276656 -0.24142 -0.315512 -0.707188 8.62737e-05 -0.707026 
0.8153 0.368134 0.134257 -0.0 -1.0 0.0 
-0.311175 0.388351 0.141868 -0.0 1.0 -0.0 
-0.592794 -0.396209 -0.572539 0.707096 -0.0 -0.707118 
-0.343971 -0.335408 0.33371 0.707004 -8.45267e-05 0.70721 
0.696547 0.368134 0.69621 0.0 -1.0 0.0 
0.059211 -0.1664 -0.0694593 0.707107 -0.0 0.707107 
-0.0839752 0.0715436 0.0451347 -0.707107 -0.0 -0.707107 
-0.257105 0.0909157 -0.208252 -0.707001 0.000117059 0.707213 
-0.465028 -0.376663 -0.41617 -0.706854 3.2592e-05 0.707359 
-0.592794 -0.502768 -0.555731 -0.653319 -0.382549 -0.653322 
-0.850413 0.388351 0.295104 0.0 1.0 -0.0 
-0.646073 0.388351 -0.88566 0.0 1.0 0.0 
0.245061 -0.0977749 -0.283912 -0.707033 -0.000164098 -0.707181 
0.135022 0.388351 -0.701205 0.0 1.0 0.0 
0.133867 -0.180403 0.182715 -0.707274 -9.41988e-05 0.70694 
0.114826 0.388351 0.95704 -0.0 1.0 0.0 
0.940504 0.368885 -0.0058493 1.0 0.0 -0.000104586 
0.940435 0.371074 -0.661636 1.0 0.0 -0.000104586 
-0.348174 -0.243982 0.309317 -0.707115 1.64959e-05 -0.707099 
-0.637301 0.388351 -0.950128 0.0 1.0 0.0 
-0.311175 0.388351 0.750774 0.0 1.0 -0.0 
0.107447 0.388351 0.750774 -0.0 1.0 0.0 
0.0713391 0.269659 -0.0815876 0.707107 -0.0 0.707107 
0.822912 0.388351 -0.390924 0.0 1.0 0.0 
-0.425345 0.0528591 0.415083 0.707028 -0.000141613 0.707185 
0.522609 0.273803 0.571474 -0.707197 -0.0 0.707016 
0.548193 0.0633701 -0.558442 0.707075 0.0 0.707139 
-0.714575 0.368134 -0.878049 -0.0 -1.0 0.0 
0.807689 0.388351 -0.0484147 0.0 1.0 0.0 
-0.708439 0.388351 -0.767552 -0.0 1.0 0.0 
-0.68413 0.388351 -0.817158 0.0 1.0 0.0 
-0.197005 0.372535 0.973769 0.0 0.0 1.0 
0.510065 -0.282039 -0.520317 0.707075 0.0 0.707139 
-0.338747 0.388351 0.280481 -0.0 1.0 -0.0 
-0.478624 0.368134 -0.588819 -0.0 -1.0 0.0 
0.503236 0.205086 -0.542097 -0.707107 0.0 -0.707107 
-0.446471 0.138565 -0.426196 0.707107 2.58924e-08 -0.707107 
0.937082 0.388351 -0.77149 0.0 1.0 -0.0 
0.4119 0.368134 -0.680154 -0.0 -1.0 0.0 
-0.0513162 0.265976 0.0124759 -0.707107 0.0 -0.707107 
0.357875 -0.564753 -0.378857 -0.430509 -0.793347 0.430421 
0.267285 0.368134 -0.0255807 -0.0 -1.0 0.0 
0.800078 0.388351 -0.139751 0.0 1.0 0.0 
0.457568 0.368134 0.773608 0.0 -1.0 -0.0 
-0.572801 0.194835 -0.523956 -0.70715 -0.0 0.707063 
-0.143803 0.388351 0.487704 -0.0 1.0 0.0 
0.349439 -0.272199 0.398288 -0.707417 -3.96536e-05 0.706796 
0.289043 -0.0765334 0.309317 0.707131 -1.62889e-06 -0.707082 
0.580051 0.368134 0.409743 -0.0 -1.0 0.0 
-0.279722 0.368134 0.709751 0.0 -1.0 -0.0 
-1.0 0.376459 0.359676 -1.0 0.0 0.0 
-0.565573 -0.202774 -0.516728 -0.70715 -0.0 0.707063 
-0.28073 0.388351 -0.360479 0.0 1.0 0.0 
0.250432 0.368134 -0.415313 0.0 -1.0 0.0 
-0.495482 0.388351 -0.466945 0.0 1.0 -0.0 
0.107447 0.388351 0.316929 -0.0 1.0 -0.0 
0.37936 0.388351 0.00171184 0.0 1.0 -0.0 
-0.544409 0.388351 0.410111 0.0 1.0 -0.0 
0.172611 0.388351 0.847605 -0.0 1.0 0.0 
-0.275547 -0.247896 0.265278 0.70718 0.000102926 0.707034 
-0.135041 -0.129813 0.0962004 -0.707107 -0.0 -0.707107 
-0.966447 0.388351 0.114238 -0.0 1.0 -0.0 
0.303856 -0.411319 0.324131 0.707107 1.58255e-08 -0.707107 
-0.579968 0.143357 0.569699 0.707111 -0.0 0.707103 
0.290119 0.388351 0.134257 0.0 1.0 0.0 
-0.756283 0.388351 0.0790263 0.0 1.0 -0.0 
-0.630851 0.388351 -0.520317 -0.0 1.0 -0.0 
0.769633 0.368134 -0.428981 -0.0 -1.0 0.0 
0.230777 -0.326996 0.251032 0.707409 0.00021066 -0.706804 
-0.493584 0.226547 -0.444739 -0.707385 -0.0 0.706828 
-0.685453 0.368134 0.928791 0.0 -1.0 -0.0 
-0.452406 -0.203452 0.413566 -0.707107 -0.0 -0.707107 
-0.471688 -0.250194 0.461418 0.707111 -0.0 0.707103 
0.449957 0.388351 0.217982 0.0 1.0 0.0 
-0.543669 -0.487921 0.533415 0.707143 -3.7697e-05 0.707071 
-0.14797 0.315475 -0.127709 0.707085 4.4872e-06 -0.707128 
0.267285 0.368134 -0.801936 -0.0 -1.0 0.0 
-0.0143337 0.388351 0.682272 -0.0 1.0 0.0 
0.394268 0.0157134 0.443114 -0.707107 -0.0 0.707107 
0.366232 0.368134 0.849721 0.0 -1.0 -0.0 
-0.868124 0.388351 0.419956 0.0 1.0 -0.0 
0.152336 0.128972 -0.162585 0.707107 -0.0 0.707107 
-0.697102 0.368134 0.632692 0.0 -1.0 -0.0 
-0.478624 0.0833044 -0.45835 0.706828 -0.0 -0.707385 
0.541293 0.388351 -0.801936 0.0 1.0 0.0 
0.6849 0.368134 -0.224435 0.0 -1.0 0.0 
0.125546 0.388351 0.103992 0.0 1.0 0.0 
-0.104419 0.225624 0.0655791 -0.707107 0.0 -0.707107 
0.540995 0.249875 -0.551246 0.707103 -5.53151e-05 0.707111 
0.252063 0.388351 -0.763879 0.0 1.0 0.0 
0.134082 0.0808837 0.182926 -0.70711 -2.36567e-06 0.707104 
0.485293 0.388351 -0.569082 0.0 1.0 0.0 
0.35388 0.388351 -0.920125 0.0 1.0 0.0 
-0.544036 0.289372 -0.523776 0.706801 -0.0 -0.707413 
0.288953 0.368134 0.779992 0.0 -1.0 -0.0 
-0.219839 0.368134 0.111423 0.0 -1.0 -0.0 
0.510848 0.220308 -0.549708 -0.707107 -1.03046e-06 -0.707107 
0.727619 0.388351 -0.292092 0.0 1.0 0.0 
0.156658 0.231106 -0.166906 0.707107 -0.0 0.707107 
0.137113 -0.0232542 -0.147362 0.707107 -0.0 0.707107 
0.0730437 0.388351 -0.493486 0.0 1.0 0.0 
0.259674 0.368134 -0.200641 -0.0 -1.0 0.0 
0.406365 -0.186134 0.455212 -0.707107 -0.0 0.707107 
0.0465569 0.388351 0.0353098 0.0 1.0 0.0 
-0.185195 -0.0965104 0.146355 -0.707107 -0.0 -0.707107 
0.480402 0.388351 0.225593 0.0 1.0 0.0 
-0.775466 0.388351 0.408265 0.0 1.0 0.0 
-0.97336 0.368134 0.0733664 -0.0 -1.0 -0.0 
0.349152 -0.505935 0.397998 -0.707061 3.32728e-06 0.707153 
-0.39822 -0.473066 -0.349377 -0.707107 -0.0 0.707107 
0.296787 0.188204 -0.307035 0.707107 -0.0 0.707107 
0.388209 0.388351 -0.664813 0.0 1.0 0.0 
-0.440568 0.368134 0.545268 0.0 -1.0 -0.0 
0.396737 -0.268689 -0.406999 0.707075 0.0 0.707139 
-0.438545 0.172735 -0.41827 0.707107 2.58924e-08 -0.707107 
-0.248967 0.388351 -0.620213 0.0 1.0 -0.0 
0.153115 0.388351 -0.109305 0.0 1.0 0.0 
0.17416 0.388351 -0.512048 0.0 1.0 0.0 
0.900349 0.388351 -0.642081 0.0 1.0 -0.0 
0.229229 0.11375 0.278074 -0.70711 -2.36567e-06 0.707104 
-0.191337 0.368134 -0.614112 0.0 -1.0 0.0 
0.463481 0.0636376 -0.502341 -0.707025 -8.67877e-05 -0.707188 
0.586961 0.368134 0.484378 -0.0 -1.0 -0.0 
0.478605 -0.172661 -0.48886 0.707075 0.0 0.707139 
0.287702 -0.0128226 -0.326563 -0.707107 -0.0 -0.707107 
0.182492 -0.0917561 0.202759 0.707131 -1.62889e-06 -0.707082 
0.186158 0.228417 0.206425 0.707131 -1.62889e-06 -0.707082 
0.0929489 -0.130791 -0.13181 -0.707107 -0.0 -0.707107 
-0.258511 -0.0968267 -0.238247 0.707199 5.85228e-05 -0.707015 
0.410833 0.0452477 0.431099 0.707098 1.55155e-05 -0.707116 
-0.576514 0.304033 0.55288 -0.561004 0.608835 0.560887 
-0.139763 0.388351 -0.893677 0.0 1.0 0.0 
-0.10567 0.368134 0.0124759 0.0 -1.0 -0.0 
-0.462603 -0.0841447 -0.413758 -0.707067 6.90327e-06 0.707146 
0.625017 0.388351 -0.375702 0.0 1.0 0.0 
-0.196926 0.388351 -0.738171 0.0 1.0 0.0 
