ply
format ascii 1.0
comment VCGLIB generated
element vertex 2000
property float x
property float y
property float z
property float nx
property float ny
property float nz
element face 0
property list uchar int vertex_indices
end_header
0.407843 0.125117 -0.454902 -0.0 -1.0 -0.0 
0.470588 -0.0295178 0.815686 0.0 1.0 0.0 
-0.258824 0.156045 -0.407843 0.0 1.0 -0.0 
-0.370995 -0.217573 -0.849822 -0.382717 0.0 -0.923866 
-0.00156929 0.156045 0.0281563 0.0 1.0 -0.0 
-0.345098 -0.265691 -0.839216 0.0 -1.0 0.0 
-0.454902 0.156045 0.235294 0.0 1.0 0.0 
0.88354 -0.250084 0.289592 0.923893 8.78124e-05 0.382652 
0.243137 0.109883 0.49603 0.159889 -0.908547 0.385976 
0.208086 0.0941964 0.392157 0.923882 -4.81992e-05 -0.382678 
-0.122423 0.0314514 0.258824 -0.923876 -2.29995e-05 -0.382691 
-0.477615 -0.0576342 -0.721164 0.0 -1.0 0.0 
0.344733 0.0648778 0.127578 -0.382678 -1.69277e-05 0.923882 
0.169775 -0.0319994 0.812252 -0.270969 0.706124 -0.65419 
0.402828 0.0985618 -0.182072 0.382686 -2.41115e-05 0.923878 
0.188235 0.155887 -0.509804 0.281084 0.678597 -0.6786 
-0.321569 0.156045 -0.0862745 0.0 1.0 0.0 
-0.219608 -0.0295177 -0.870588 0.0 1.0 0.0 
0.352941 0.125117 -0.407843 -0.0 -1.0 -0.0 
0.323845 -0.164627 0.745098 0.923879 -0.0 -0.382684 
-0.195166 0.120243 -0.43444 0.923879 0.0 -0.382684 
0.616296 0.133412 0.141176 0.92388 0.0 0.382683 
0.53128 0.125117 -0.32135 0.0 -1.0 -0.0 
0.131901 -0.0204449 0.303339 -0.15415 -0.91527 -0.372182 
-0.828524 -0.0977946 -0.275475 0.923876 -1.31006e-05 0.382692 
0.443048 0.156045 -0.419446 -0.0 1.0 -0.0 
-0.156863 0.125831 0.27451 0.281081 -0.678597 -0.678601 
-0.309366 -0.188719 0.875347 -0.382707 -2.24986e-05 0.92387 
0.126818 0.156045 0.189341 0.0 1.0 -0.0 
-0.870588 -0.0295177 -0.337255 0.0 1.0 0.0 
-0.294605 -0.188156 0.67451 -0.923878 -9.61257e-06 -0.382687 
0.903481 -0.249721 0.241445 0.92387 -2.24986e-05 0.382707 
0.156863 0.125832 -0.27451 -0.281097 -0.678551 0.678641 
0.235294 -0.0295177 -0.8 -0.0 1.0 -0.0 
-0.431373 -0.0576343 0.713726 0.0 -1.0 -0.0 
-0.529653 0.156045 -0.118513 -0.0 1.0 -0.0 
0.692542 -0.201815 -0.302075 -0.382692 -2.34665e-05 -0.923876 
-0.423529 0.156045 0.486275 -0.0 1.0 0.0 
-0.290196 -0.0295177 -0.823529 0.0 1.0 0.0 
-0.532941 -0.0533218 0.205536 -0.382687 7.06858e-06 -0.923878 
0.901961 -0.0295177 0.258824 -0.0 1.0 -0.0 
0.156863 -0.0576342 0.917647 0.0 -1.0 0.0 
0.0235294 0.125117 0.4 0.0 -1.0 -0.0 
-0.290196 0.156045 -0.054902 -0.0 1.0 -0.0 
-0.27451 -0.0861957 0.859354 -0.382672 9.82683e-06 0.923884 
-0.274046 -0.102516 -0.672924 -0.154115 0.91527 -0.372195 
-0.321569 0.125117 -0.352941 0.0 -1.0 -0.0 
-0.255344 -0.0308146 0.957399 -0.270789 0.706602 0.653748 
-0.378796 -0.112116 -0.816158 -0.382693 2.77832e-05 -0.923876 
-0.947851 -0.0391369 -0.282353 -0.923881 0.0 -0.382681 
-0.323621 0.156045 -0.529844 -0.0 1.0 -0.0 
-0.280846 -0.265691 -0.831335 0.0 -1.0 0.0 
0.797791 -0.0458109 0.203819 -0.923879 0.0 -0.382685 
0.376471 0.125117 -0.501961 -0.0 -1.0 -0.0 
0.368627 0.156045 -0.447059 0.0 1.0 0.0 
0.415686 0.156045 0.0627451 0.0 1.0 0.0 
-0.721569 -0.219814 -0.305882 0.372182 -0.91527 0.154149 
0.553551 -0.0548245 -0.759629 0.804329 -0.00148891 0.594182 
0.211765 0.156045 0.345098 -0.0 1.0 -0.0 
0.0972253 0.156045 0.361067 0.0 1.0 -0.0 
-0.407843 -0.0684651 0.164706 0.372182 -0.91527 -0.154149 
-0.894118 -0.0295177 -0.27451 0.0 1.0 0.0 
0.0107101 0.125117 -0.571771 0.0 -1.0 -0.0 
-0.240431 -0.140406 -0.617187 0.923876 2.11279e-05 -0.382691 
0.274354 -0.145072 -0.625617 0.923878 -9.83787e-06 0.382687 
0.00784314 0.156045 -0.266667 -0.0 1.0 0.0 
-0.831372 -0.248301 0.360784 -0.270651 -0.707082 -0.653286 
-0.943123 -0.0571416 0.287713 -0.653606 -0.706757 0.270728 
0.470588 0.156045 -0.0705882 0.0 1.0 0.0 
-0.613521 -0.167583 -0.256631 0.372182 -0.91527 0.154149 
0.0627451 0.125117 -0.580392 0.0 -1.0 0.0 
0.417049 -0.0688185 0.187962 -0.382687 -9.83787e-06 0.923878 
0.258824 0.125117 0.494118 0.0 -1.0 -0.0 
0.472971 0.156045 -0.146197 -0.0 1.0 -0.0 
-0.164706 -0.0295177 0.980392 0.0 1.0 0.0 
0.8852 -0.0492866 -0.433606 0.923881 0.0 -0.382681 
0.797924 -0.0295177 0.483369 0.0 1.0 0.0 
-0.369885 -0.251234 0.81985 -0.382715 -0.0 0.923867 
-0.793574 -0.171662 -0.343924 0.382691 -2.29467e-05 -0.923876 
0.852856 -0.0783526 0.290196 0.923884 9.82683e-06 0.382672 
0.833687 -0.255276 0.360539 -0.382692 0.0 0.923876 
0.415686 0.156045 -0.0705882 0.0 1.0 0.0 
0.160636 0.0557882 -0.112186 -0.382684 -1.52284e-05 -0.923879 
0.238056 -0.11053 0.895086 -0.653282 -0.707103 0.270606 
0.14902 -0.0576342 0.933333 0.0 -1.0 0.0 
0.415686 0.156045 -0.27451 -0.0 1.0 -0.0 
-0.0543572 0.0516091 -0.15826 0.15415 -0.91527 0.372182 
0.345098 0.125117 -0.501961 -0.0 -1.0 -0.0 
0.934296 -0.0576342 0.166135 -0.0 -1.0 0.0 
-0.134062 0.152388 -0.619243 -0.382683 -0.0 -0.92388 
0.376502 0.156045 -0.498424 0.0 1.0 0.0 
-0.410719 -0.0568249 -0.714256 0.27068 -0.706895 0.653476 
-0.305882 0.125117 -0.368627 0.0 -1.0 -0.0 
-0.512337 0.141255 0.392157 -0.92388 -0.0 0.382683 
0.206615 0.100995 -0.131232 -0.382684 -1.52284e-05 -0.923879 
0.313725 0.156045 0.196078 -0.0 1.0 0.0 
-0.197165 0.156045 -0.0895671 -0.0 1.0 -0.0 
-0.807843 -0.0576343 0.564706 0.0 -1.0 -0.0 
0.238998 -0.124965 -0.54026 0.923878 -9.61257e-06 0.382687 
0.870588 -0.0313697 -0.25098 -0.653259 0.707131 0.270588 
-0.0235294 0.125117 -0.305882 0.0 -1.0 0.0 
0.792157 -0.0295177 -0.407843 0.0 1.0 0.0 
0.586085 -0.0642456 -0.227549 0.382687 7.06858e-06 0.923878 
0.188235 -0.0391369 -0.986836 0.382681 -0.0 -0.923881 
-0.571786 -0.0391369 0.784314 -0.80433 -0.0 -0.594183 
0.345098 0.0407707 -0.180392 -0.0 -1.0 0.0 
-0.335387 -0.244324 -0.846431 0.923876 2.1228e-05 -0.382692 
-0.0156863 0.156045 0.352941 0.0 1.0 -0.0 
0.258824 0.125117 -0.172549 -0.0 -1.0 -0.0 
0.423529 -0.0295177 0.784314 -0.0 1.0 0.0 
-0.635294 0.156045 0.0 0.0 1.0 0.0 
-0.323924 -0.0576343 0.77126 0.0 -1.0 -0.0 
-0.603904 0.128779 0.171094 -0.92388 -0.0 0.382683 
-0.66371 -0.121194 0.259703 -0.382687 7.06858e-06 -0.923878 
-0.506541 -0.104006 0.1946 -0.382692 2.1228e-05 -0.923876 
-0.197479 0.0397498 -0.097013 0.382687 -9.83787e-06 -0.923878 
0.300271 0.156045 0.0460131 0.0 1.0 0.0 
0.231923 0.13328 0.578707 0.382683 -0.0 0.92388 
-0.186856 0.070001 -0.340906 -0.923882 -4.81992e-05 0.382678 
0.0861783 0.065624 -0.318258 -0.923875 -3.49104e-05 -0.382694 
-0.25098 -0.0295178 -0.956863 0.0 1.0 0.0 
-0.486274 -0.0576342 0.854902 0.0 -1.0 -0.0 
-0.496456 -0.0391369 -0.682353 -0.804279 0.0 0.594251 
0.788059 -0.0295178 0.5595 0.0 1.0 0.0 
-0.138293 -0.0296108 -0.370604 0.923876 2.11279e-05 -0.382691 
0.877722 -0.053268 -0.138085 0.148567 0.0 0.988902 
0.819702 -0.0895279 -0.370235 0.92389 3.81364e-05 -0.382658 
-0.494118 0.125117 -0.0784314 0.0 -1.0 0.0 
-0.451596 -0.049331 0.202272 0.382691 -2.29467e-05 0.923876 
-0.0299557 0.125117 -0.297449 0.0 -1.0 0.0 
0.101961 0.156045 0.313726 -0.0 1.0 -0.0 
-0.518834 0.133412 0.376471 -0.92388 -0.0 0.382683 
0.279762 -0.165243 -0.835079 -0.653285 -0.707111 -0.270579 
0.572549 -0.04698 0.827649 0.382681 0.0 0.923881 
-0.912855 -0.0296344 0.359806 -0.653749 0.706602 0.270787 
-0.859354 -0.141098 -0.27451 -0.923887 0.0 -0.382665 
0.399548 0.156045 -0.0824486 0.0 1.0 0.0 
-0.470588 0.156045 0.360784 -0.0 1.0 0.0 
-0.302926 0.156045 -0.229246 0.0 1.0 0.0 
0.415686 0.156045 0.0313726 0.0 1.0 0.0 
0.815686 -0.0295178 0.478431 0.0 1.0 0.0 
0.439011 -0.109725 0.760784 -0.382692 1.31763e-05 -0.923876 
0.977448 -0.0396747 -0.210899 0.923881 0.0 -0.382681 
0.305882 0.126947 0.462745 0.281102 -0.678547 0.678642 
0.269078 -0.235305 -0.861604 -0.382692 3.71308e-05 0.923876 
-0.313725 0.127589 -0.376471 0.280951 -0.678969 0.678283 
-0.839216 -0.0576343 0.447059 0.0 -1.0 -0.0 
0.219666 -0.118084 0.567054 -0.923876 2.1228e-05 0.382692 
0.347264 -0.0295178 0.844136 0.0 1.0 0.0 
-0.656025 0.143222 0.0452608 -0.92388 0.0 0.382683 
0.235294 0.125117 -0.447059 -0.0 -1.0 -0.0 
0.478431 0.12651 -0.470588 0.678634 -0.678557 -0.281098 
0.26303 0.155577 -0.185172 -0.678601 0.678597 0.281081 
0.847413 -0.112306 0.229874 -0.923876 -1.31006e-05 -0.382692 
0.313725 0.125117 -0.52549 -0.0 -1.0 -0.0 
-0.199108 -0.101841 -0.517424 0.923876 2.11279e-05 -0.382691 
0.240086 -0.104777 -0.843183 -0.382692 -1.31006e-05 0.923876 
0.368627 0.125117 0.219608 0.0 -1.0 0.0 
0.737255 -0.0295177 -0.478431 -0.0 1.0 -0.0 
0.665014 -0.144754 0.290673 -0.382687 -9.61257e-06 0.923878 
0.0119163 0.156045 -0.562708 -0.0 1.0 -0.0 
0.906334 -0.259476 -0.360201 0.382703 0.0 0.923871 
-0.211765 0.0218351 -0.101961 0.372182 -0.91527 0.154149 
0.270507 -0.114199 -0.861012 0.382672 9.82683e-06 -0.923884 
-0.298039 0.156045 -0.180392 -0.0 1.0 -0.0 
-0.779893 -0.079208 0.466343 -0.923876 2.77832e-05 0.382693 
-0.211765 -0.0576342 -0.92549 -0.0 -1.0 0.0 
0.750582 -0.0295177 0.478295 -0.0 1.0 0.0 
0.8 -0.253523 0.360784 0.270627 -0.707077 -0.653302 
0.933333 -0.0576342 -0.298039 -0.0 -1.0 -0.0 
-0.874323 -0.235609 -0.311841 -0.923893 8.78059e-05 -0.382652 
0.262019 -0.12281 0.669303 -0.923878 7.06858e-06 0.382687 
0.0570431 0.125117 0.36125 0.0 -1.0 0.0 
-0.478431 0.156045 -0.133333 0.0 1.0 0.0 
0.12549 0.155511 0.109804 -0.678198 0.679074 -0.280903 
-0.984007 -0.0491226 0.195065 -0.923881 -0.0 0.382681 
-0.117647 0.0706743 0.0392157 0.372182 -0.91527 -0.15415 
-0.941176 -0.0576342 0.164706 0.0 -1.0 0.0 
-0.735214 -0.219099 0.31975 0.382692 -2.34665e-05 0.923876 
0.533333 0.156045 0.298039 0.0 1.0 0.0 
0.31934 -0.192004 0.734222 0.923879 -0.0 -0.382684 
-0.303589 0.156045 -0.484447 0.0 1.0 0.0 
0.792157 -0.252481 -0.329412 -0.372182 -0.91527 0.154149 
0.195952 0.109883 -0.509804 0.923882 -1.6875e-05 0.382678 
-0.844305 -0.148941 0.384314 -0.923869 2.36378e-05 0.382708 
-0.823529 -0.265691 0.392157 0.0 -1.0 -0.0 
-0.369455 0.155164 0.334503 0.678635 0.678556 -0.281098 
-0.156863 0.156045 -0.454902 0.0 1.0 -0.0 
-0.8 -0.0295177 -0.431373 0.0 1.0 0.0 
0.863473 -0.180452 0.285568 0.27065 0.707102 -0.653265 
0.454902 0.156045 -0.243137 0.0 1.0 0.0 
0.219608 0.156045 -0.462745 -0.0 1.0 -0.0 
-0.202615 -0.0569242 -0.525888 0.923878 7.06858e-06 -0.382687 
-0.265368 -0.0861957 0.603922 -0.923876 -2.29995e-05 -0.382691 
0.396409 0.156045 0.138762 0.0 1.0 0.0 
0.160429 -0.0295178 -0.960281 -0.0 1.0 -0.0 
-0.714409 -0.0541149 0.40512 0.923879 0.0 -0.382685 
0.82952 -0.0316016 0.130843 0.148567 -0.00023677 -0.988902 
-0.387633 -0.188462 -0.842931 -0.382708 2.36378e-05 -0.923869 
0.496232 0.155784 -0.0176163 0.6786 0.678597 -0.281083 
0.509442 0.125117 0.287662 0.0 -1.0 0.0 
-0.442864 -0.0362232 -0.881366 -0.382681 -0.0 -0.923881 
-0.119552 0.0267877 -0.325358 0.923878 7.06858e-06 -0.382687 
0.303447 0.0359504 -0.110477 0.382687 7.06858e-06 0.923878 
-0.227451 -0.0576342 0.92549 0.0 -1.0 -0.0 
0.870588 -0.0888338 0.211765 0.270604 -0.707108 -0.653277 
-0.212245 -0.0942929 -0.549139 0.923876 2.1228e-05 -0.382692 
0.054902 0.125117 -0.266667 0.0 -1.0 -0.0 
-0.572993 -0.070158 -0.252557 0.382691 -2.29467e-05 -0.923876 
-0.768627 -0.0295178 0.517647 0.0 1.0 0.0 
-0.0862745 0.156045 -0.415686 0.0 1.0 0.0 
-0.117647 0.125117 -0.337255 0.0 -1.0 0.0 
0.0941176 0.125117 -0.447059 -0.0 -1.0 -0.0 
-0.828383 -0.0576342 0.377379 0.0 -1.0 -0.0 
0.844302 -0.0940388 0.384314 0.92387 -2.24986e-05 0.382707 
0.477537 -0.0122129 0.209611 0.372193 0.915271 0.154114 
-0.407843 0.0628239 0.188617 -0.385976 -0.908547 0.159889 
-0.318628 -0.148941 0.768628 -0.154114 0.915271 0.372193 
-0.771199 -0.164085 -0.304226 -0.382685 0.0 0.923879 
-0.434466 -0.117568 0.823529 -0.382692 1.8136e-05 0.923876 
0.57869 -0.0841183 0.224486 0.382687 7.06858e-06 -0.923878 
-0.126651 0.00842771 0.269032 -0.923878 -9.61257e-06 -0.382687 
-0.0392157 0.125117 0.52549 0.0 -1.0 0.0 
-0.261951 -0.0905487 0.834125 0.382692 -1.31006e-05 -0.923876 
0.830781 -0.0392108 -0.131032 0.148567 -0.0 0.988902 
-0.760784 -0.109725 0.441359 0.270552 -0.707111 0.653296 
0.287687 0.138477 -0.555609 0.382683 0.0 -0.92388 
-0.809185 -0.224278 -0.395632 -0.923876 -6.9767e-06 -0.382692 
0.298616 -0.179034 -0.757654 -0.923879 0.0 -0.382685 
0.0941176 0.125117 -0.188235 0.0 -1.0 -0.0 
-0.0705882 0.156045 0.258824 0.0 1.0 -0.0 
-0.27451 -0.176259 0.627451 0.154149 -0.91527 -0.372182 
0.0470588 0.154847 0.572549 -0.280957 0.678968 -0.678281 
0.466336 0.156045 -0.2163 0.0 1.0 0.0 
0.478431 0.125117 -0.407843 0.0 -1.0 0.0 
0.878845 -0.0626663 0.227451 0.923884 9.82683e-06 0.382672 
0.862745 -0.0295177 -0.243137 0.0 1.0 0.0 
-0.407843 -0.0705094 0.834556 -0.382692 1.8136e-05 0.923876 
0.910488 -0.0447707 -0.143007 0.148567 0.0 0.988902 
-0.20711 -0.0397941 -0.463274 -0.923876 -2.29467e-05 0.382691 
0.375294 0.156045 -0.238056 -0.0 1.0 -0.0 
-0.713725 -0.216625 -0.305882 0.372182 -0.91527 0.154149 
0.901338 -0.050419 -0.394646 0.923881 0.0 -0.382681 
0.528224 -0.0793281 -0.203582 0.382691 2.11279e-05 0.923876 
0.14902 0.0863533 -0.469967 -0.923875 -3.49104e-05 -0.382694 
-0.407843 0.125117 -0.0470588 0.0 -1.0 0.0 
-0.325434 -0.187411 0.748935 -0.923878 -9.83787e-06 -0.382687 
-0.603922 -0.148941 0.265367 0.382692 -2.34665e-05 0.923876 
0.188235 0.156045 0.25098 0.0 1.0 -0.0 
-0.357861 -0.101423 0.831497 0.653265 0.707102 0.27065 
-0.290196 0.125117 0.235294 0.0 -1.0 0.0 
0.603864 -0.130932 0.234913 0.382685 0.0 -0.923879 
0.506848 0.156045 0.352035 0.0 1.0 0.0 
-0.155262 -0.0559869 0.992074 0.988904 0.000635396 0.148553 
-0.250973 -0.238696 0.899534 -0.382707 -2.24986e-05 0.92387 
0.579607 -0.0366179 -0.824725 0.382681 0.0 -0.923881 
0.510873 -0.0467093 0.196395 0.382687 6.96308e-06 -0.923878 
-0.459863 -0.00506437 -0.175266 -0.382687 6.96308e-06 0.923878 
-0.156863 0.0407707 -0.305882 0.0 -1.0 0.0 
0.374208 -0.0548232 0.909804 0.382681 -0.0 0.923881 
0.208086 0.0941964 0.392157 0.923882 -4.81992e-05 -0.382678 
0.454902 -0.0928847 -0.196078 -0.372182 -0.91527 0.15415 
0.416814 -0.214927 0.830843 0.382708 2.36378e-05 0.923869 
0.129813 0.0558923 -0.350129 0.923882 -1.69277e-05 0.382678 
-0.50395 0.125117 -0.278566 -0.0 -1.0 -0.0 
0.0557478 0.125117 -0.623364 0.0 -1.0 0.0 
0.876791 -0.0861957 -0.305882 0.923884 -2.34319e-05 -0.382672 
-0.587955 -0.0643793 -0.252758 -0.372193 0.915271 -0.154114 
0.352941 0.125117 -0.368627 -0.0 -1.0 -0.0 
-0.392157 0.155767 0.509804 -0.281098 0.678557 0.678634 
0.760784 -0.0295177 -0.329412 -0.0 1.0 -0.0 
0.361447 -0.132059 0.823344 0.382655 3.9636e-05 0.923891 
0.188635 -0.0531868 0.492139 -0.923878 7.06858e-06 0.382687 
-0.100682 0.0787177 0.0324181 0.372182 -0.91527 -0.15415 
-0.235294 0.0407707 0.133333 0.0 -1.0 0.0 
0.333854 -0.106333 0.834774 -0.382722 -2.5816e-05 -0.923864 
-0.0392157 0.133412 -0.658529 -0.382683 0.0 -0.92388 
-0.101961 0.156045 -0.054902 -0.0 1.0 -0.0 
0.875503 -0.251519 -0.34743 0.382703 0.0 0.923871 
-0.337758 -0.197607 -0.778688 -0.923879 0.0 0.382684 
-0.87623 -0.0444168 -0.455264 -0.923881 0.0 -0.382681 
0.501961 -0.0295177 0.698039 0.0 1.0 0.0 
0.555248 -0.128379 -0.214775 0.382692 2.1228e-05 0.923876 
-0.27451 0.125117 0.0235294 0.0 -1.0 0.0 
-0.287075 -0.157137 0.656329 -0.923878 -9.61257e-06 -0.382687 
0.216838 -0.0427044 -0.486759 0.923876 -2.29467e-05 0.382691 
-0.12448 0.0628239 0.337255 -0.923882 -1.6875e-05 -0.382678 
-0.243137 0.125117 -0.4 0.0 -1.0 -0.0 
-0.627451 0.156045 -0.0235294 0.0 1.0 0.0 
0.893214 -0.0333607 0.414259 0.923881 0.0 0.382681 
0.230227 -0.047794 0.519083 0.923876 -2.29467e-05 -0.382691 
0.421245 -0.0334293 0.1897 -0.382691 -2.29995e-05 0.923876 
-0.265367 -0.133255 0.603922 -0.923878 -9.61257e-06 -0.382687 
-0.547678 0.141227 -0.306836 -0.92388 0.0 -0.382683 
0.141176 0.156045 0.211765 -0.0 1.0 -0.0 
0.40877 -0.112631 0.803741 0.382693 2.77832e-05 0.923876 
-0.462745 0.125117 0.0392157 -0.0 -1.0 0.0 
-0.208434 -0.0120479 0.466469 -0.923876 -2.29995e-05 -0.382691 
0.457286 0.125117 -0.382246 0.0 -1.0 0.0 
-0.807673 -0.14717 -0.325814 0.923854 -3.7493e-05 0.382746 
0.330678 0.156045 -0.244339 -0.0 1.0 -0.0 
-0.658824 -0.141098 -0.288108 0.382687 -9.83787e-06 -0.923878 
-0.0313725 0.125117 -0.196078 0.0 -1.0 0.0 
0.330574 -0.136743 0.805702 -0.382645 -2.6067e-05 -0.923895 
0.760877 -0.182291 0.299951 0.382685 0.0 -0.923879 
-0.372129 -0.250902 0.901961 -0.38257 -0.0 0.923926 
0.348654 -0.0576342 0.908413 0.0 -1.0 0.0 
-0.056954 0.156045 -0.420098 0.0 1.0 0.0 
-0.807509 -0.0576342 -0.366694 -0.0 -1.0 0.0 
0.846607 -0.265691 -0.266435 0.0 -1.0 -0.0 
-0.566845 0.126244 0.256496 -0.6786 -0.678597 0.281084 
-0.551321 0.149098 0.298039 -0.92388 0.0 0.382683 
-0.0862745 0.156045 0.298039 0.0 1.0 -0.0 
-0.376591 0.125117 0.439577 -0.0 -1.0 0.0 
0.274192 -0.158231 0.698692 -0.923876 2.1228e-05 0.382692 
-0.282353 0.125117 0.454902 0.0 -1.0 0.0 
-0.942901 -0.0295177 0.252458 0.0 1.0 0.0 
-0.537255 0.156045 0.076532 -0.0 1.0 -0.0 
-0.8068 -0.214412 0.443039 0.270556 0.707103 0.653303 
-0.244074 0.0407707 -0.0608129 0.0 -1.0 0.0 
0.524476 -0.0992842 0.20203 0.382685 0.0 -0.923879 
-0.556863 0.156045 -0.12549 0.0 1.0 0.0 
0.299553 0.109883 0.0784314 0.382682 2.52417e-05 -0.92388 
0.499279 0.109883 -0.235294 0.385976 -0.908547 -0.159889 
-0.297854 -0.196 0.682353 -0.923878 -9.61257e-06 -0.382687 
-0.347218 -0.255305 0.874991 0.923871 5.06365e-05 0.382703 
-0.211765 -0.0295178 -0.917647 0.0 1.0 0.0 
0.258824 0.125117 0.156863 0.0 -1.0 0.0 
0.337255 0.125117 0.172549 0.0 -1.0 0.0 
0.917647 -0.0314374 -0.352941 0.653937 0.706397 -0.270868 
0.828061 -0.211686 -0.423529 0.923869 2.36378e-05 -0.382708 
0.286424 -0.174716 -0.728221 -0.923879 0.0 -0.382685 
-0.195519 -0.0393566 0.508758 0.923878 7.06858e-06 0.382687 
0.158544 -0.0302396 -0.905574 0.270791 0.706601 -0.653748 
0.83864 -0.0576342 -0.166776 -0.0 -1.0 -0.0 
0.42331 -0.12852 0.797719 0.382713 -0.0 0.923867 
-0.329412 0.125117 -0.423529 0.0 -1.0 -0.0 
0.313725 0.156045 0.290196 0.0 1.0 0.0 
-0.266667 0.156045 0.52549 -0.0 1.0 0.0 
-0.143891 0.156045 0.407115 -0.0 1.0 0.0 
-0.611765 0.149098 -0.152115 -0.92388 0.0 -0.382683 
-0.453788 -0.0805657 -0.172749 -0.382703 5.03976e-05 0.923871 
-0.321569 0.125117 -0.219608 -0.0 -1.0 0.0 
-0.757894 -0.0295177 -0.433975 0.0 1.0 0.0 
0.414841 0.125117 -0.395602 0.0 -1.0 0.0 
0.682353 -0.107749 0.282353 0.372193 0.915271 0.154114 
0.360784 -0.0295177 0.737255 0.0 1.0 0.0 
0.635626 -0.112963 0.2785 -0.382691 -2.29995e-05 0.923876 
0.352941 -0.0576342 0.909804 0.0 -1.0 0.0 
0.526961 -0.0511035 0.23349 -0.382691 -2.29995e-05 0.923876 
-0.00784314 0.156045 0.266667 0.0 1.0 -0.0 
-0.00784314 0.125117 0.635294 0.0 -1.0 0.0 
0.737255 -0.203843 -0.320596 -0.382692 -2.34665e-05 -0.923876 
-0.0382231 0.0700825 -0.129014 0.923876 2.11279e-05 -0.382691 
0.243168 0.156045 -0.443551 0.0 1.0 0.0 
-0.384314 -0.125411 -0.813872 -0.382693 2.77832e-05 -0.923876 
-0.154011 0.0819931 -0.261608 -0.923879 -1.54256e-05 0.382684 
0.869061 -0.18057 0.324541 0.92387 -2.24986e-05 0.382707 
-0.792157 -0.0783526 -0.495652 0.270604 -0.707109 -0.653277 
0.784314 -0.0576342 -0.25098 0.0 -1.0 0.0 
0.478431 -0.0295177 0.690196 0.0 1.0 0.0 
-0.526221 0.125569 -0.352941 -0.678635 -0.678556 -0.281099 
0.374979 -0.235702 0.868547 0.923879 -0.0 -0.382684 
0.313725 -0.0295177 0.807843 -0.0 1.0 0.0 
0.266667 0.156045 0.0784314 0.0 1.0 0.0 
0.890758 -0.127209 -0.254316 0.270606 -0.707103 0.653282 
0.0784314 0.154178 0.219608 0.281105 0.678553 0.678635 
-0.273594 -0.181887 0.697248 0.923871 5.03976e-05 0.382703 
0.164706 0.125117 0.52549 0.0 -1.0 -0.0 
0.617563 -0.15268 0.271017 -0.382687 -9.61257e-06 0.923878 
-0.832313 -0.128947 -0.413261 -0.923876 1.8136e-05 -0.382692 
0.815686 -0.0295178 -0.54902 -0.0 1.0 -0.0 
0.528327 0.145892 0.353553 0.92388 0.0 0.382683 
-0.8146 -0.265691 0.388602 -0.0 -1.0 -0.0 
-0.238107 -0.107256 -0.874435 0.382692 1.42065e-06 0.923876 
0.546999 0.133482 0.308473 0.92388 0.0 0.382683 
-0.345098 -0.0576342 -0.917647 -0.0 -1.0 0.0 
0.408504 -0.222869 0.834285 0.382693 -6.51367e-06 0.923876 
0.431372 0.0755132 -0.203922 0.385976 -0.908547 -0.159889 
0.350062 -0.238565 0.881857 -0.923871 0.0 0.382703 
-0.367576 -0.211686 0.831373 -0.653264 -0.707106 -0.270642 
-0.474512 0.109883 0.211765 -0.382683 -7.48838e-06 -0.92388 
0.25739 -0.0980751 0.658127 -0.923878 7.06858e-06 0.382687 
-0.694841 -0.132275 -0.272598 -0.382687 7.06858e-06 0.923878 
-0.871045 -0.0931091 0.246292 0.923876 1.4267e-06 -0.382692 
-0.0923247 0.102367 0.186157 -0.923876 -2.29995e-05 -0.382691 
0.713996 -0.203786 -0.28053 0.382692 2.1228e-05 0.923876 
-0.26686 -0.155171 0.680989 0.923879 0.0 0.382685 
0.330347 0.125117 0.386466 0.0 -1.0 0.0 
0.498825 0.0968359 0.162251 0.385985 -0.908547 0.159868 
-0.415686 0.00792195 -0.187399 0.382691 -2.29467e-05 -0.923876 
0.395895 -0.180772 -0.839508 0.382692 1.8136e-05 -0.923876 
-0.504168 -0.0295177 0.847667 -0.0 1.0 -0.0 
-0.513218 -0.0295177 0.755918 -0.0 1.0 -0.0 
-0.373535 -0.212477 0.865061 -0.923878 -9.83787e-06 -0.382687 
-0.164706 0.156045 0.243137 0.0 1.0 -0.0 
0.784314 -0.0861957 0.483913 -0.270604 -0.707109 0.653277 
-0.570879 0.142733 0.250822 -0.92388 0.0 0.382683 
0.427507 -0.0307331 0.886 0.270868 0.706397 0.653937 
-0.810147 -0.198922 -0.39331 -0.923865 4.08704e-05 -0.382719 
0.118376 0.14499 0.62574 0.382683 -0.0 0.92388 
0.27451 0.125117 0.172549 -0.0 -1.0 0.0 
-0.561447 0.156045 -0.239302 -0.0 1.0 -0.0 
-0.321569 -0.17247 0.870292 -0.382707 -2.24986e-05 0.92387 
-0.381207 0.125117 0.374511 0.0 -1.0 0.0 
-0.447059 -0.0857326 0.172549 0.372182 -0.91527 -0.154149 
-0.0619531 0.155019 -0.482205 0.280951 0.678969 0.678282 
0.360784 -0.0576342 0.784314 0.0 -1.0 0.0 
-0.0394262 0.156045 -0.11452 -0.0 1.0 -0.0 
-0.054902 0.109883 -0.169279 0.923878 7.06858e-06 -0.382687 
0.317648 0.125117 -0.488094 -0.0 -1.0 -0.0 
0.462745 -0.0576342 0.729412 -0.0 -1.0 0.0 
0.109804 0.156045 -0.258824 -0.0 1.0 0.0 
-0.102931 0.0314514 -0.211765 -0.923879 0.0 0.382684 
0.896511 -0.224654 0.356132 0.382685 0.0 -0.923879 
-0.852736 -0.0295177 0.350278 0.0 1.0 0.0 
-0.388474 0.155963 -0.290516 0.678632 0.678558 0.281102 
0.533333 0.125117 0.164706 0.0 -1.0 0.0 
-0.219608 0.156045 -0.25098 0.0 1.0 -0.0 
0.0705882 0.125117 -0.321569 0.0 -1.0 0.0 
0.188235 0.156045 -0.0705882 0.0 1.0 -0.0 
0.402166 -0.0295177 0.86673 -0.0 1.0 0.0 
0.912115 -0.04698 -0.368627 0.923881 0.0 -0.382681 
-0.922397 -0.0420916 0.343804 -0.923881 -0.0 0.382681 
-0.867087 -0.237474 0.343944 -0.382691 2.11279e-05 -0.923876 
-0.750905 -0.159745 0.29582 -0.382692 2.1228e-05 -0.923876 
-0.48785 -0.0970144 0.217289 0.382692 -2.34665e-05 0.923876 
0.348627 0.156045 -0.519094 -0.0 1.0 -0.0 
-0.509804 -0.0576343 -0.807843 0.0 -1.0 0.0 
-0.258824 -0.167238 0.611765 0.154149 -0.91527 -0.372182 
0.320852 -0.180313 0.870588 0.382672 -2.34319e-05 0.923884 
-0.258824 0.125117 -0.12549 -0.0 -1.0 0.0 
-0.159414 0.155877 -0.268714 -0.281096 0.678547 -0.678645 
-0.178573 -0.00923811 -0.467845 0.923878 7.06858e-06 -0.382687 
-0.188235 -0.0576343 0.839216 0.0 -1.0 -0.0 
0.454902 0.125117 0.0313726 -0.0 -1.0 0.0 
-0.282987 -0.0861957 -0.886275 -0.382672 -2.34319e-05 -0.923884 
0.760784 -0.0576342 0.501961 0.0 -1.0 0.0 
0.12549 0.0785102 -0.413163 -0.923875 -3.49104e-05 -0.382694 
0.196078 0.125117 0.180392 0.0 -1.0 0.0 
0.0470588 0.156045 -0.25098 -0.0 1.0 0.0 
-0.752941 -0.0576342 0.423529 0.0 -1.0 -0.0 
0.541176 -0.0295178 -0.776471 0.0 1.0 0.0 
0.901733 -0.054464 -0.393694 0.923881 0.0 -0.382681 
-0.823529 -0.0295178 -0.462745 -0.0 1.0 -0.0 
0.329412 -0.0295177 0.776471 0.0 1.0 0.0 
0.605442 -0.143479 -0.265997 -0.382692 -2.29291e-05 -0.923876 
-0.290196 0.125117 0.180392 0.0 -1.0 0.0 
0.815686 -0.0295177 -0.321569 0.0 1.0 0.0 
-0.699196 -0.037676 0.508901 0.594251 0.0 0.804279 
0.0802066 0.0946236 0.0834292 0.923884 -0.0 -0.382674 
0.308749 0.156045 0.486745 0.0 1.0 -0.0 
0.815686 -0.0295178 0.541176 0.0 1.0 0.0 
-0.277072 -0.0945036 0.858292 -0.382672 9.82683e-06 0.923884 
-0.0394618 0.109133 -0.0708134 0.382657 0.0 0.92389 
-0.180392 0.125117 0.337255 0.0 -1.0 0.0 
-0.27451 -0.182637 0.643137 0.154149 -0.91527 -0.372182 
-0.164706 0.156045 -0.211765 -0.0 1.0 -0.0 
0.474599 0.125117 -0.293667 0.0 -1.0 0.0 
0.27451 0.125117 -0.227451 0.0 -1.0 0.0 
0.400258 -0.238042 -0.807269 0.382692 -6.9767e-06 -0.923876 
-0.368627 0.156045 -0.0235294 0.0 1.0 0.0 
0.541176 0.156045 0.305882 0.0 1.0 0.0 
-0.345098 0.156045 0.235294 0.0 1.0 0.0 
-0.154148 0.156045 0.284458 -0.0 1.0 0.0 
0.776471 -0.219529 0.443355 -0.270618 0.707103 0.653278 
-0.407843 0.125117 -0.4 -0.0 -1.0 0.0 
0.533333 0.156045 0.0313726 -0.0 1.0 -0.0 
0.216883 0.111583 0.0441884 0.382682 2.52417e-05 -0.92388 
0.869765 -0.159686 0.322842 0.92387 -2.24986e-05 0.382707 
-0.52549 0.156045 0.133333 -0.0 1.0 -0.0 
-0.20295 0.0346561 0.0688485 -0.382692 2.1228e-05 -0.923876 
0.439216 -0.0295178 -0.847059 0.0 1.0 0.0 
-0.184396 -0.0180038 0.481904 0.923878 6.96308e-06 0.382687 
-0.0235294 0.156045 -0.368627 0.0 1.0 -0.0 
0.778253 -0.220058 -0.307147 0.382691 2.11279e-05 0.923876 
-0.803222 -0.0295177 0.234046 0.0 1.0 -0.0 
0.815541 -0.0295177 0.312403 0.0 1.0 0.0 
0.305941 -0.0229611 -0.140557 -0.372182 -0.91527 0.15415 
0.133333 0.156045 -0.470588 -0.0 1.0 0.0 
-0.587057 0.133412 0.211765 -0.92388 -0.0 0.382683 
-0.339653 -0.187008 -0.862801 -0.382755 0.0 -0.92385 
-0.878431 -0.0783526 -0.22845 -0.923884 9.82683e-06 -0.382672 
-0.42543 0.125117 0.056324 -0.0 -1.0 0.0 
-0.618837 -0.144243 -0.241115 -0.382703 5.03976e-05 0.923871 
0.342919 0.00292708 -0.126826 0.382687 7.06858e-06 0.923878 
-0.517647 0.108024 -0.180392 -0.385975 -0.908545 -0.159906 
0.399065 0.156045 0.34321 0.0 1.0 0.0 
-0.228152 0.0188454 -0.0801458 0.372182 -0.91527 0.15415 
-0.376471 -0.0705094 -0.813362 0.653301 0.707105 -0.270555 
0.157966 -0.0501569 0.816784 -0.382685 -0.0 -0.923879 
0.329412 -0.252481 -0.792157 -0.154149 -0.91527 0.372182 
-0.376377 -0.0725698 -0.817158 -0.382658 3.81364e-05 -0.92389 
-0.627451 -0.117568 0.275114 0.382684 0.0 0.923879 
0.87638 -0.0852478 0.233403 0.923884 9.82683e-06 0.382672 
-0.411765 0.125117 0.00876548 0.0 -1.0 0.0 
-0.709938 -0.171602 0.27885 -0.382692 2.1228e-05 -0.923876 
0.11755 0.041446 0.320524 -0.923878 7.06858e-06 0.382687 
-0.109804 0.154943 -0.290196 -0.281096 0.678547 -0.678645 
-0.258869 -0.141098 0.588235 -0.923878 -9.61257e-06 -0.382687 
0.865512 -0.0312937 -0.478431 0.653937 0.706397 -0.270868 
0.101961 0.156045 0.203922 0.0 1.0 -0.0 
0.0309208 0.156045 -0.0750939 0.0 1.0 0.0 
-0.784314 -0.0295177 -0.298039 0.0 1.0 0.0 
0.949019 -0.0295177 0.188235 -0.0 1.0 -0.0 
-0.447753 0.125117 0.326063 0.0 -1.0 0.0 
-0.401893 0.138471 -0.508304 -0.382683 -0.0 -0.92388 
-0.188237 -0.0406892 0.491176 0.923878 6.96308e-06 0.382687 
0.722733 -0.210982 -0.314581 -0.382692 -2.34665e-05 -0.923876 
-0.196078 0.125117 0.407843 0.0 -1.0 0.0 
-0.854902 -0.0576342 0.486275 0.0 -1.0 0.0 
0.164706 0.156045 0.243137 0.0 1.0 -0.0 
0.419215 0.156045 0.227547 -0.0 1.0 -0.0 
0.376471 0.125117 0.360784 0.0 -1.0 0.0 
-0.309537 -0.0843689 -0.844847 0.382722 -2.57939e-05 0.923864 
0.376471 -0.0295178 0.854902 0.0 1.0 0.0 
0.439216 0.156045 -0.196078 -0.0 1.0 -0.0 
0.824116 -0.0827891 0.433048 0.923876 1.8136e-05 0.382692 
-0.164706 -0.00776432 -0.434368 0.923878 7.06858e-06 -0.382687 
-0.764701 -0.0369305 -0.283705 0.923879 0.0 0.382685 
0.453686 -0.0653932 0.203137 -0.382687 -9.83787e-06 0.923878 
-0.25098 0.156045 -0.509804 0.0 1.0 0.0 
-0.219608 -0.0295178 -0.917647 0.0 1.0 0.0 
-0.423529 -0.0295178 -0.847059 -0.0 1.0 0.0 
-0.556863 0.125117 0.141176 0.0 -1.0 -0.0 
-0.542206 -0.124229 -0.239803 0.382687 -9.83787e-06 -0.923878 
-0.588528 -0.123819 0.258991 0.382684 0.0 0.923879 
-0.873991 -0.260722 -0.312649 -0.923893 8.78059e-05 -0.382652 
-0.164706 -0.0295177 0.878431 0.0 1.0 0.0 
-0.176429 0.102756 0.506887 -0.159906 -0.908545 0.385975 
0.243137 0.156045 -0.156863 0.0 1.0 0.0 
0.310117 -0.196385 0.814174 -0.382692 4.79341e-05 -0.923876 
0.844305 -0.164627 0.384314 0.923876 1.8136e-05 0.382692 
0.454902 0.0896498 -0.227451 0.385988 -0.908546 -0.159868 
-0.541176 -0.0861957 0.239377 0.382684 0.0 0.923879 
0.222549 0.0912354 0.460665 0.159889 -0.908547 0.385976 
0.501961 -0.0576342 0.847059 0.0 -1.0 0.0 
-0.370803 -0.258402 -0.858464 -0.923876 -2.34665e-05 0.382692 
0.878431 -0.0295178 -0.431373 0.0 1.0 0.0 
-0.251908 -0.0770311 -0.571427 -0.923876 -2.27885e-05 0.382691 
-0.760784 -0.0705094 0.439012 0.923876 1.31763e-05 -0.382692 
0.319517 0.156045 -0.265162 -0.0 1.0 -0.0 
-0.516053 -0.0295177 0.713652 0.0 1.0 0.0 
-0.227451 -0.0295177 0.815686 0.0 1.0 0.0 
-0.935058 -0.0295178 0.270704 -0.0 1.0 -0.0 
0.258824 -0.0295177 0.823529 -0.0 1.0 0.0 
-0.531097 0.155173 0.138553 -0.678644 0.678546 0.281102 
0.121472 0.0168858 -0.329993 -0.923878 7.06858e-06 -0.382687 
0.0179797 0.156045 -0.616788 -0.0 1.0 -0.0 
0.196078 0.125117 0.203922 0.0 -1.0 0.0 
0.314047 -0.190527 0.869505 -0.653282 -0.707103 0.270607 
0.243137 0.133412 0.574062 0.382683 -0.0 0.92388 
-0.0156863 0.125117 0.454902 0.0 -1.0 0.0 
0.488147 -0.0576343 0.727849 -0.0 -1.0 0.0 
0.840065 -0.10126 0.247612 -0.923876 -1.31006e-05 -0.382692 
0.878431 -0.0785864 0.203922 0.270604 -0.707108 -0.653277 
0.368627 -0.156784 0.850803 0.382708 2.36378e-05 0.923869 
-0.831373 -0.211686 0.415535 -0.923869 2.36378e-05 0.382708 
-0.807843 -0.0576343 0.541176 0.0 -1.0 -0.0 
-0.804551 -0.261589 -0.406818 -0.923876 -6.9767e-06 -0.382692 
0.0891406 0.156045 0.321288 -0.0 1.0 -0.0 
0.329412 -0.00776432 -0.151662 -0.382684 -0.0 -0.923879 
-0.431373 -0.0391369 0.886126 -0.382681 0.0 0.923881 
-0.13281 -0.0295277 0.842616 0.988904 -0.000627965 0.148554 
-0.807843 -0.188156 0.415053 0.270619 0.707107 0.653272 
-0.25098 0.0157651 0.119174 0.382684 0.0 0.923879 
-0.368627 -0.164627 0.850801 -0.382534 7.62233e-05 0.923941 
0.205912 0.156045 0.103596 -0.0 1.0 0.0 
0.531809 0.115064 0.186206 0.385975 -0.908545 0.159906 
-0.477918 0.156045 0.257749 -0.0 1.0 -0.0 
-0.303955 -0.038985 0.938903 -0.382681 0.0 0.923881 
0.423529 0.0863533 0.160216 -0.382678 -1.69277e-05 0.923882 
-0.290022 -0.120213 -0.663443 -0.923876 -2.27885e-05 0.382691 
-0.234208 0.156045 0.55065 -0.0 1.0 0.0 
-0.438093 0.0711264 -0.162771 -0.385975 -0.908545 -0.159906 
-0.408437 -0.00691648 -0.184396 0.382691 -2.29467e-05 -0.923876 
-0.815093 -0.254557 0.454835 -0.923876 -6.53972e-06 0.382693 
-0.12549 0.156045 0.0627451 -0.0 1.0 -0.0 
0.784314 -0.156784 0.327325 0.372193 0.915271 0.154114 
-0.478431 0.125117 0.164706 -0.0 -1.0 0.0 
0.0392157 0.153659 0.321569 -0.28108 0.678598 -0.678601 
-0.180392 -0.0576342 -0.815686 0.0 -1.0 0.0 
0.561957 0.125569 0.266667 0.6786 -0.678597 0.281085 
-0.389355 0.130543 0.513497 -0.382683 0.0 0.92388 
-0.274791 -0.134576 0.700135 0.923878 7.06858e-06 0.382687 
0.211765 0.156045 0.52549 -0.0 1.0 -0.0 
-0.437405 0.156045 -0.00391456 0.0 1.0 0.0 
-0.156863 -0.0576342 0.988235 0.0 -1.0 -0.0 
-0.38802 -0.189029 -0.84277 -0.382708 2.36378e-05 -0.923869 
0.848414 -0.227372 -0.227451 -0.923895 -2.6067e-05 0.382645 
0.328837 0.113534 0.090561 0.382682 2.52417e-05 -0.92388 
-0.352212 0.0413734 -0.161107 0.382691 -2.29995e-05 -0.923876 
-0.242564 -0.11699 0.622333 0.923879 0.0 0.382685 
-0.302281 0.146397 0.549564 -0.382683 0.0 0.92388 
0.0955358 0.125117 0.617552 0.0 -1.0 0.0 
-0.431373 -0.0295177 -0.729412 -0.0 1.0 0.0 
-0.815686 -0.0295177 -0.266667 0.0 1.0 0.0 
0.243137 0.156045 0.313726 0.0 1.0 -0.0 
0.420076 -0.117568 0.768628 -0.382692 1.31763e-05 -0.923876 
-0.352941 0.125117 0.345098 0.0 -1.0 0.0 
-0.773063 -0.184187 -0.304998 -0.382685 0.0 0.923879 
-0.476555 -0.0295177 0.79098 0.0 1.0 0.0 
-0.0829549 0.102516 0.310474 0.92388 2.52417e-05 0.382682 
0.329412 0.00792195 0.151662 -0.382691 -2.29995e-05 0.923876 
0.303892 0.156045 -0.415359 -0.0 1.0 0.0 
0.301104 -0.133255 0.690196 0.923876 -2.29467e-05 -0.382691 
-0.180392 0.117726 0.540483 -0.159868 -0.908547 0.385985 
0.455747 0.156045 0.479431 0.0 1.0 -0.0 
-0.172549 0.156045 0.0235294 -0.0 1.0 -0.0 
0.212404 -0.018952 0.476055 0.923876 -2.29467e-05 -0.382691 
0.698039 -0.203843 -0.304352 -0.382692 -2.34665e-05 -0.923876 
0.770798 -0.0436917 0.561802 -0.594183 0.0 0.80433 
-0.203922 0.125117 -0.196078 -0.0 -1.0 0.0 
-0.25098 0.00792195 -0.119174 0.382687 -9.83787e-06 -0.923878 
-0.255737 -0.0534958 -0.958876 -0.382681 0.0 -0.923881 
-0.144591 -0.0295177 0.907626 0.0 1.0 0.0 
0.0392157 0.125117 -0.541176 0.0 -1.0 -0.0 
-0.631124 -0.0886241 -0.246205 -0.382687 6.96308e-06 0.923878 
0.509804 0.156045 0.321569 0.0 1.0 0.0 
-0.344322 0.0630865 -0.0969748 -0.382694 -3.49104e-05 0.923875 
0.229285 -0.0797912 0.908518 0.382672 -2.34319e-05 0.923884 
-0.78978 -0.25125 -0.327841 0.372182 -0.91527 0.154149 
-0.196078 0.156045 0.266667 -0.0 1.0 0.0 
0.307179 -0.151141 -0.704863 0.923878 -9.83787e-06 0.382687 
-0.478431 0.156045 0.0 0.0 1.0 0.0 
-0.156863 -0.0639549 0.4 0.15415 -0.91527 -0.372182 
0.282353 0.156045 -0.360784 0.0 1.0 0.0 
0.443284 -0.26157 0.789444 -0.382672 5.81789e-05 -0.923884 
0.219608 0.156045 0.52549 -0.0 1.0 -0.0 
0.182349 -0.0433614 0.476964 -0.923878 7.06858e-06 0.382687 
-0.477568 0.10204 0.243137 -0.385988 -0.908546 0.159868 
0.165737 -0.055365 0.43686 -0.923876 2.11279e-05 0.382691 
0.964751 -0.0468178 0.241554 0.923881 0.0 0.382681 
-0.393175 -0.0382734 0.901947 -0.382681 0.0 0.923881 
-0.405841 -0.101288 0.835386 -0.382692 1.8136e-05 0.923876 
0.47314 0.125832 -0.0744629 0.6786 -0.678597 -0.281083 
0.776471 -0.188156 0.409398 -0.270647 0.707105 0.653263 
0.698039 -0.180313 -0.304352 -0.382684 -0.0 -0.923879 
-0.511292 -0.0606986 -0.196569 -0.382687 6.96308e-06 0.923878 
-0.155782 -0.0258818 -0.412826 0.923878 7.06858e-06 -0.382687 
-0.537064 -0.0306811 0.840564 -0.270865 0.706397 0.653938 
0.25098 0.125117 -0.243137 0.0 -1.0 0.0 
0.173899 0.0182316 0.41746 0.154184 0.915271 0.372164 
-0.117983 0.0941964 0.321569 -0.923878 2.37205e-05 -0.382686 
-0.642656 -0.17247 0.25098 -0.382692 2.1228e-05 -0.923876 
0.0 0.125117 -0.0627451 0.0 -1.0 0.0 
0.117647 0.125117 -0.596078 0.0 -1.0 0.0 
-0.329412 -0.00776432 -0.151661 0.382687 -9.83787e-06 -0.923878 
0.560212 -0.115106 -0.216831 0.382692 2.1228e-05 0.923876 
-0.815843 -0.0816236 -0.45302 -0.923876 1.8136e-05 -0.382692 
-0.287531 -0.0861957 0.823529 0.382692 -1.31006e-05 -0.923876 
0.101961 0.0154564 -0.227451 -0.15415 -0.91527 0.372182 
0.258824 -0.0295178 0.941176 -0.0 1.0 0.0 
0.578293 -0.0840992 0.254752 -0.382691 -2.29995e-05 0.923876 
-0.101961 0.125117 0.407843 0.0 -1.0 0.0 
-0.933671 -0.0295177 -0.161674 0.0 1.0 0.0 
-0.375854 -0.0468554 0.909122 -0.382681 -0.0 0.923881 
-0.852762 -0.106887 0.290428 0.923876 1.4267e-06 -0.382692 
0.352941 -0.258745 -0.888807 -0.923871 5.03976e-05 -0.382703 
0.177606 0.141247 0.601206 0.382683 -0.0 0.92388 
-0.322897 0.156045 0.108645 0.0 1.0 0.0 
0.329412 -0.0295178 -0.792157 0.0 1.0 0.0 
-0.41603 -0.20707 -0.800735 0.382722 -2.5816e-05 0.923864 
0.501961 0.125117 -0.0862745 0.0 -1.0 -0.0 
-0.456013 -0.0686213 -0.173671 -0.382685 0.0 0.923879 
0.384314 0.156045 0.368627 0.0 1.0 0.0 
-0.847553 -0.141098 0.376471 -0.923869 2.36378e-05 0.382708 
-0.0862745 0.156045 -0.14902 0.0 1.0 -0.0 
0.590225 0.156045 -0.0473866 0.0 1.0 0.0 
0.0806629 0.156045 -0.0443663 -0.0 1.0 -0.0 
-0.909804 -0.0391369 -0.374208 -0.923881 0.0 -0.382681 
-0.415565 0.125117 0.242887 -0.0 -1.0 0.0 
-0.249588 -0.226207 -0.869678 -0.382658 3.81364e-05 -0.92389 
-0.378984 -0.237344 0.899122 -0.38257 -0.0 0.923926 
0.845156 -0.140716 -0.379159 -0.270556 0.707103 -0.653303 
-0.12855 0.09682 0.420553 0.92388 2.52417e-05 0.382682 
-0.603922 0.156045 -0.00784314 0.0 1.0 0.0 
0.222724 -0.0683002 -0.500973 0.923878 -9.61257e-06 0.382687 
-0.652309 0.156045 -0.0269239 0.0 1.0 0.0 
-0.25098 0.00588849 -0.101961 0.372182 -0.91527 0.15415 
-0.690196 -0.205736 -0.298039 0.372182 -0.91527 0.154149 
0.109804 0.156045 -0.219608 -0.0 1.0 0.0 
0.533333 0.125117 -0.25098 0.0 -1.0 -0.0 
0.79763 -0.141098 0.423529 -0.923876 5.09017e-06 -0.382692 
-0.478431 0.156045 0.423529 -0.0 1.0 0.0 
0.156863 -0.0671443 -0.407843 -0.15415 -0.91527 0.372182 
-0.264348 -0.116157 -0.674926 0.923878 7.06858e-06 -0.382687 
-0.153995 0.146192 -0.610986 -0.382683 -0.0 -0.92388 
-0.816176 -0.110493 0.33436 -0.270552 0.707105 -0.653302 
0.0156863 0.125117 0.101961 0.0 -1.0 -0.0 
0.257941 -0.142037 -0.585994 0.923878 -9.83787e-06 0.382687 
0.321569 0.125117 0.384314 0.0 -1.0 0.0 
-0.19128 -0.0318339 0.498523 0.923878 7.06858e-06 0.382687 
-0.88333 -0.251522 -0.350673 -0.382685 0.0 0.923879 
0.586908 0.125117 0.0555141 0.0 -1.0 0.0 
-0.221863 0.109883 0.101961 -0.372164 0.915271 0.154184 
0.352941 0.156045 0.235294 0.0 1.0 0.0 
0.360033 -0.209053 0.82393 -0.382926 -0.0 -0.923779 
0.784772 -0.196755 0.422144 -0.270618 0.707103 0.653278 
-0.818314 -0.133255 -0.447059 -0.923876 1.8136e-05 -0.382692 
0.305882 0.0157651 -0.141916 -0.382691 -2.29467e-05 -0.923876 
0.0470588 0.125117 0.345098 0.0 -1.0 -0.0 
-0.376471 -0.0576342 -0.729412 0.0 -1.0 0.0 
-0.143522 0.0514171 0.0910774 0.372173 -0.915267 -0.154188 
-0.164706 0.125117 -0.517647 0.0 -1.0 -0.0 
0.243137 0.0103988 -0.0941177 -0.372182 -0.91527 0.15415 
0.793216 -0.224065 -0.434181 -0.923864 -2.57939e-05 0.382722 
-0.4694 0.110254 0.209647 -0.382686 -2.41115e-05 -0.923878 
0.368627 0.156045 -0.0235294 0.0 1.0 0.0 
-0.431373 0.125117 -0.337255 -0.0 -1.0 0.0 
-0.810751 -0.227966 0.318384 0.923948 -0.0 -0.382518 
-0.0470588 0.156045 0.509804 -0.0 1.0 0.0 
-0.760784 -0.0563863 0.517647 0.652991 -0.707422 -0.270476 
-0.517647 -0.0626663 -0.229632 0.382691 -2.29467e-05 -0.923876 
0.839216 -0.0295178 0.454902 0.0 1.0 0.0 
0.244394 -0.144789 -0.626752 -0.923879 0.0 -0.382685 
0.355747 -0.212125 -0.795272 -0.38275 -0.0 0.923852 
-0.180392 -0.0295177 -0.878431 0.0 1.0 0.0 
0.207149 0.0863533 -0.0705882 0.382687 7.06858e-06 0.923878 
-0.0627451 0.125117 -0.509804 0.0 -1.0 0.0 
-0.0627451 0.156045 0.384314 0.0 1.0 -0.0 
0.889515 -0.144523 -0.275159 0.923884 -2.34319e-05 -0.382672 
0.826162 -0.0751383 0.428108 0.923876 1.8136e-05 0.382692 
-0.906569 -0.0295178 -0.231358 0.0 1.0 0.0 
-0.28576 -0.137994 -0.726618 0.923878 7.06858e-06 -0.382687 
0.541575 0.141255 0.321569 0.92388 0.0 0.382683 
-0.876836 -0.0978625 -0.232303 -0.923887 0.0 -0.382665 
0.117647 0.156045 -0.0156863 0.0 1.0 -0.0 
-0.780126 -0.0295177 0.433342 0.0 1.0 0.0 
0.415531 -0.0940388 -0.831373 0.382692 1.8136e-05 -0.923876 
-0.705404 -0.127849 -0.307403 0.382691 -2.29467e-05 -0.923876 
-0.367326 0.0551324 -0.106504 -0.382694 -3.49104e-05 0.923875 
-0.12549 0.066164 -0.0470588 0.372182 -0.91527 0.15415 
-0.524622 -0.0505628 0.720473 -0.804279 0.0 -0.594251 
-0.222973 0.12561 0.242712 -0.281096 -0.678548 0.678644 
-0.588235 -0.0705094 -0.258871 0.382691 -2.29467e-05 -0.923876 
-0.190427 -0.0661097 -0.496464 0.923876 2.11279e-05 -0.382691 
-0.517647 0.156045 0.337255 -0.0 1.0 0.0 
0.156863 -0.0576342 0.894118 0.0 -1.0 0.0 
-0.215137 -0.0728516 -0.556119 0.923878 7.06858e-06 -0.382687 
0.479506 0.129127 -0.471416 0.92388 -0.0 -0.382683 
-0.807559 -0.239246 -0.399557 -0.923876 -6.9767e-06 -0.382692 
0.235294 0.156045 -0.564706 -0.0 1.0 -0.0 
-0.870588 -0.0576342 0.172549 0.0 -1.0 -0.0 
-0.245875 -0.117568 0.556863 -0.923878 -9.61257e-06 -0.382687 
-0.479214 0.156045 -0.324243 -0.0 1.0 -0.0 
-0.827366 -0.0533844 0.573233 -0.923881 0.0 0.382681 
-0.262589 -0.0828106 -0.894723 -0.382672 -2.34319e-05 -0.923884 
-0.446908 -0.133051 0.818376 -0.382692 1.8136e-05 0.923876 
0.219608 0.0882695 0.454902 0.159889 -0.908547 0.385976 
0.14902 0.156045 0.0392157 -0.0 1.0 0.0 
-0.568033 -0.056479 -0.779234 -0.804292 -0.00155207 0.594232 
-0.526221 0.125569 0.352941 -0.6786 -0.678597 0.281084 
0.713725 -0.121827 -0.290196 0.372195 0.91527 -0.154115 
-0.768627 -0.0576342 -0.392157 -0.0 -1.0 0.0 
0.0313725 0.156045 0.611765 -0.0 1.0 -0.0 
0.572549 0.125117 0.101961 0.0 -1.0 0.0 
-0.437636 -0.10922 0.822216 -0.382692 1.8136e-05 0.923876 
-0.541176 -0.130609 0.211765 0.372182 -0.91527 -0.154149 
0.52549 -0.0312937 0.84602 0.270868 0.706397 0.653937 
-0.345656 -0.24504 -0.87122 0.923871 -0.0 -0.382703 
-0.29773 -0.0888403 0.849736 -0.382672 9.82683e-06 0.923884 
-0.745098 -0.135905 0.298039 -0.372195 0.91527 0.154115 
-0.188235 0.156045 -0.392157 -0.0 1.0 -0.0 
0.431373 -0.0819958 0.188235 -0.372182 -0.91527 -0.154149 
0.337255 -0.211686 -0.863795 0.38298 0.0 -0.923757 
