ply
format ascii 1.0
comment VCGLIB generated
element vertex 2000
property float x
property float y
property float z
property float nx
property float ny
property float nz
element face 0
property list uchar int vertex_indices
end_header
-0.31208 0.0670679 0.307808 -0.703815 0.0960749 0.703857 
-0.49743 0.789454 0.138387 0.0 -1.0 0.0 
-0.209236 0.789454 0.0855584 0.0 -1.0 -0.0 
-0.242924 -0.472523 0.276355 0.707107 -9.73307e-07 0.707107 
-0.0716134 -0.527429 0.105044 0.707111 0.0 0.707103 
0.0560059 0.789454 0.208318 -0.0 -1.0 0.0 
-0.0610355 0.855265 0.440185 -0.0 1.0 -0.0 
0.158937 -0.49571 0.118256 0.707107 -0.0 -0.707107 
-0.230502 0.678577 0.263933 0.707096 1.85357e-06 0.707118 
0.113578 0.855265 0.192816 -0.0 1.0 -0.0 
0.354493 0.789454 0.281838 -0.0 -1.0 -0.0 
-0.424813 0.855265 0.18554 -0.0 1.0 -0.0 
0.554678 0.789796 -0.0536237 0.991445 -0.0 -0.130525 
-0.256966 -0.695141 -0.297646 0.707107 -1.03543e-08 -0.707107 
0.218774 -0.508421 -0.265116 -0.707116 8.63557e-08 -0.707098 
-0.286578 0.789454 0.411082 0.0 -1.0 -0.0 
0.295511 -0.358773 -0.26208 0.707107 -0.0 0.707107 
0.284423 -0.501625 -0.250993 0.707107 0.0 0.707107 
-0.155618 0.669739 0.189048 0.707109 -1.17541e-05 0.707104 
0.275347 0.855265 0.271825 -0.0 1.0 -0.0 
-0.400034 0.851627 -0.403779 -0.608759 -0.0 -0.793355 
0.349622 -0.291425 0.308939 0.707097 -1.15384e-06 -0.707116 
0.239862 0.789454 0.419871 -0.0 -1.0 -0.0 
0.0465851 0.855265 0.28339 -0.0 1.0 -0.0 
0.226221 0.735218 0.18554 0.707107 8.25617e-08 -0.707107 
0.271616 0.789454 -0.00192475 -0.0 -1.0 0.0 
0.27364 0.855265 -0.280095 0.0 1.0 0.0 
-0.177444 0.789454 0.243745 0.0 -1.0 -0.0 
0.281455 0.855265 -0.368404 -0.0 1.0 -0.0 
-0.116503 -0.489801 0.0701596 -0.707107 2.42031e-05 -0.707107 
0.550724 0.822525 0.0764071 0.991445 -0.0 0.130528 
0.0626488 -0.538003 0.101741 -0.707107 0.0 0.707107 
-0.325545 -0.166363 0.324783 -0.704314 0.0887832 0.704314 
0.222711 0.473299 -0.269053 -0.707118 -1.71833e-06 -0.707096 
-0.101193 0.672735 -0.141874 0.707102 5.18437e-07 -0.707112 
0.0598864 0.66313 -0.0264555 0.707107 -2.28605e-05 0.707107 
-0.314654 -0.52417 0.268311 -0.707107 6.90853e-09 -0.707107 
0.0896114 0.71255 -0.0561794 0.707112 5.3381e-07 0.707101 
0.0370567 -0.567105 -0.00362393 0.707107 -0.0 -0.707107 
0.166236 0.789454 0.484044 -0.0 -1.0 -0.0 
-0.199627 0.789454 -0.000281278 -0.0 -1.0 0.0 
0.324524 0.855265 0.21804 -0.0 1.0 -0.0 
0.120853 0.789454 0.192816 0.0 -1.0 -0.0 
0.305343 0.855265 -0.0400856 0.0 1.0 0.0 
0.157231 0.855265 0.425633 -0.0 1.0 -0.0 
0.237262 -0.734442 -0.283605 -0.707116 8.98099e-08 -0.707098 
0.235629 -0.717248 0.261262 -0.705375 -0.0697557 -0.705393 
0.133874 -0.478908 0.0931938 0.707107 -0.0 -0.707107 
-0.176896 0.74664 0.130553 -0.707101 -5.98411e-07 -0.707112 
-0.548724 0.851627 -0.141859 -0.991445 0.0 -0.130525 
-0.316024 -1.0 -0.3238 0.0 -1.0 -0.0 
-0.379021 -0.879953 -0.360126 -0.705362 0.0697589 -0.705406 
-0.242924 -0.0141631 -0.283605 0.707107 -1.03543e-08 -0.707107 
-0.166768 -0.568337 0.120424 -0.707116 -1.05393e-05 -0.707097 
-0.308404 -0.545278 0.341834 0.706999 2.24458e-05 0.707214 
0.135933 0.855265 0.199173 -0.0 1.0 -0.0 
-0.271497 -0.834099 -0.249864 0.705384 -0.0697559 0.705384 
-0.0628479 0.855265 0.383677 -0.0 1.0 -0.0 
-0.293853 0.429645 0.274853 -0.703276 0.103364 0.703363 
-0.18472 0.706116 -0.225401 0.707085 1.49098e-05 -0.707128 
0.20816 0.575156 -0.254501 -0.707118 -1.71833e-06 -0.707096 
0.0791624 0.739596 -0.0457304 0.707112 -0.0 0.707101 
-0.339424 0.855265 -0.335607 -0.0 1.0 -0.0 
0.0262711 0.789454 -0.250993 0.0 -1.0 -0.0 
0.256276 0.789454 -0.352218 -0.0 -1.0 0.0 
0.320801 -0.196052 -0.28737 0.707024 -2.11334e-05 0.707189 
0.262599 0.589707 0.221918 0.707107 1.70286e-07 -0.707107 
-0.0974133 0.789454 0.425633 0.0 -1.0 -0.0 
0.342888 0.789454 -0.207886 -0.0 -1.0 0.0 
-0.275536 0.778872 0.229194 -0.707107 -1.17855e-05 -0.707107 
0.319042 -0.518567 -0.285611 0.707107 -0.0 0.707107 
0.022503 0.789454 -0.525313 -0.0 -1.0 0.0 
-0.323562 -0.603511 -0.284468 -0.707099 -8.01398e-07 0.707115 
0.0863473 0.648256 -0.13269 -0.707107 2.27656e-05 -0.707107 
-0.00722221 0.789454 -0.363458 -0.0 -1.0 0.0 
-0.0375977 0.789454 0.291866 -0.0 -1.0 0.0 
0.355075 -0.385216 -0.323748 0.704538 0.085157 -0.704539 
0.266087 0.456297 0.225407 0.707106 -2.215e-07 -0.707107 
0.128129 0.789454 -0.381952 -0.0 -1.0 0.0 
0.106836 0.855265 -0.486033 0.0 1.0 0.0 
-0.104689 0.789454 0.360154 0.0 -1.0 -0.0 
-0.228373 0.0731435 0.261805 0.707107 -9.66405e-07 0.707107 
0.313529 -0.319736 0.272847 0.707099 -8.07647e-07 -0.707115 
-0.174847 -0.654322 0.180359 0.216581 -0.951935 -0.216595 
0.193609 0.789454 -0.367401 -0.0 -1.0 0.0 
-0.373884 -0.909056 -0.368141 -0.705362 0.0697589 -0.705406 
0.335994 -0.16424 0.308405 0.704313 0.0887944 0.704314 
-0.439364 0.855265 -0.323748 0.0 1.0 0.0 
-0.297363 -0.457972 0.25102 -0.707107 -0.0 -0.707107 
0.00709738 -0.615297 0.0243275 -0.0200214 -0.999599 -0.0200226 
0.168017 0.706116 0.127336 0.707107 3.40009e-09 -0.707107 
-0.137703 -0.561484 0.171136 0.707102 -1.10227e-05 0.707111 
-0.133791 0.789454 0.418358 0.0 -1.0 -0.0 
0.0638875 0.855265 0.0870815 -0.0 1.0 -0.0 
-0.337639 0.789454 0.137829 -0.0 -1.0 0.0 
-0.321243 0.855265 0.0720973 -0.0 1.0 -0.0 
0.255998 0.855265 -0.228368 0.0 1.0 0.0 
0.227602 -0.615493 -0.19417 0.707107 9.18677e-06 0.707107 
-0.280148 0.789454 -0.367959 0.0 -1.0 0.0 
-0.272026 -0.217878 0.305457 0.706999 2.24458e-05 0.707214 
0.135065 0.855265 0.206233 -0.0 1.0 -0.0 
-0.205425 0.789454 0.464959 0.0 -1.0 0.0 
-0.301129 0.855265 0.0909582 -0.0 1.0 -0.0 
-0.0860529 0.855265 0.12686 0.0 1.0 0.0 
0.390049 0.855265 -0.0909305 0.0 1.0 0.0 
-0.318759 0.789454 -0.358118 0.0 -1.0 0.0 
-0.302929 0.789454 -0.400448 0.0 -1.0 0.0 
0.285869 0.855265 0.0805024 -0.0 1.0 -0.0 
0.0691801 0.855265 0.437467 -0.0 1.0 -0.0 
-0.260966 0.855265 -0.379558 0.0 1.0 0.0 
0.270413 0.806561 0.488537 0.382685 0.0 0.923879 
0.291698 0.211379 -0.258268 0.707107 2.18752e-07 0.707106 
0.291701 -0.712616 0.25102 0.707099 -8.07647e-07 -0.707115 
-0.439364 0.789454 -0.294646 0.0 -1.0 0.0 
-0.0919722 0.789454 -0.378384 -0.0 -1.0 0.0 
0.293442 0.789454 0.00496304 -0.0 -1.0 0.0 
-0.306425 -0.851983 -0.347106 0.707107 -1.03543e-08 -0.707107 
0.438354 0.789454 -0.270155 -0.0 -1.0 0.0 
-0.38485 0.855265 0.100947 -0.0 1.0 -0.0 
-0.391538 -0.938744 0.346101 -0.705344 0.0705634 0.705344 
-0.214651 0.855265 0.41254 -0.0 1.0 -0.0 
0.349907 -0.683514 0.309225 0.707099 -8.07647e-07 -0.707115 
-0.0355068 0.789454 -0.207002 0.0 -1.0 -0.0 
-0.133791 0.855265 -0.345575 0.0 1.0 0.0 
-0.346691 -0.763806 0.300348 -0.707107 -0.0 -0.707107 
0.189843 0.735218 0.149163 0.707107 3.40009e-09 -0.707107 
0.106302 0.771596 -0.152644 -0.707096 0.0 -0.707118 
-0.191995 0.789454 0.432909 0.0 -1.0 -0.0 
0.337092 0.855265 0.0846616 0.0 1.0 0.0 
0.255991 0.570716 0.215311 0.707107 1.70286e-07 -0.707107 
-0.318056 -0.411864 -0.358738 0.70719 -2.13976e-05 -0.707023 
-0.373879 -0.984406 0.368346 -0.705384 0.069756 0.705384 
0.0273099 0.855265 0.421723 -0.0 1.0 -0.0 
0.42865 0.789454 -0.133878 -0.0 -1.0 0.0 
-0.0240355 0.789454 -0.483397 -0.0 -1.0 0.0 
-0.528978 0.855265 -0.156849 0.0 1.0 0.0 
0.0553733 0.789454 -0.178237 -0.0 -1.0 0.0 
-0.0246578 0.789454 0.476562 0.0 -1.0 0.0 
-0.31568 0.211379 0.284417 -0.703583 0.0997145 0.703582 
-0.432088 0.789454 -0.00362393 0.0 -1.0 -0.0 
0.0208235 0.855265 -0.0457178 -0.0 1.0 -0.0 
-0.553716 0.838564 -0.10394 -0.991445 -0.0 -0.130525 
0.147126 -0.492456 -0.19347 -0.707107 2.42031e-05 -0.707107 
0.209523 0.259861 0.248616 -0.707107 3.45427e-09 0.707107 
-0.300135 -0.871693 0.333566 0.707107 -9.66405e-07 0.707107 
-0.249036 0.304319 0.202693 -0.707107 6.90853e-09 -0.707107 
-0.301129 0.789454 -0.120033 0.0 -1.0 -0.0 
0.315549 -0.478462 -0.361892 -0.707116 -9.95978e-07 -0.707098 
-0.257475 0.855265 0.301949 -0.0 1.0 -0.0 
0.176857 0.789454 0.0719293 -0.0 -1.0 0.0 
0.229953 0.832021 -0.512546 0.382685 0.0 -0.923879 
0.0896283 -0.629933 -0.132942 -0.139182 -0.980437 0.139182 
0.296297 -0.965903 0.33539 -0.707107 1.36962e-07 0.707107 
0.513733 0.855265 -0.214615 0.0 1.0 0.0 
-0.445022 0.855265 -0.311404 0.0 1.0 0.0 
-0.472241 0.855265 -0.266009 0.0 1.0 0.0 
-0.127264 -0.49862 0.0809205 -0.707107 2.42031e-05 -0.707107 
0.464422 0.855265 -0.0135177 -0.0 1.0 -0.0 
-0.475742 0.789454 -0.0327261 0.0 -1.0 -0.0 
0.186078 0.855265 -0.20837 -0.0 1.0 -0.0 
0.266609 0.855265 -0.411699 -0.0 1.0 -0.0 
0.262596 0.080419 -0.229166 0.707107 0.0 0.707107 
-0.526671 0.855265 0.0473049 -0.0 1.0 -0.0 
-0.417787 0.855265 0.197704 -0.0 1.0 -0.0 
0.346643 -0.605013 0.352403 0.70545 0.069765 0.705318 
0.271479 0.742494 0.243745 0.702765 0.110632 0.702767 
0.238096 0.855265 -0.306742 -0.0 1.0 -0.0 
-0.2502 0.789454 -0.469259 0.0 -1.0 0.0 
0.391671 0.855265 -0.269354 0.0 1.0 0.0 
-0.221098 0.855265 0.272847 -0.0 1.0 -0.0 
-0.497568 0.789454 0.0327538 0.0 -1.0 -0.0 
-0.31568 -0.741718 -0.35636 0.707107 -1.03543e-08 -0.707107 
-0.217331 -0.57438 -0.178237 -0.707085 2.92297e-05 0.707129 
0.248216 0.789454 0.00988293 -0.0 -1.0 0.0 
0.0528769 0.855265 0.212005 0.0 1.0 0.0 
0.000254521 0.855265 0.257667 -0.0 1.0 -0.0 
-0.23113 0.331525 -0.271812 0.707117 -1.48387e-06 -0.707096 
0.01172 0.855265 -0.447432 -0.0 1.0 -0.0 
-0.286578 -0.392492 -0.327258 0.707107 -1.03543e-08 -0.707107 
-0.0173425 0.855265 0.0136318 0.0 1.0 0.0 
0.200884 0.0658679 0.239977 -0.707107 3.45427e-09 0.707107 
0.404049 0.789454 -0.200031 -0.0 -1.0 0.0 
0.317293 -0.0723675 0.315356 0.704078 0.0924466 0.704079 
0.0164398 -0.558539 0.0555324 -0.707107 0.0 0.707107 
-0.282809 0.567881 -0.243717 -0.707128 1.48616e-05 0.707085 
0.532164 0.855265 -0.14045 -0.0 1.0 -0.0 
0.264457 -1.0 0.297048 0.0 -1.0 0.0 
0.363086 -0.989879 0.322403 0.707099 -8.07647e-07 -0.707115 
-0.432521 0.789454 -0.116066 -0.0 -1.0 0.0 
0.267088 0.855265 0.355658 -0.0 1.0 -0.0 
-0.279397 0.124714 -0.240304 -0.707193 2.07911e-05 0.707021 
0.246694 -0.176017 -0.213263 0.707107 -0.0 0.707107 
-0.246514 -0.0682371 0.200171 -0.707107 -0.0 -0.707107 
-0.108091 -0.604359 -0.0689959 -0.707129 -4.12699e-05 0.707084 
-0.104689 0.855265 0.360154 -0.0 1.0 -0.0 
0.265915 -0.0932998 0.225234 0.707099 -8.07647e-07 -0.707115 
0.44662 0.855265 -0.181763 0.0 1.0 0.0 
-0.279731 -1.0 0.301707 -0.0 -1.0 -0.0 
-0.364992 0.789454 0.152233 -0.0 -1.0 0.0 
0.269875 -0.0505408 0.229194 0.707099 -8.07647e-07 -0.707115 
0.545731 0.855265 -0.0679637 0.0 1.0 0.0 
0.327996 0.793423 0.44746 0.608759 -0.0 0.793355 
0.0889343 -0.607474 -0.135277 -0.707129 4.11002e-05 -0.707084 
-0.177444 -0.659403 0.200091 0.216581 -0.951935 -0.216595 
-0.0901377 0.855265 -0.520188 0.0 1.0 0.0 
0.126574 -0.640643 0.15597 -0.178148 -0.967743 -0.178148 
-0.311978 0.789454 0.029513 0.0 -1.0 -0.0 
-0.254649 -0.0558293 -0.295329 0.707107 -0.0 -0.707107 
0.321336 -0.392478 -0.358365 0.704538 0.0851573 -0.704538 
0.252172 0.380877 0.211491 0.707097 -1.15384e-06 -0.707116 
0.213911 0.436032 0.253004 -0.707057 1.80166e-05 0.707157 
0.389403 0.789454 0.284738 -0.0 -1.0 -0.0 
0.402487 0.855265 -0.131598 0.0 1.0 0.0 
0.158844 0.855265 -0.1179 -0.0 1.0 -0.0 
0.28996 -0.484165 -0.336304 -0.707116 8.98099e-08 -0.707098 
-0.331165 0.0728961 0.284822 -0.707107 0.0 -0.707107 
-0.49594 0.855265 0.160645 -0.0 1.0 -0.0 
-0.344782 0.789454 -0.163686 0.0 -1.0 -0.0 
-0.213865 0.789454 0.352305 0.0 -1.0 -0.0 
0.0910171 0.855265 0.019607 -0.0 1.0 -0.0 
0.320289 -0.861601 0.359382 -0.707107 3.45427e-09 0.707107 
0.0431995 0.846922 0.554405 0.130525 0.0 0.991445 
0.0408222 0.855265 -0.207339 -0.0 1.0 -0.0 
0.0821532 0.855265 0.254776 -0.0 1.0 -0.0 
0.351267 -0.634938 -0.317836 0.707009 -2.13817e-05 0.707205 
-0.280902 -0.173367 -0.321583 0.707107 -0.0 -0.707107 
0.324699 -0.204403 0.324764 0.704314 0.0887945 0.704314 
0.336265 -0.226449 0.295582 0.707097 -1.15384e-06 -0.707116 
0.233495 0.655187 -0.200064 0.707128 1.49098e-05 0.707085 
0.166903 0.855265 0.23985 0.0 1.0 0.0 
-0.301129 0.855265 0.170989 -0.0 1.0 -0.0 
0.222711 0.855265 -0.461984 0.0 1.0 0.0 
0.298977 -0.8363 0.258296 0.707099 -8.07647e-07 -0.707115 
-0.484629 0.789454 -0.291541 0.0 -1.0 0.0 
-0.281893 0.855265 0.415008 -0.0 1.0 -0.0 
0.233761 0.855265 -0.0668391 -0.0 1.0 -0.0 
0.32808 -0.756269 0.287398 0.707099 -8.07647e-07 -0.707115 
-0.264751 0.855265 0.294674 -0.0 1.0 -0.0 
-0.165879 0.855265 0.341529 -0.0 1.0 -0.0 
0.117258 0.855265 0.431892 -0.0 1.0 -0.0 
-0.247016 0.789454 0.0935216 0.0 -1.0 0.0 
0.035742 0.789454 -0.45145 0.0 -1.0 -0.0 
0.140516 0.63903 0.128183 0.0 -1.0 -0.0 
-0.0264754 0.855265 -0.314943 0.0 1.0 0.0 
-0.270202 0.647912 0.265571 -0.702766 0.110632 0.702766 
0.375497 0.789454 -0.338299 -0.0 -1.0 0.0 
-0.0893802 0.703754 -0.130062 0.707102 5.18437e-07 -0.707112 
0.268297 0.175379 0.227616 0.707106 -2.55704e-07 -0.707108 
0.215435 -0.538003 -0.261779 -0.707123 7.5718e-06 -0.707091 
-0.370119 -0.894504 0.323776 -0.707099 1.08925e-05 -0.707115 
-0.2502 -0.341563 -0.29088 0.707107 -1.03543e-08 -0.707107 
0.29094 -0.698545 -0.257509 0.707107 -0.0 0.707107 
-0.301129 0.789454 -0.185513 0.0 -1.0 -0.0 
0.106302 -0.628402 -0.105482 -0.139182 -0.980437 0.139182 
-0.465865 0.855265 0.20328 -0.0 1.0 -0.0 
0.312609 0.855265 0.383888 0.0 1.0 0.0 
-0.322955 0.855265 -0.454708 0.0 1.0 0.0 
-0.2502 0.789454 0.0909582 -0.0 -1.0 0.0 
0.128129 0.789454 -0.425606 -0.0 -1.0 0.0 
-0.344782 0.789454 -0.214615 -0.0 -1.0 0.0 
0.00900175 0.789454 -0.148065 -0.0 -1.0 0.0 
-0.219072 0.149367 -0.259752 0.707107 -1.03543e-08 -0.707107 
0.0480977 0.855265 -0.0327261 0.0 1.0 0.0 
-0.468466 0.855265 0.221918 -0.0 1.0 -0.0 
0.0338912 0.855265 -0.411044 0.0 1.0 0.0 
0.316739 -0.578528 0.276057 0.707099 -8.07647e-07 -0.707115 
-0.309305 0.295915 -0.270212 -0.707065 -1.75465e-05 0.707149 
0.45195 0.789454 0.0860875 0.0 -1.0 0.0 
-0.464766 0.855265 0.181798 -0.0 1.0 -0.0 
-0.0765306 0.855265 0.141033 0.0 1.0 0.0 
0.11709 -0.625309 0.0764071 0.707129 -3.02238e-05 -0.707084 
-0.372647 -0.646728 -0.341681 -0.704895 0.0778541 -0.705026 
-0.315385 -0.0650917 -0.329222 -0.70408 0.0924352 -0.704079 
-0.395711 0.789454 0.170989 0.0 -1.0 -0.0 
0.312918 0.243956 0.272238 0.707106 -2.215e-07 -0.707107 
0.233494 0.364165 -0.200064 0.707107 -0.0 0.707107 
-0.254298 -0.862929 0.287729 0.707107 -9.66405e-07 0.707107 
-0.395711 0.789454 -0.0254506 0.0 -1.0 -0.0 
-0.282491 0.789454 0.335577 0.0 -1.0 -0.0 
0.308996 0.789454 0.150806 -0.0 -1.0 0.0 
-0.0101067 0.855265 0.127336 -0.0 1.0 -0.0 
0.237454 0.104353 -0.283796 -0.707116 -9.95978e-07 -0.707098 
0.34837 -0.83665 -0.380831 0.705362 0.0697574 -0.705406 
0.310017 0.855265 0.360154 -0.0 1.0 -0.0 
-0.114749 0.789454 -0.484664 0.0 -1.0 0.0 
0.245176 0.121403 0.284269 -0.707106 2.52404e-07 0.707108 
-0.0901377 0.669739 0.123569 0.707085 9.50514e-05 0.707128 
-0.525837 0.855265 -0.0656722 0.0 1.0 0.0 
0.154731 0.789454 0.0728588 -0.0 -1.0 0.0 
-0.32095 0.789454 0.222191 0.0 -1.0 -0.0 
-0.380627 0.789454 -0.150174 -0.0 -1.0 0.0 
-0.148342 0.855265 0.141887 0.0 1.0 0.0 
0.237517 0.855265 0.15885 0.0 1.0 0.0 
0.0626488 -0.588932 -0.108992 -0.707061 -0.000119882 -0.707152 
0.331289 -1.0 0.329523 0.0 -1.0 -0.0 
0.09483 0.789454 -0.54484 -0.0 -1.0 0.0 
0.24215 0.122742 0.201469 0.707099 -8.00744e-07 -0.707115 
-0.215002 0.775803 0.248433 0.707096 1.85357e-06 0.707118 
0.114501 0.855265 0.0447812 -0.0 1.0 -0.0 
0.254237 -0.837824 0.254578 -0.705363 -0.0697589 -0.705406 
0.0664236 0.855265 0.0763145 -0.0 1.0 -0.0 
0.392345 0.855265 0.267695 0.0 1.0 0.0 
0.382334 0.855265 0.0635565 0.0 1.0 0.0 
-0.237082 0.855265 -0.0382838 -0.0 1.0 -0.0 
0.305928 -0.610537 -0.272497 0.707107 -0.0 0.707107 
0.1235 -0.588767 0.0828187 0.707085 5.08463e-05 -0.707128 
0.457847 0.789454 -0.185924 -0.0 -1.0 0.0 
-0.211222 0.789454 0.277525 0.0 -1.0 -0.0 
-0.298208 0.364165 -0.28737 -0.703298 0.103353 -0.703342 
0.251813 -0.799922 -0.298156 -0.707116 8.63557e-08 -0.707098 
0.397324 0.855265 -0.396504 0.0 1.0 0.0 
0.283134 0.789454 0.0899148 0.0 -1.0 -0.0 
0.237791 0.855265 0.112036 -0.0 1.0 -0.0 
-0.38116 0.789454 0.12006 0.0 -1.0 -0.0 
0.213238 0.698963 -0.25958 -0.707118 -1.63224e-06 -0.707096 
0.507486 0.855265 -0.123066 -0.0 1.0 -0.0 
-0.271594 0.789454 -0.336473 0.0 -1.0 0.0 
0.215435 0.789454 0.352878 -0.0 -1.0 -0.0 
-0.206547 0.789454 -0.345575 -0.0 -1.0 0.0 
0.00141374 -0.614832 0.00678255 -0.0200212 -0.999599 -0.0200199 
0.333846 0.855265 0.26976 0.0 1.0 0.0 
-0.292735 -0.682125 0.326166 0.707107 -9.73307e-07 0.707107 
0.331919 -0.119224 0.291237 0.707165 1.87348e-05 -0.707049 
-0.0867354 0.789454 -0.311547 -0.0 -1.0 0.0 
-0.177444 0.855265 0.156438 -0.0 1.0 -0.0 
0.01172 0.789454 0.156438 0.0 -1.0 -0.0 
0.117088 0.662463 0.0764071 0.707107 -0.0 -0.707107 
0.290482 0.276859 -0.301921 0.703561 0.0997146 -0.703604 
-0.56405 0.793423 -0.0254506 -0.991445 0.0 -0.130525 
0.34532 -0.254435 0.310445 0.704538 0.0851571 0.704538 
0.382773 0.855265 -0.141859 0.0 1.0 0.0 
-0.330231 0.789454 -0.250993 0.0 -1.0 0.0 
0.221961 -0.14037 -0.268303 -0.707116 8.63557e-08 -0.707098 
-0.248041 -0.775832 0.281472 0.707107 -9.66405e-07 0.707107 
0.21167 0.531503 0.170989 0.707099 -8.07647e-07 -0.707115 
0.165156 0.855265 0.269673 0.0 1.0 0.0 
-0.213612 0.181817 0.247044 0.707107 -9.66405e-07 0.707107 
-0.526922 0.789454 0.168305 0.0 -1.0 -0.0 
0.314114 -0.381394 0.353207 -0.707106 2.81753e-07 0.707108 
-0.218897 0.789454 0.0408091 -0.0 -1.0 0.0 
-0.044672 0.855265 -0.385208 -0.0 1.0 -0.0 
0.455685 0.789454 -0.300393 -0.0 -1.0 0.0 
-0.390458 0.855265 -0.0030334 0.0 1.0 0.0 
-0.373884 0.789454 -0.185513 -0.0 -1.0 0.0 
0.288787 -0.808342 -0.255356 0.707107 -0.0 0.707107 
0.295127 -1.0 0.256743 0.0 -1.0 -0.0 
0.280915 0.855265 -0.301921 -0.0 1.0 -0.0 
-0.199127 0.133706 -0.239807 0.707107 -1.03543e-08 -0.707107 
-0.0918554 0.855265 -0.114868 -0.0 1.0 -0.0 
-0.0636473 0.855265 -0.378571 -0.0 1.0 -0.0 
-0.286026 0.789454 -0.239062 -0.0 -1.0 0.0 
0.244538 0.855265 -0.403779 -0.0 1.0 -0.0 
0.267191 0.789454 0.00627502 -0.0 -1.0 0.0 
0.280915 0.789454 -0.163686 -0.0 -1.0 0.0 
0.343957 -0.845336 -0.385898 0.705179 0.0742133 -0.705135 
0.4046 0.789454 -0.105482 -0.0 -1.0 0.0 
-0.322955 -0.305185 -0.351855 -0.704516 0.085157 -0.70456 
0.00444442 0.789454 0.0473049 -0.0 -1.0 0.0 
-0.0793651 0.789454 0.175519 0.0 -1.0 -0.0 
-0.191995 0.855265 -0.185513 0.0 1.0 0.0 
0.124362 -0.633131 0.113481 -0.139182 -0.980437 -0.139182 
-0.392522 0.805787 -0.409543 -0.608759 -0.0 -0.793355 
-0.282812 -0.516176 0.236469 -0.707107 -0.0 -0.707107 
-0.299999 0.407902 -0.260905 -0.707128 1.47327e-05 0.707085 
-0.359333 0.789454 0.163714 -0.0 -1.0 0.0 
-0.264751 -0.181501 -0.305432 0.707107 -1.03543e-08 -0.707107 
0.513733 0.855265 -0.105482 0.0 1.0 0.0 
0.131927 -0.640136 0.147863 -0.178148 -0.967743 -0.178148 
-0.199426 0.855265 -0.0992855 -0.0 1.0 -0.0 
-0.221098 0.727943 -0.261778 0.707107 1.4524e-07 -0.707107 
0.219095 0.251672 0.258187 -0.707108 -2.55643e-07 0.707106 
-0.0180279 0.789454 0.156168 0.0 -1.0 -0.0 
-0.0861631 0.855265 -0.234563 0.0 1.0 0.0 
-0.0980459 0.789454 0.219797 0.0 -1.0 -0.0 
0.157231 -0.559829 0.196325 -0.707128 3.92591e-05 0.707086 
0.244103 0.855265 0.039738 0.0 1.0 0.0 
0.222456 0.855265 -0.23949 -0.0 1.0 -0.0 
0.107319 0.789454 -0.198299 -0.0 -1.0 0.0 
0.247161 -0.201436 0.20648 0.707099 -8.07647e-07 -0.707115 
-0.290085 -0.8363 -0.250993 -0.707099 -8.01398e-07 0.707115 
0.327959 0.855265 -0.392675 -0.0 1.0 -0.0 
0.268552 -0.453809 -0.235121 0.707107 -0.0 0.707107 
-0.228373 0.855265 -0.127308 0.0 1.0 0.0 
-0.230123 -0.448632 0.263554 0.707107 -9.73307e-07 0.707107 
-0.282263 -0.741382 -0.243171 -0.707099 -8.01398e-07 0.707115 
0.259089 0.855265 -0.243717 0.0 1.0 0.0 
0.171782 0.855265 0.18554 -0.0 1.0 -0.0 
-0.31568 -1.0 0.345602 -0.0 -1.0 -0.0 
-0.308404 -0.0432653 0.326086 -0.704057 0.0924465 0.7041 
-0.0392089 0.855265 0.0109272 -0.0 1.0 -0.0 
0.0263311 -0.486819 -0.0726745 -0.707107 2.42031e-05 -0.707107 
-0.220053 0.651532 0.253484 0.707096 1.63062e-06 0.707117 
-0.191995 0.35689 0.225428 0.707107 -9.73307e-07 0.707107 
-0.173678 0.691565 0.127336 -0.707101 -5.98411e-07 -0.707112 
0.229986 0.789454 0.0254783 -0.0 -1.0 0.0 
0.27364 -1.0 0.272847 0.0 -1.0 0.0 
0.268866 -0.97948 -0.315209 -0.707107 -1.1572e-05 -0.707107 
0.328631 0.789454 -0.268061 -0.0 -1.0 0.0 
-0.183881 0.855265 -0.0863328 -0.0 1.0 -0.0 
-0.354349 -0.920272 0.381442 -0.705344 0.0705634 0.705344 
0.165357 0.789454 -0.36924 -0.0 -1.0 0.0 
0.233497 -0.530727 0.192816 0.707117 9.45602e-07 -0.707097 
0.347224 0.855265 0.368918 -0.0 1.0 -0.0 
-0.0848641 0.855265 0.487603 0.0 1.0 0.0 
-0.322971 -0.480309 0.356402 0.707181 -2.03353e-05 0.707032 
-0.38071 0.855265 0.388926 -0.0 1.0 -0.0 
-0.312007 -0.0151853 0.318797 -0.704057 0.0924465 0.7041 
-0.235488 0.855265 0.243596 0.0 1.0 0.0 
-0.140334 0.789454 0.367066 -0.0 -1.0 0.0 
-0.446495 0.855265 0.0340371 -0.0 1.0 -0.0 
0.0943786 -0.59083 -0.0609468 0.70713 -5.4959e-05 0.707084 
-0.0415312 0.855265 0.360585 -0.0 1.0 -0.0 
-0.235649 -0.603483 -0.276329 0.707107 -1.03543e-08 -0.707107 
-0.27279 0.69113 -0.26343 -0.702766 0.110632 -0.702766 
-0.028343 0.855265 -0.24836 -0.0 1.0 -0.0 
-0.493484 0.855265 -0.00171006 -0.0 1.0 -0.0 
0.533201 0.837076 -0.170962 0.923879 0.0 -0.382685 
0.284423 -0.63986 -0.250993 0.707107 0.0 0.707107 
-0.301129 -0.63986 0.33456 0.707107 -9.73307e-07 0.707107 
0.187296 0.154767 -0.233638 -0.707116 8.98099e-08 -0.707098 
-0.0974133 0.789454 0.345602 0.0 -1.0 -0.0 
-0.234732 0.793423 -0.512912 -0.382685 0.0 -0.923879 
0.111619 -0.473515 -0.110358 0.0 1.0 0.0 
0.059453 0.855265 -0.432691 0.0 1.0 0.0 
-0.311048 -0.461039 0.264705 -0.707107 -0.0 -0.707107 
0.0679951 0.789454 0.247855 0.0 -1.0 -0.0 
0.255938 0.566271 0.286637 0.702983 0.106995 0.703113 
-0.439364 0.789454 0.25102 0.0 -1.0 -0.0 
0.503164 0.846869 0.236225 0.923879 0.0 0.382685 
0.348223 0.855265 0.234365 0.0 1.0 0.0 
-0.514244 0.789454 0.0184488 0.0 -1.0 -0.0 
-0.320638 -1.0 0.340711 -0.0 -1.0 -0.0 
0.0987754 0.789454 0.365753 0.0 -1.0 0.0 
-0.283388 0.789454 0.158793 0.0 -1.0 -0.0 
0.200884 0.855265 0.0982338 0.0 1.0 0.0 
-0.395711 0.789454 -0.163686 -0.0 -1.0 0.0 
-0.275241 0.789269 0.238279 -0.702765 0.110632 0.702767 
0.149955 0.789454 -0.527463 -0.0 -1.0 0.0 
0.105326 -0.618834 -0.0718943 0.707085 5.0902e-05 0.707128 
-0.36165 0.855265 -0.0756572 -0.0 1.0 -0.0 
0.145493 0.789454 -0.480789 -0.0 -1.0 0.0 
0.215435 0.247757 0.254528 -0.707107 3.45427e-09 0.707107 
0.284695 0.855265 0.158348 -0.0 1.0 -0.0 
0.222711 0.145899 -0.269053 -0.707116 8.63557e-08 -0.707098 
-0.123308 0.789454 0.261542 0.0 -1.0 -0.0 
0.252779 0.820731 0.495841 0.382685 0.0 0.923879 
0.264866 -0.0812273 -0.311208 -0.707116 -9.95978e-07 -0.707098 
-0.297272 -0.424318 0.250929 -0.707107 6.90853e-09 -0.707107 
-0.0464844 0.855265 -0.250993 0.0 1.0 0.0 
-0.196365 0.855265 0.283968 -0.0 1.0 -0.0 
-0.020578 0.855265 -0.407436 -0.0 1.0 -0.0 
0.0367425 0.855265 -0.400548 0.0 1.0 0.0 
-0.359236 -0.73898 -0.365088 -0.705177 0.0742248 -0.705135 
-0.454756 0.789454 0.287038 0.0 -1.0 -0.0 
0.178718 0.855265 -0.505589 0.0 1.0 0.0 
-0.141067 0.789454 0.534767 -0.0 -1.0 0.0 
0.148715 0.789454 -0.405352 -0.0 -1.0 0.0 
0.352448 0.855265 -0.213029 0.0 1.0 0.0 
0.495791 0.855265 -0.130942 0.0 1.0 0.0 
0.202213 0.855265 -0.281161 -0.0 1.0 -0.0 
-0.10243 0.704185 0.135861 0.707109 -1.17541e-05 0.707104 
0.32147 -0.678427 0.280788 0.707099 -8.00744e-07 -0.707115 
0.201492 0.00284093 0.240585 -0.707107 3.45427e-09 0.707107 
-0.228664 -0.357078 0.262096 0.707107 -9.73307e-07 0.707107 
-0.143174 0.855265 -0.493083 0.0 1.0 0.0 
0.0886433 0.789454 0.457437 0.0 -1.0 -0.0 
-0.327302 0.00915385 -0.307557 -0.704057 0.0924468 -0.7041 
-0.111964 0.789454 0.243745 0.0 -1.0 -0.0 
0.229986 0.789454 0.345602 -0.0 -1.0 -0.0 
-0.264775 -0.344594 0.218432 -0.707107 6.90853e-09 -0.707107 
0.263126 -0.790557 0.302218 -0.707107 3.45427e-09 0.707107 
-0.272829 -0.691139 0.306259 0.707107 -9.66405e-07 0.707107 
0.313776 -0.307161 -0.280346 0.707107 0.0 0.707107 
0.233497 0.713392 0.192816 0.707107 8.25617e-08 -0.707107 
-0.11924 0.647912 -0.159921 0.707102 5.18437e-07 -0.707112 
-0.268259 -0.290634 -0.229166 -0.707099 -8.01398e-07 0.707115 
0.269873 0.22593 -0.236442 0.707024 -2.11334e-05 0.707189 
-0.247575 0.834066 0.500342 -0.382685 0.0 0.923879 
-0.282163 -0.315063 -0.24307 -0.707099 -8.01398e-07 0.707115 
0.0229856 0.855265 -0.159019 -0.0 1.0 -0.0 
0.13347 0.789454 -0.40623 -0.0 -1.0 0.0 
0.324569 0.0222146 -0.302914 0.704058 0.0924354 -0.704101 
-0.293034 0.21408 0.30668 -0.703583 0.0997145 0.703582 
0.0588834 -0.57438 0.0182027 0.707107 -0.0 -0.707107 
0.317293 -0.916331 0.356386 -0.707107 1.36962e-07 0.707107 
0.242803 0.789454 0.128714 0.0 -1.0 -0.0 
0.330551 -0.079831 -0.29712 0.707164 1.85157e-05 0.70705 
-0.536365 0.789454 0.0475041 0.0 -1.0 -0.0 
-0.195675 0.855265 -0.518805 0.0 1.0 0.0 
0.0626488 0.778872 0.101741 -0.707107 -1.97677e-07 0.707107 
-0.341497 0.855265 0.108616 -0.0 1.0 -0.0 
-0.355569 -0.981811 0.309225 -0.707099 1.08925e-05 -0.707115 
-0.519395 0.789454 0.0764071 0.0 -1.0 -0.0 
0.284425 0.473299 0.243745 0.707107 1.70286e-07 -0.707107 
0.161479 -0.522937 -0.128048 0.707111 -0.0 0.707103 
-0.279302 -0.850889 0.236469 0.70536 -0.0697573 -0.705408 
0.232829 0.176129 -0.279171 -0.707115 -8.45248e-07 -0.707099 
-0.223215 0.855265 0.0691329 0.0 1.0 0.0 
0.418894 0.789454 -0.243326 -0.0 -1.0 0.0 
-0.221098 -0.479798 0.25453 0.707102 -1.10227e-05 0.707111 
-0.0974133 0.789454 -0.505637 0.0 -1.0 0.0 
0.269873 0.48785 -0.236442 0.707064 -1.77546e-05 0.707149 
0.54402 0.822525 -0.134584 0.991445 -0.0 -0.130525 
-0.526333 0.789454 0.0725323 0.0 -1.0 -0.0 
0.01172 0.855265 0.0400294 0.0 1.0 0.0 
-0.350184 -0.297909 -0.323748 -0.704516 0.085157 -0.70456 
-0.356152 -0.456741 -0.317059 -0.707106 -2.48935e-07 0.707108 
0.211669 -0.618034 -0.178237 0.707108 8.34686e-06 0.707105 
-0.170798 0.855265 -0.0465148 -0.0 1.0 -0.0 
-0.264751 0.789454 -0.469259 0.0 -1.0 0.0 
-0.330231 -0.77082 0.363661 0.706999 2.24458e-05 0.707214 
0.318654 0.811518 -0.461879 0.608759 -0.0 -0.793355 
-0.0683111 0.855265 -0.0400017 -0.0 1.0 -0.0 
0.120853 0.789454 -0.0691039 -0.0 -1.0 0.0 
-0.2502 -0.70534 -0.29088 0.707107 -1.03543e-08 -0.707107 
0.0443619 -0.617066 -0.0423696 -0.0599554 -0.996399 0.0599517 
-0.308404 -0.5089 -0.349085 0.707107 0.0 -0.707107 
0.244538 0.789454 -0.469259 -0.0 -1.0 0.0 
-0.191995 0.789454 -0.331024 -0.0 -1.0 0.0 
0.264457 -1.0 0.297048 0.0 -1.0 0.0 
0.272117 -1.0 -0.268697 0.0 -1.0 0.0 
-0.102956 0.855265 0.337783 0.0 1.0 0.0 
0.306127 -1.0 0.324311 0.0 -1.0 0.0 
0.206525 0.789454 0.318385 0.0 -1.0 0.0 
-0.0535036 0.789454 -0.360417 0.0 -1.0 -0.0 
-0.301129 0.855265 0.156438 -0.0 1.0 -0.0 
0.22728 0.855265 -0.168986 0.0 1.0 0.0 
0.265342 0.789454 -0.432246 -0.0 -1.0 0.0 
0.35814 0.855265 0.0104251 -0.0 1.0 -0.0 
-0.00189718 0.855265 -0.451714 0.0 1.0 0.0 
0.288536 -1.0 -0.330687 0.0 -1.0 0.0 
-0.166135 0.737821 0.119792 -0.707101 -5.98411e-07 -0.707112 
0.0443323 -0.487074 0.00365162 0.707107 0.0 -0.707107 
-0.455739 0.789454 0.20996 0.0 -1.0 0.0 
-0.0464844 0.855265 0.221918 -0.0 1.0 -0.0 
-0.0462449 0.855265 -0.403055 -0.0 1.0 -0.0 
-0.267094 0.227369 -0.307775 0.707107 -2.1074e-07 -0.707106 
0.36675 -0.837114 0.355248 0.705385 0.0697513 0.705385 
0.0771999 -0.625615 0.105509 -0.0996998 -0.99001 -0.0996998 
-0.301129 0.855265 -0.432881 0.0 1.0 0.0 
-0.287333 0.574086 -0.266965 -0.703047 0.107006 -0.703047 
0.397324 0.855265 -0.0400017 0.0 1.0 0.0 
0.0500984 0.789454 -0.170483 -0.0 -1.0 0.0 
-0.0572707 -0.494349 0.0109272 -0.707107 2.42031e-05 -0.707107 
0.224622 0.789454 0.290315 0.0 -1.0 0.0 
0.302742 0.218654 0.29066 0.703561 0.0997148 0.703604 
-0.11924 0.789454 -0.236442 -0.0 -1.0 0.0 
0.124159 0.855265 0.512883 -0.0 1.0 -0.0 
0.129778 0.714018 -0.17612 -0.707099 1.22846e-05 -0.707115 
-0.2502 -0.407043 -0.29088 0.707107 -1.03543e-08 -0.707107 
-0.319427 -0.720897 0.273084 -0.707107 6.90853e-09 -0.707107 
-0.443449 0.855265 -0.293557 0.0 1.0 0.0 
0.42637 0.789454 0.200445 -0.0 -1.0 -0.0 
-0.472358 0.789454 -0.169525 0.0 -1.0 0.0 
-0.341017 -0.407043 0.294674 -0.707106 -2.55704e-07 -0.707108 
0.24641 -0.661547 0.22077 0.0 -1.0 0.0 
-0.340702 -1.0 -0.306416 0.0 -1.0 -0.0 
-0.552761 0.855265 -0.0182276 0.0 1.0 0.0 
-0.0938922 -0.62545 0.0928424 0.0997065 -0.990009 -0.0997004 
0.0797169 0.855265 0.129411 0.0 1.0 0.0 
-0.18472 0.789454 -0.0254506 -0.0 -1.0 0.0 
0.330231 -0.601324 -0.37342 0.704893 0.0778769 -0.705026 
0.311291 -0.103892 0.325498 0.704078 0.0924466 0.704079 
-0.282811 0.48785 -0.243717 -0.707128 1.47327e-05 0.707085 
0.162995 0.789454 -0.0409587 -0.0 -1.0 0.0 
0.240772 -0.0650919 0.200091 0.707099 -8.07647e-07 -0.707115 
0.332739 0.811236 0.443821 0.608759 -0.0 0.793355 
-0.279302 -0.523452 -0.319983 0.707107 -1.03543e-08 -0.707107 
-0.314172 -0.0141631 -0.323748 -0.704057 0.0924468 -0.7041 
-0.362213 -0.605866 -0.323119 -0.707193 2.07911e-05 0.707021 
0.0990266 0.855265 -0.440157 0.0 1.0 0.0 
-0.143001 -0.646277 0.176433 0.707124 0.000200292 0.707089 
0.266126 0.789454 -0.0678487 0.0 -1.0 -0.0 
-0.281674 0.0287098 -0.322356 0.707117 -1.4776e-06 -0.707096 
0.149165 -0.528152 0.188257 -0.707107 1.19994e-07 0.707107 
-0.526671 0.789454 0.105509 0.0 -1.0 -0.0 
-0.228072 0.735237 0.18173 -0.707128 1.49579e-05 -0.707085 
0.00444442 -0.479798 0.043537 -0.707107 0.0 0.707107 
-0.422294 0.789454 -0.349595 0.0 -1.0 0.0 
0.273868 -0.20936 -0.240437 0.707107 0.0 0.707107 
0.284118 0.789454 0.012837 -0.0 -1.0 0.0 
0.0832937 0.63903 -0.0785375 0.0 -1.0 0.0 
-0.103007 -0.473515 0.0610824 0.0 1.0 0.0 
0.138854 -0.557915 -0.185197 -0.707128 3.8995e-05 -0.707086 
-0.0145743 0.789454 0.27982 0.0 -1.0 -0.0 
0.289368 -0.0326008 -0.255937 0.707193 2.07911e-05 0.707021 
0.171782 0.789454 -0.243717 -0.0 -1.0 0.0 
0.324569 0.855265 0.411082 -0.0 1.0 -0.0 
-0.27764 0.287351 -0.318323 0.707149 -1.77613e-05 -0.707064 
0.244538 0.364165 0.28363 -0.707107 1.34247e-08 0.707107 
-0.224608 0.385992 0.178265 -0.707107 6.90853e-09 -0.707107 
-0.360651 0.855265 -0.333677 0.0 1.0 0.0 
-0.279928 -0.0290947 -0.240834 -0.707099 -8.01398e-07 0.707115 
-0.351847 -0.237144 -0.312752 -0.707166 1.90355e-05 0.707047 
0.44703 0.855265 -0.132116 0.0 1.0 0.0 
-0.263767 -0.988299 -0.304448 0.707107 -1.03543e-08 -0.707107 
0.346395 0.855265 0.229194 -0.0 1.0 -0.0 
0.0449071 0.855265 0.168187 0.0 1.0 0.0 
-0.350407 -0.883646 -0.311313 -0.707099 -8.01398e-07 0.707115 
-0.288754 0.0744178 -0.249661 -0.707106 -2.48935e-07 0.707108 
0.357183 -0.407043 0.3165 0.707024 -2.11452e-05 -0.707189 
-0.255698 -0.100978 0.209355 -0.707107 6.90853e-09 -0.707107 
0.255692 0.789454 0.453654 -0.0 -1.0 -0.0 
-0.0757299 0.789454 0.52942 0.0 -1.0 0.0 
-0.0577462 0.789454 0.450703 -0.0 -1.0 0.0 
0.247054 -0.526753 0.206373 0.707117 9.45602e-07 -0.707097 
0.240771 -0.618034 -0.207339 0.707107 9.18677e-06 0.707107 
-0.31568 0.855265 0.061856 -0.0 1.0 -0.0 
0.0429396 0.855265 0.0140313 0.0 1.0 0.0 
0.528284 0.789454 -0.0108995 -0.0 -1.0 0.0 
0.00115896 0.855265 -0.177691 -0.0 1.0 -0.0 
-0.121513 0.669244 0.0751711 -0.707107 2.27656e-05 -0.707107 
-0.260476 0.855265 -0.0630471 -0.0 1.0 -0.0 
-0.257475 0.647912 -0.285549 -0.702767 0.110621 -0.702767 
0.324569 -0.676238 -0.370913 -0.70703 1.94963e-05 -0.707183 
0.255675 0.162673 0.294769 -0.707173 -1.9737e-05 0.70704 
0.310017 -0.261532 0.346606 0.704539 0.0851573 0.704538 
0.427149 0.789454 0.123287 0.0 -1.0 -0.0 
-0.25901 0.789454 0.140836 0.0 -1.0 -0.0 
-0.0359935 -0.556168 -0.0766758 0.707102 -2.69582e-05 -0.707111 
-0.270946 0.255191 -0.311627 0.707107 -2.1074e-07 -0.707106 
0.48272 0.789454 0.0653163 0.0 -1.0 -0.0 
-0.243447 0.789454 -0.480121 0.0 -1.0 0.0 
0.0217969 0.855265 -0.39202 0.0 1.0 0.0 
-0.196365 0.855265 0.283968 -0.0 1.0 -0.0 
0.382773 0.789454 0.0109272 -0.0 -1.0 0.0 
-0.105728 0.855265 -0.323381 -0.0 1.0 -0.0 
-0.25371 0.233206 0.207367 -0.707107 -0.0 -0.707107 
-0.300535 -0.648764 -0.341216 0.707107 -1.03543e-08 -0.707107 
0.331844 0.789454 0.0836827 -0.0 -1.0 0.0 
0.211671 -0.567105 0.170989 0.707085 2.92297e-05 -0.707129 
-0.318937 0.0791486 -0.306552 -0.703813 0.0960862 -0.703857 
0.322918 -0.517117 -0.289487 0.707107 -0.0 0.707107 
0.196422 0.789454 -0.49686 -0.0 -1.0 0.0 
-0.279302 -0.545278 0.312733 0.707107 -9.66405e-07 0.707107 
0.410457 0.855265 0.105283 0.0 1.0 0.0 
-0.246432 0.0222146 -0.207339 -0.707099 -8.01398e-07 0.707115 
0.331844 -0.821749 -0.378189 -0.707116 8.98099e-08 -0.707098 
0.251813 0.196828 -0.298157 -0.707066 1.70898e-05 -0.707148 
-0.270209 0.855265 -0.223106 -0.0 1.0 -0.0 
-0.216592 0.789906 0.513176 -0.382685 -0.0 0.923879 
0.419307 0.789454 -0.288913 -0.0 -1.0 0.0 
-0.289221 0.61881 0.25102 -0.703047 0.107006 0.703046 
-0.165317 0.789454 -0.34517 -0.0 -1.0 0.0 
0.306889 0.335035 0.266208 0.707106 -2.215e-07 -0.707107 
-0.321732 0.855265 -0.244149 0.0 1.0 0.0 
-0.330231 -0.8363 -0.370912 0.707107 -1.03543e-08 -0.707107 
0.324569 0.855265 -0.236442 0.0 1.0 0.0 
0.167595 -0.53129 0.126914 0.707107 -0.0 -0.707107 
0.062194 0.855265 0.339022 0.0 1.0 0.0 
0.304582 -0.152399 -0.345575 0.704313 0.0887942 -0.704314 
0.340052 -0.165904 0.29937 0.707165 1.87348e-05 -0.707049 
0.261296 0.855265 0.146541 -0.0 1.0 -0.0 
0.00617246 0.855265 -0.278957 -0.0 1.0 -0.0 
0.443101 0.789454 0.0744654 -0.0 -1.0 0.0 
0.383996 0.855265 0.184588 -0.0 1.0 -0.0 
0.360946 -0.501625 -0.331432 0.704729 0.0815153 -0.704778 
0.347635 0.789454 0.0121958 0.0 -1.0 -0.0 
0.0907997 0.772635 -0.137142 -0.707096 0.0 -0.707118 
-0.17785 -0.509256 -0.218533 0.707084 -6.51631e-05 -0.707129 
-0.269848 0.165113 0.303279 0.707046 1.9522e-05 0.707167 
-0.295654 -0.887348 0.249311 -0.707107 6.90853e-09 -0.707107 
0.0985421 -0.532821 0.137635 -0.707107 0.0 0.707107 
0.448492 0.855265 0.241003 -0.0 1.0 -0.0 
-0.377553 -0.925124 0.35881 -0.705384 0.069756 0.705384 
-0.287901 0.855265 -0.00400674 -0.0 1.0 -0.0 
-0.44864 0.789454 0.165616 0.0 -1.0 0.0 
0.36218 -1.0 -0.367833 -0.0 -1.0 0.0 
0.513476 0.789454 -0.213479 -0.0 -1.0 0.0 
-0.272317 -0.520716 0.305748 0.707107 -9.66405e-07 0.707107 
0.244538 0.16045 -0.290879 -0.707117 -1.39068e-06 -0.707096 
-0.38116 0.855265 -0.018175 0.0 1.0 0.0 
-0.561176 0.837076 0.0400294 -0.991445 0.0 0.130528 
0.364794 -0.937982 0.324111 0.707099 -8.07647e-07 -0.707115 
-0.306827 -0.574232 0.340258 0.707107 -9.73307e-07 0.707107 
-0.217502 0.855265 0.402045 -0.0 1.0 -0.0 
0.234566 0.855265 -0.0739761 -0.0 1.0 -0.0 
0.262596 -0.0287142 -0.229166 0.707107 0.0 0.707107 
0.343029 -0.516859 0.347298 0.705386 0.0697536 0.705383 
0.0952618 -0.618034 0.0545805 0.707085 5.08463e-05 -0.707128 
-0.362842 -0.596207 -0.323748 -0.707193 2.07911e-05 0.707021 
-0.05376 0.789454 0.3165 0.0 -1.0 -0.0 
0.506397 0.855265 -0.21371 0.0 1.0 0.0 
0.299824 0.789454 -0.340685 -0.0 -1.0 0.0 
-0.116546 0.676157 -0.157227 0.707102 5.18437e-07 -0.707112 
-0.224608 0.495125 0.178265 -0.707107 6.90853e-09 -0.707107 
0.20816 -0.0432653 0.247252 -0.707107 6.90854e-09 0.707107 
-0.287906 -1.0 -0.255906 0.0 -1.0 -0.0 
0.502484 0.789454 0.215583 -0.0 -1.0 -0.0 
-0.141067 -0.603483 -0.181748 0.70713 2.05183e-05 -0.707084 
-0.295958 0.308487 -0.256865 -0.707107 0.0 0.707107 
-0.146379 0.702568 0.17981 0.707109 -1.17541e-05 0.707104 
-0.257475 -0.319736 -0.298156 0.707107 -1.03543e-08 -0.707107 
0.200884 0.855265 0.0254783 0.0 1.0 0.0 
-0.142979 -0.614067 -0.103886 -0.707107 0.0 0.707107 
0.00174823 0.855265 0.548 -0.0 1.0 -0.0 
0.25831 -0.143489 -0.304653 -0.707116 8.98099e-08 -0.707098 
0.248045 0.204103 -0.214615 0.707107 0.0 0.707107 
0.0947574 0.855265 -0.174387 -0.0 1.0 -0.0 
-0.29637 0.855265 0.309909 0.0 1.0 0.0 
0.0262711 0.822525 -0.563883 0.130509 -0.0 -0.991447 
0.361965 0.855265 0.322473 -0.0 1.0 -0.0 
-0.267147 0.855265 0.158937 -0.0 1.0 -0.0 
-0.31568 -1.0 0.287398 -0.0 -1.0 0.0 
-0.275535 0.466023 -0.236442 -0.707065 -1.756e-05 0.707149 
-0.206547 0.327788 0.239979 0.707107 -9.73307e-07 0.707107 
-0.337241 -0.62899 -0.37513 -0.704958 0.0778769 -0.704961 
-0.293853 -0.523452 -0.334534 0.707107 -1.03543e-08 -0.707107 
-0.0283377 0.855265 -0.375651 0.0 1.0 0.0 
0.168015 -0.618034 -0.134584 0.707085 2.9102e-05 0.707128 
-0.360173 0.789454 0.316884 0.0 -1.0 -0.0 
0.326276 -0.129184 0.285594 0.707097 -1.15384e-06 -0.707116 
-0.299023 0.789454 0.461655 0.0 -1.0 -0.0 
-0.125827 -0.577459 0.0794829 -0.707084 6.50989e-05 -0.707129 
0.23603 -0.538739 -0.202599 0.707108 8.34686e-06 0.707105 
0.0400935 0.855265 -0.0868082 -0.0 1.0 -0.0 
0.132508 0.855265 0.147851 0.0 1.0 0.0 
0.175071 0.789454 0.524172 -0.0 -1.0 -0.0 
0.494022 0.793423 0.258296 0.923879 -0.0 0.382685 
0.432074 0.855265 0.179012 0.0 1.0 0.0 
-0.11899 0.855265 0.0301035 -0.0 1.0 -0.0 
-0.348291 -0.821749 -0.309197 -0.707099 -8.01398e-07 0.707115 
-0.191995 0.611534 -0.232676 0.707055 1.86531e-05 -0.707158 
-0.0898761 0.789454 -0.246853 -0.0 -1.0 0.0 
0.33912 -0.385216 0.332453 0.704539 0.0851573 0.704538 
0.0298446 0.789454 -0.207002 -0.0 -1.0 0.0 
-0.0185106 0.855265 -0.187682 -0.0 1.0 -0.0 
-0.29233 0.855265 -0.264105 0.0 1.0 0.0 
0.277931 -0.142153 0.317024 -0.707106 2.81753e-07 0.707108 
0.27359 0.855265 -0.461881 -0.0 1.0 -0.0 
0.298974 -0.77082 -0.265544 0.707107 0.0 0.707107 
0.291702 -0.312461 0.25102 0.707099 -8.07647e-07 -0.707115 
-0.38116 0.789454 0.0982338 0.0 -1.0 -0.0 
0.455528 0.855265 0.200091 -0.0 1.0 -0.0 
0.0816179 0.790543 -0.556597 0.130509 -0.0 -0.991447 
0.510743 0.789454 0.13175 -0.0 -1.0 -0.0 
-0.18472 0.793423 -0.533628 -0.382685 0.0 -0.923879 
-0.0755866 0.789454 0.192816 0.0 -1.0 -0.0 
-0.319754 -0.413604 -0.28066 -0.707099 -8.08307e-07 0.707115 
-0.307918 -0.203322 0.341351 0.707106 2.37923e-07 0.707108 
0.472671 0.855265 0.246958 -0.0 1.0 -0.0 
-0.111964 0.789454 0.178265 0.0 -1.0 -0.0 
-0.0610355 0.789454 0.265571 -0.0 -1.0 0.0 
-0.46939 0.855265 -0.253974 0.0 1.0 0.0 
0.00538479 0.789454 0.20635 -0.0 -1.0 0.0 
-0.0901377 0.855265 -0.15641 -0.0 1.0 -0.0 
-0.0274539 0.855265 0.318078 -0.0 1.0 -0.0 
-0.288402 0.789454 0.262766 0.0 -1.0 -0.0 
-0.206547 0.789454 0.287398 0.0 -1.0 -0.0 
0.488798 0.789454 -0.230863 -0.0 -1.0 0.0 
-0.184775 0.855265 -0.332525 0.0 1.0 0.0 
-0.00751433 -0.614545 0.000714595 0.0200219 -0.999599 0.0200207 
0.345639 0.789454 -0.416642 -0.0 -1.0 0.0 
-0.448569 0.789454 -0.194053 0.0 -1.0 0.0 
-0.0132129 0.855265 -0.0282847 -0.0 1.0 -0.0 
0.511321 0.855265 -0.21064 0.0 1.0 0.0 
0.268546 -0.141207 -0.314888 -0.707116 -9.95978e-07 -0.707098 
-0.553513 0.793423 0.0982338 -0.991445 -0.0 0.130528 
0.10813 0.855265 0.0289709 -0.0 1.0 -0.0 
0.2439 0.266433 0.282994 -0.707057 1.80166e-05 0.707157 
0.0480977 0.855265 0.141887 -0.0 1.0 -0.0 
-0.170169 0.855265 -0.0691039 -0.0 1.0 -0.0 
-0.447861 0.789454 0.234227 0.0 -1.0 0.0 
-0.162893 -0.639676 0.12006 0.178148 -0.967743 -0.178148 
0.16454 0.789454 -0.226116 -0.0 -1.0 0.0 
-0.247491 0.708477 0.201149 -0.707128 1.49579e-05 -0.707085 
0.361825 -0.768579 -0.35995 0.705178 0.0742129 -0.705136 
-0.341402 -0.215349 0.295056 -0.707097 -1.15991e-06 -0.707116 
0.248581 0.0209024 -0.215151 0.707107 0.0 0.707107 
0.300918 0.789454 0.448734 0.0 -1.0 0.0 
-0.313463 0.245096 0.26712 -0.707107 -1.31713e-08 -0.707107 
0.0861918 0.789454 0.515317 -0.0 -1.0 -0.0 
-0.0751369 0.855265 -0.377303 -0.0 1.0 -0.0 
-0.301129 -0.472523 0.334559 0.706999 2.24458e-05 0.707214 
-0.228373 -0.079643 -0.269054 0.707107 -1.03543e-08 -0.707107 
-0.185347 0.789454 0.400979 -0.0 -1.0 0.0 
-0.195877 -0.515295 0.229309 0.707102 -1.10227e-05 0.707111 
0.306715 0.789454 -0.0196363 -0.0 -1.0 0.0 
-0.155618 0.851627 0.538433 -0.382685 -0.0 0.923879 
-0.236076 0.789454 0.00296458 0.0 -1.0 0.0 
0.375497 0.789454 0.141887 0.0 -1.0 0.0 
0.330501 -0.520758 -0.29707 0.707107 0.0 0.707107 
0.463731 0.789454 0.289002 -0.0 -1.0 -0.0 
-0.424813 0.81525 -0.372382 -0.793355 0.0 -0.608759 
0.259089 -0.858127 -0.305432 -0.707116 8.98099e-08 -0.707098 
-0.2502 -0.799922 0.28363 0.707107 -9.73307e-07 0.707107 
0.263785 0.78038 -0.252726 0.702701 0.110621 -0.702833 
-0.228373 -0.399767 0.261804 0.707107 -9.66405e-07 0.707107 
-0.122719 0.789454 -0.472918 0.0 -1.0 0.0 
0.397324 0.855265 -0.185513 0.0 1.0 0.0 
-0.114398 -0.578547 -0.0753037 -0.707107 1.00195e-05 0.707106 
