ply
format ascii 1.0
comment VCGLIB generated
element vertex 2000
property float x
property float y
property float z
property float nx
property float ny
property float nz
element face 0
property list uchar int vertex_indices
end_header
-0.452252 0.0613715 0.266049 -0.625354 -0.615365 0.479853 
0.319167 -0.249405 0.354105 0.707124 0.0 0.70709 
0.385383 0.119915 0.0377356 -0.0 1.0 -0.0 
-0.363872 0.047362 0.246103 0.0 -1.0 0.0 
0.305867 0.0473619 -0.248231 -0.0 -1.0 -0.0 
0.177297 0.047362 -0.274832 0.0 -1.0 -0.0 
-0.336367 -0.998656 -0.3369 -0.707107 0.0 -0.707107 
0.381235 0.119915 -0.0575928 -0.0 1.0 -0.0 
-0.337495 0.119915 0.250574 -0.0 1.0 0.0 
-0.326586 0.047362 -0.274447 0.0 -1.0 0.0 
-0.0371589 0.119915 -0.160573 -0.0 1.0 0.0 
0.321703 -0.354053 -0.35175 0.707106 0.0 -0.707107 
-0.32287 -0.725769 0.282477 -0.707107 0.0 -0.707107 
-0.321067 0.119915 -0.233787 -0.0 1.0 -0.0 
-0.245823 0.119915 -0.214102 -0.0 1.0 -0.0 
0.150696 -0.0898007 0.190909 -0.707105 -0.0 0.707109 
-0.240974 -0.107372 -0.281555 0.707107 -2.11379e-07 -0.707107 
0.0853813 0.119915 0.178015 -0.0 1.0 -0.0 
-0.313074 -0.491292 -0.353655 0.707107 -0.0 -0.707107 
0.390102 0.119915 0.314816 0.0 1.0 0.0 
-0.328116 0.119915 -0.3502 -0.0 1.0 0.0 
-0.544 0.119915 -0.0837212 -0.0 1.0 -0.0 
-0.336983 -0.400142 0.336101 -0.707124 0.0 0.70709 
0.319167 -0.581913 0.354105 0.707124 0.0 0.70709 
-0.10242 0.119915 -0.260493 -0.0 1.0 -0.0 
-0.186928 0.119915 0.307957 -0.0 1.0 -0.0 
-0.104184 0.119915 0.0616357 -0.0 1.0 -0.0 
-0.0136554 0.0387691 0.0133423 -0.621145 -0.0 0.783695 
0.323464 0.119915 0.221229 -0.0 1.0 -0.0 
0.273775 -0.285281 0.313989 -0.707094 0.0 0.707119 
0.398969 0.119915 -0.283698 -0.0 1.0 -0.0 
-0.117525 0.114138 0.549789 -0.130326 -0.0548258 0.989954 
0.336554 -0.20507 -0.3369 0.707106 0.0 -0.707107 
0.445043 0.0473619 -0.0300893 0.0 -1.0 0.0 
-0.280034 -0.73811 -0.3206 0.706426 -0.0444285 0.706391 
-0.284232 -0.610961 0.32463 0.707131 -3.11169e-06 0.707082 
0.508956 0.0525779 -0.0703661 0.781506 -0.615356 -0.102885 
0.409231 0.119915 0.314018 -0.0 1.0 -0.0 
0.210807 -0.0928406 -0.2512 -0.707107 -1.80555e-07 -0.707107 
-0.284107 0.119915 0.320696 -0.0 1.0 -0.0 
0.531137 0.0792065 -0.0611478 0.78151 -0.615352 -0.102883 
0.408727 0.119915 0.221982 -0.0 1.0 -0.0 
0.201576 0.119915 -0.135901 -0.0 1.0 -0.0 
0.265966 0.119915 -0.425569 0.0 1.0 0.0 
-0.104061 -0.14459 -0.123554 -0.0 -1.0 0.0 
0.142953 0.119915 -0.185018 -0.0 1.0 -0.0 
-0.00799434 0.119915 0.53598 0.0 1.0 0.0 
-0.270481 0.0473619 -0.0354256 0.0 -1.0 0.0 
0.00882591 0.0473619 -0.270398 0.0 -1.0 0.0 
-0.0360861 0.119915 0.458023 -0.0 1.0 -0.0 
-0.485261 0.114138 0.288216 -0.792185 -0.0542578 0.607864 
0.234931 0.114138 0.509263 0.382116 -0.0543032 0.922517 
-0.124177 0.068271 0.514321 -0.102885 -0.615358 0.781505 
-0.202204 0.119915 -0.0356431 -0.0 1.0 -0.0 
-0.116224 0.119915 -0.18676 -0.0 1.0 0.0 
0.514238 0.0593747 -0.0708931 0.781506 -0.615356 -0.102885 
-0.323886 -0.252116 0.349198 -0.707124 0.0 0.70709 
0.385669 0.119915 0.279349 0.0 1.0 0.0 
0.299905 -0.79533 -0.340299 -0.707083 3.11148e-06 -0.707131 
-0.354716 -0.382408 -0.31855 -0.707107 0.0 -0.707107 
-0.353833 -0.0676335 0.31925 -0.707124 0.0 0.70709 
-0.0177747 0.119915 -0.0753266 -0.0 1.0 0.0 
0.00439246 0.047362 0.115311 0.0 -1.0 0.0 
0.436885 0.119915 -0.16038 0.0 1.0 0.0 
0.00576175 -0.0648893 0.0753342 0.130472 -0.0 0.991452 
-0.310382 -0.0942341 0.350781 0.707107 -0.0 0.707107 
-0.153145 -0.102011 -0.112933 -0.707107 -0.0 0.707107 
-0.230843 0.119915 0.401338 -0.0 1.0 0.0 
0.230498 -0.14459 -0.265965 0.0 -1.0 0.0 
-0.351499 -0.301646 0.321584 -0.707124 -0.0 0.70709 
-0.336983 0.119915 -0.248231 -0.0 1.0 -0.0 
0.333364 -0.101428 -0.34009 0.707106 0.0 -0.707107 
0.521282 0.0698032 -0.07976 0.781506 -0.615356 -0.102885 
-0.173733 0.119915 0.446179 -0.0 1.0 0.0 
0.0214369 0.047362 0.457691 0.0 -1.0 0.0 
-0.336797 0.0473619 -0.0309106 0.0 -1.0 0.0 
0.00840046 0.047362 -0.11161 0.0 -1.0 0.0 
0.32201 -0.213527 -0.351444 0.707106 0.0 -0.707107 
-0.319249 0.062309 0.412352 -0.479853 -0.615356 0.625363 
0.359068 0.0473619 0.0133423 0.0 -1.0 0.0 
-0.314815 0.047362 -0.0265587 0.0 -1.0 0.0 
0.0620272 0.0473619 -0.239364 0.0 -1.0 0.0 
0.394231 0.119915 0.164365 -0.0 1.0 -0.0 
0.370005 0.119915 -0.2054 0.0 1.0 -0.0 
0.303305 -0.255502 0.343517 -0.707094 0.0 0.707119 
0.410919 0.0609364 -0.319166 0.625354 -0.615369 -0.479848 
-0.272781 0.119915 -0.147202 -0.0 1.0 -0.0 
-0.51259 0.105271 -0.212763 -0.728249 -0.615354 -0.30165 
-0.10201 0.047362 0.336984 0.0 -1.0 0.0 
0.0176928 -0.151869 -0.00645183 0.929986 0.0 -0.367596 
0.297 0.047362 -0.372367 -0.0 -1.0 -0.0 
0.407836 0.047362 0.0177757 0.0 -1.0 -0.0 
-0.0975767 -0.0632 0.137977 0.707105 -2.31111e-06 0.707109 
0.288156 -0.248549 0.328369 -0.707094 0.0 0.707119 
-0.452252 0.114138 0.331234 -0.792185 -0.0542578 0.607864 
-0.123579 0.119915 0.209564 -0.0 1.0 -0.0 
0.29568 0.0473619 -0.224504 -0.0 -1.0 0.0 
-0.350509 -0.0676335 -0.310299 -0.70712 0.0 0.707094 
-0.347908 -0.274027 -0.325359 -0.707107 -0.0 -0.707107 
0.354634 0.047362 -0.039859 0.0 -1.0 -0.0 
0.310746 -0.863163 -0.351139 -0.707107 0.0 -0.707107 
-0.410077 0.0473619 -0.120218 0.0 -1.0 0.0 
-0.186246 -0.14459 0.199547 0.0 -1.0 0.0 
-0.210419 0.119915 -0.115473 -0.0 1.0 -0.0 
-0.390184 0.0473619 0.226148 0.0 -1.0 0.0 
-0.00890786 0.0473619 0.115311 0.0 -1.0 0.0 
0.112612 0.119915 -0.374129 -0.0 1.0 0.0 
0.356493 0.119915 -0.0462317 -0.0 1.0 -0.0 
-0.355945 0.119915 0.269486 -0.0 1.0 -0.0 
-0.13599 0.0473619 -0.196818 0.0 -1.0 -0.0 
0.283699 -0.0809338 0.323912 -0.707107 1.40357e-05 0.707107 
-0.229707 0.119915 0.143902 -0.0 1.0 -0.0 
0.0954244 0.119915 -0.498241 0.0 1.0 0.0 
0.349122 -0.252721 -0.324332 0.707106 -0.0 -0.707107 
-0.338492 -0.269453 -0.298281 -0.70712 0.0 0.707094 
0.100231 0.0473619 -0.222371 -0.0 -1.0 -0.0 
0.353449 -0.570979 0.312868 0.707106 0.0 -0.707107 
0.110795 0.0473619 -0.483203 -0.0 -1.0 -0.0 
-0.348087 0.119915 0.0811434 -0.0 1.0 -0.0 
0.19503 0.119915 0.501021 -0.0 1.0 -0.0 
-0.0177747 0.047362 0.359151 0.0 -1.0 0.0 
-0.114292 0.119915 0.135695 -0.0 1.0 -0.0 
-0.323066 -0.963189 -0.3502 -0.707107 0.0 -0.707107 
-0.444421 0.105271 0.33255 -0.625354 -0.615365 0.479853 
0.287466 -0.0634029 0.327678 -0.707107 1.41202e-05 0.707107 
-0.341637 -0.357149 -0.301427 -0.70712 0.0 0.707094 
0.0169119 0.0473619 0.276546 -0.0 -1.0 -0.0 
0.284322 -0.185226 0.324535 -0.707094 0.0 0.707119 
-0.167528 0.047362 0.202662 0.0 -1.0 0.0 
-0.0181894 0.0473619 -0.252802 0.0 -1.0 -0.0 
0.479342 0.0473619 0.0593564 -0.0 -1.0 -0.0 
-0.503845 0.119915 -0.0212949 -0.0 1.0 -0.0 
0.0487269 0.0698033 0.52545 0.102886 -0.615366 0.781498 
-0.0984183 -0.104725 -0.0582066 -0.707107 -0.0 0.707107 
0.0221262 0.119915 -0.456603 -0.0 1.0 0.0 
-0.461319 0.119915 0.232521 -0.0 1.0 -0.0 
0.186927 -0.0986676 0.146346 0.707109 -2.6e-06 -0.707105 
-0.340601 0.0473619 -0.148219 0.0 -1.0 0.0 
0.0664607 0.0473619 0.235014 0.0 -1.0 0.0 
0.00439246 0.047362 -0.367934 0.0 -1.0 -0.0 
0.0664607 0.0473619 0.385751 0.0 -1.0 0.0 
0.172863 0.0473619 -0.425569 -0.0 -1.0 -0.0 
0.305867 -0.492898 0.279349 -0.706374 -0.0444301 -0.706443 
-4.09782e-05 0.0473619 0.243881 0.0 -1.0 0.0 
0.345278 0.109704 0.438953 0.479857 -0.615357 0.625359 
0.224624 0.119915 -0.103202 -0.0 1.0 -0.0 
-0.0319519 0.047362 -0.318865 0.0 -1.0 0.0 
-0.29194 -0.687311 0.332339 0.707131 -3.11169e-06 0.707082 
0.270399 -0.382408 -0.310793 -0.707083 3.11148e-06 -0.707131 
-0.333042 -0.816885 0.292649 -0.707107 0.0 -0.707107 
0.512546 0.119915 0.00624698 -0.0 1.0 -0.0 
0.515372 0.0547352 -0.0345358 0.781506 -0.615356 -0.102885 
0.430003 0.0473619 0.106445 0.0 -1.0 0.0 
0.310795 -0.0498997 -0.270398 0.707109 -0.0 0.707105 
-0.178902 0.119915 -0.228923 -0.0 1.0 0.0 
0.166822 0.119915 -0.484988 0.0 1.0 -0.0 
0.0869656 -0.0933364 -0.046567 0.707109 -0.0 0.707105 
-0.221713 0.119915 -0.496504 -0.0 1.0 -0.0 
0.311063 -0.253838 0.270482 0.707106 0.0 -0.707107 
-0.196973 0.119915 -0.180548 -0.0 1.0 -0.0 
0.157793 0.047362 0.341263 0.0 -1.0 0.0 
0.248299 0.0473619 0.0478815 0.0 -1.0 -0.0 
0.186164 0.119915 -0.00439148 0.0 1.0 0.0 
-0.324766 -0.0885208 -0.348501 -0.707107 0.0 -0.707107 
0.13535 -0.14459 -0.142203 0.0 -1.0 0.0 
0.198186 0.0473619 -0.181021 0.0 -1.0 0.0 
0.0141661 0.0473619 0.2883 0.0 -1.0 0.0 
-0.172945 0.119915 -0.190596 -0.0 1.0 0.0 
-0.0262743 0.119915 -0.0912269 -0.0 1.0 0.0 
0.4156 0.119915 0.00970467 -0.0 1.0 -0.0 
-0.0622879 0.119915 0.354976 0.0 1.0 0.0 
-0.2602 0.0473619 -0.398859 0.0 -1.0 -0.0 
0.290425 -0.878459 -0.33082 -0.707083 3.11148e-06 -0.707131 
-0.352419 -0.497255 0.320665 -0.707124 -0.0 0.70709 
0.286354 -0.281327 0.326567 -0.707094 0.0 0.707119 
0.252665 0.119915 -0.323599 0.0 1.0 -0.0 
-0.128611 0.119915 0.00890885 -0.0 1.0 -0.0 
0.243798 0.0473619 -0.00882492 0.0 -1.0 0.0 
-0.332549 0.119915 0.110878 0.0 1.0 0.0 
-0.532054 0.0759644 -0.0354256 -0.78151 -0.615352 -0.102883 
0.0605676 0.119915 0.156996 -0.0 1.0 -0.0 
-0.474419 0.0908112 -0.274832 -0.625357 -0.615365 -0.479848 
-0.0532423 0.047362 -0.47877 0.0 -1.0 -0.0 
-0.259312 0.119915 -0.159577 -0.0 1.0 -0.0 
-0.49233 0.119915 -0.0243269 -0.0 1.0 -0.0 
-0.346162 -0.618314 -0.305951 -0.70712 0.0 0.707094 
-0.135575 0.119915 -0.0508879 -0.0 1.0 -0.0 
-0.0133413 0.0473619 -0.146262 0.0 -1.0 0.0 
-0.186246 0.119915 0.0355095 -0.0 1.0 -0.0 
-0.301451 -0.149203 0.34185 0.707107 -0.0 0.707107 
0.346905 -0.433301 -0.306507 0.707119 0.0 0.707094 
-0.000870473 0.119915 -0.0434673 -0.0 1.0 0.0 
0.303802 -0.475203 -0.280483 -0.706426 -0.0444286 0.706391 
-0.212846 -0.0853672 0.253246 0.707105 -2.31111e-06 0.707109 
0.314181 -0.782913 -0.354575 -0.707107 0.0 -0.707107 
0.243798 -0.0853672 -0.284192 -0.707107 -1.80555e-07 -0.707107 
0.235803 0.119915 0.438839 -0.0 1.0 -0.0 
-0.199546 0.0588249 -0.47877 -0.301637 -0.615374 -0.728238 
-0.0764049 -0.109228 -0.0361932 -0.707107 -0.0 0.707107 
-0.0235712 -0.0489656 0.0718496 -0.382754 0.0 0.92385 
-0.0828309 0.0473619 -0.169594 0.0 -1.0 -0.0 
-0.0177747 0.119915 0.270482 -0.0 1.0 -0.0 
0.107126 -0.0632001 0.0665436 0.707109 -2.45555e-06 -0.707105 
0.0443668 0.119915 -0.242535 -0.0 1.0 -0.0 
0.0879871 0.119915 0.21486 -0.0 1.0 -0.0 
-0.237423 -0.14459 0.274486 -0.0 -1.0 -0.0 
0.31882 -0.213937 -0.354633 0.707106 0.0 -0.707107 
-0.171022 0.119915 0.0314751 -0.0 1.0 -0.0 
0.322895 -0.805532 0.282314 0.707106 -0.0 -0.707107 
-0.395214 0.119915 0.186597 -0.0 1.0 -0.0 
0.35513 -0.683882 -0.314732 0.707119 0.0 0.707094 
-0.430085 0.0831036 0.322807 -0.625354 -0.615365 0.479853 
-0.322531 0.0473619 -0.203412 0.0 -1.0 0.0 
0.456104 0.0653698 -0.265965 0.625357 -0.615365 -0.479848 
0.0149503 0.119915 -0.485347 -0.0 1.0 0.0 
0.0309931 0.047362 0.434519 0.0 -1.0 0.0 
0.197204 0.119915 -0.06649 -0.0 1.0 -0.0 
0.0846318 0.0473619 0.0772833 0.0 -1.0 -0.0 
0.226065 0.119915 -0.252664 -0.0 1.0 -0.0 
-0.336983 -0.391275 -0.336284 -0.707107 -0.0 -0.707107 
0.417154 0.119915 0.295053 -0.0 1.0 -0.0 
0.388472 0.119915 -0.213797 0.0 1.0 -0.0 
-0.3275 -0.941022 -0.345767 -0.707107 0.0 -0.707107 
-0.401015 0.119915 -0.385495 -0.0 1.0 -0.0 
0.283699 0.119915 0.31925 -0.0 1.0 -0.0 
-0.00314088 0.119915 0.0546706 -0.0 1.0 -0.0 
0.0841944 0.119915 0.47442 -0.0 1.0 -0.0 
-0.293142 -0.0809338 0.252748 -0.707109 -2.36745e-06 -0.707105 
-0.207483 0.047362 -0.441801 0.0 -1.0 0.0 
0.0729838 0.119915 0.0890048 -0.0 1.0 -0.0 
-0.292648 -0.298172 -0.333229 0.707107 -0.0 -0.707107 
-0.518754 0.119915 -0.150695 -0.0 1.0 -0.0 
-0.050296 0.0766145 -0.530536 -0.102897 -0.61535 -0.781509 
0.356051 -0.394574 0.31547 0.707106 0.0 -0.707107 
0.165939 0.119915 0.0684636 -0.0 1.0 -0.0 
0.165395 0.119915 -0.253999 -0.0 1.0 -0.0 
-0.496587 0.119915 0.128612 -0.0 1.0 0.0 
0.352953 0.118571 -0.434435 0.535165 0.476627 -0.697441 
-0.37994 0.119915 -0.155576 0.0 1.0 0.0 
-0.308709 -0.790069 0.29501 0.706408 -0.0444285 -0.706409 
-0.240845 0.119915 -0.281641 -0.0 1.0 0.0 
0.345154 -0.169603 0.328117 0.707124 0.0 0.70709 
-0.467606 0.047362 0.0643023 0.0 -1.0 0.0 
-0.080389 -0.115089 -0.12097 0.707107 -2.11379e-07 -0.707107 
0.299389 0.0473619 -0.228902 -0.0 -1.0 0.0 
-0.130742 0.119915 0.0173587 -0.0 1.0 -0.0 
-0.267545 -0.164954 -0.308125 0.707107 0.0 -0.707107 
-0.350283 -0.134135 0.3228 -0.707124 0.0 0.70709 
0.124022 0.119915 0.424012 0.0 1.0 0.0 
-0.283781 0.119915 0.186247 0.0 1.0 0.0 
-0.323682 -0.883387 0.349402 -0.707124 -0.0 0.70709 
0.153852 0.0473619 0.167278 0.0 -1.0 0.0 
0.133278 0.0698032 -0.514237 0.102896 -0.615373 -0.781491 
-0.106444 0.047362 0.212847 0.0 -1.0 0.0 
-0.352261 -0.0890323 -0.31205 -0.70712 0.0 0.707094 
0.310703 0.047362 0.260524 0.0 -1.0 0.0 
-0.3273 -0.228741 0.345784 -0.707124 0.0 0.70709 
0.186164 0.119915 -0.474336 0.0 1.0 -0.0 
0.079761 0.047362 0.164079 0.0 -1.0 0.0 
-0.3064 0.119915 0.335703 -0.0 1.0 0.0 
-0.325875 -0.823657 -0.285662 -0.707156 4.66738e-06 0.707058 
0.461356 0.0921654 -0.293483 0.625357 -0.615365 -0.479848 
0.110795 0.119915 0.0222092 0.0 1.0 0.0 
0.0135716 0.0432026 -0.0132584 0.621819 -0.0 -0.783161 
-0.0192556 0.119915 0.0996402 -0.0 1.0 -0.0 
0.177297 0.119915 -0.509804 -0.0 1.0 -0.0 
0.331176 -0.771999 -0.342278 0.707106 -0.0 -0.707107 
-0.119744 0.0473619 -0.341333 0.0 -1.0 0.0 
0.1431 0.119915 0.183728 -0.0 1.0 -0.0 
0.32916 -0.522142 0.288579 0.707106 0.0 -0.707107 
-0.0255182 0.119915 0.0468282 -0.0 1.0 -0.0 
0.0432679 0.047362 -0.0778395 0.0 -1.0 0.0 
0.0974948 0.119915 0.509888 0.0 1.0 0.0 
0.0734686 0.119915 -0.00391424 -0.0 1.0 0.0 
-0.155211 0.0473619 0.44782 0.0 -1.0 0.0 
0.46547 0.0473619 -0.039859 -0.0 -1.0 -0.0 
-0.135493 0.119915 -0.0498142 -0.0 1.0 -0.0 
-0.350283 -0.351374 -0.322984 -0.707107 -0.0 -0.707107 
-0.44278 0.047362 -0.106586 0.0 -1.0 0.0 
0.283699 -0.697182 -0.324093 -0.707083 3.11148e-06 -0.707131 
0.319167 -0.267138 0.354105 0.707124 0.0 0.70709 
0.079761 -0.116401 0.119974 -0.707107 1.40357e-05 0.707107 
-0.0266416 0.047362 -0.47877 0.0 -1.0 -0.0 
-0.276647 0.119915 0.147673 -0.0 1.0 -0.0 
0.15513 0.047362 -0.248231 0.0 -1.0 -0.0 
0.0167513 0.0473619 -0.0526594 0.0 -1.0 -0.0 
0.297 0.119915 0.0044754 0.0 1.0 0.0 
-0.181812 -0.14459 0.17738 0.0 -1.0 0.0 
-0.144402 0.119915 -0.045354 -0.0 1.0 -0.0 
0.417159 0.0473619 0.288638 0.0 -1.0 0.0 
-0.21659 0.047362 0.189237 0.0 -1.0 0.0 
0.261532 -0.0543331 0.301744 -0.707105 -0.0 0.707109 
0.236202 0.119915 0.217873 -0.0 1.0 0.0 
-0.292648 -0.116401 0.333047 0.707107 -0.0 0.707107 
0.341334 -0.98979 0.331937 0.707124 0.0 0.70709 
-0.283781 0.119915 -0.0974938 -0.0 1.0 -0.0 
-0.248927 0.0473619 0.148139 0.0 -1.0 0.0 
-0.534757 0.0831036 0.0576767 -0.78151 -0.615352 0.102883 
0.34089 -0.636902 -0.332564 0.707106 -0.0 -0.707107 
0.3103 0.0473619 0.199547 0.0 -1.0 0.0 
0.337398 -0.976489 -0.296999 0.707156 4.66909e-06 0.707058 
0.199464 0.0473619 0.0975777 0.0 -1.0 0.0 
0.221194 0.0473619 -0.0349083 0.0 -1.0 0.0 
-0.372811 0.0473619 0.0563393 0.0 -1.0 0.0 
0.0672642 0.0473619 -0.146304 0.0 -1.0 -0.0 
0.101928 0.119915 0.288216 -0.0 1.0 -0.0 
0.345421 -0.573046 -0.328033 0.707106 -0.0 -0.707107 
0.390102 0.0786702 -0.369038 0.625354 -0.615369 -0.479848 
0.0221262 0.119915 0.376885 -0.0 1.0 -0.0 
-0.13484 0.119915 -0.0501004 -0.0 1.0 -0.0 
-0.303061 -0.614246 -0.343641 0.707107 -0.0 -0.707107 
-0.293015 -0.827825 0.333413 0.707131 -3.11169e-06 0.707082 
-0.285443 -0.785537 -0.326022 0.707132 -3.15967e-06 -0.707082 
0.383978 0.119915 -0.0868834 -0.0 1.0 -0.0 
0.345003 -0.423002 0.304423 0.707106 0.0 -0.707107 
-0.0621092 0.0473619 -0.367934 0.0 -1.0 0.0 
-0.309777 0.0473619 0.0764506 0.0 -1.0 0.0 
-0.210609 0.119915 -0.123728 -0.0 1.0 -0.0 
-0.314815 0.119915 -0.168429 -0.0 1.0 -0.0 
0.320648 0.119915 -0.0260139 0.0 1.0 0.0 
0.148416 0.119915 -0.386677 -0.0 1.0 0.0 
-0.0432228 -0.146876 -0.0184456 0.0 -1.0 0.0 
0.280495 0.119915 0.241845 -0.0 1.0 -0.0 
0.283699 -0.492912 0.301516 -0.706409 -0.0444269 -0.706409 
-0.314815 -0.488811 0.355214 0.707107 -0.0 0.707107 
-0.492153 0.104991 -0.261531 -0.728249 -0.615354 -0.30165 
0.237147 0.119915 -0.113731 -0.0 1.0 -0.0 
0.0753275 0.119915 0.266049 -0.0 1.0 -0.0 
0.271819 -0.291459 0.312032 -0.707094 0.0 0.707119 
0.398969 0.119915 0.288216 0.0 1.0 0.0 
-0.243136 -0.14459 -0.233535 -0.0 -1.0 0.0 
-0.190732 0.119915 0.425265 -0.0 1.0 0.0 
0.474866 0.0473619 0.0577878 0.0 -1.0 0.0 
0.129862 0.119915 -0.128366 -0.0 1.0 -0.0 
-0.124398 0.119915 -0.0643762 -0.0 1.0 -0.0 
0.271082 0.119915 0.0525974 -0.0 1.0 -0.0 
-0.404109 0.047362 0.239656 0.0 -1.0 -0.0 
0.0592634 0.119915 0.0306113 -0.0 1.0 0.0 
0.324097 -0.351374 -0.283698 0.707119 0.0 0.707094 
0.424087 0.119915 -0.0223215 -0.0 1.0 -0.0 
0.3326 -0.803925 -0.292201 0.707156 4.66909e-06 0.707058 
0.294869 -0.794915 0.335082 -0.707082 1.53518e-06 0.707131 
0.304006 0.119915 0.00318666 0.0 1.0 0.0 
0.300544 -0.480228 0.340756 -0.707094 0.0 0.707119 
0.263417 0.0473619 -0.185675 0.0 -1.0 0.0 
0.0161492 0.119915 0.111323 -0.0 1.0 -0.0 
0.00439246 -0.0809338 0.0755144 0.130472 -0.0 0.991452 
0.346757 -0.251254 0.326514 0.707124 0.0 0.70709 
0.137532 0.119915 -0.030733 -0.0 1.0 -0.0 
0.246166 -0.14459 0.28545 0.0 -1.0 0.0 
0.306641 -0.835886 0.346853 -0.707094 0.0 0.707119 
-0.266048 0.0473619 0.359151 0.0 -1.0 0.0 
-0.304633 -0.183457 0.345032 0.707107 -0.0 0.707107 
0.157807 0.119915 0.0804577 -0.0 1.0 -0.0 
-0.416844 0.0473619 0.26864 0.0 -1.0 0.0 
-0.172945 0.0473619 0.0355095 0.0 -1.0 0.0 
-0.331933 -0.71935 -0.341333 -0.707107 0.0 -0.707107 
-0.168512 -0.14459 -0.203896 -0.0 -1.0 0.0 
0.528979 0.0730596 0.0408549 0.78151 -0.615352 0.102883 
0.32853 -0.568612 -0.288132 0.707156 4.66909e-06 0.707058 
-0.24388 0.0473619 -0.398968 0.0 -1.0 -0.0 
-0.277396 -0.453048 -0.305308 0.706426 -0.0444285 0.706391 
0.415787 0.119915 -0.120019 -0.0 1.0 0.0 
-0.0400786 0.119915 0.354558 -0.0 1.0 -0.0 
-0.0310751 0.0473619 0.221714 0.0 -1.0 0.0 
0.0687397 0.119915 -0.519509 0.0 1.0 0.0 
-0.314698 0.119915 0.166034 -0.0 1.0 -0.0 
0.391867 0.115492 -0.405608 0.607902 0.0528923 -0.792248 
-0.0355085 0.0473619 -0.159562 0.0 -1.0 0.0 
-0.0670994 0.119915 -0.20505 -0.0 1.0 0.0 
-0.113177 0.119915 0.0724424 -0.0 1.0 -0.0 
0.17258 0.119915 0.480458 0.0 1.0 0.0 
-0.110877 0.0716779 0.518755 -0.102885 -0.615358 0.781505 
0.111198 0.0473619 0.159983 0.0 -1.0 0.0 
-0.185808 0.0473619 0.277964 0.0 -1.0 0.0 
-0.267991 0.119915 0.105861 -0.0 1.0 -0.0 
0.292566 -0.781418 0.332779 -0.707082 1.53518e-06 0.707131 
0.221631 0.119915 0.0044754 -0.0 1.0 -0.0 
-0.235013 0.0473619 -0.0886269 0.0 -1.0 0.0 
-0.343738 -0.247937 -0.329528 -0.707107 -0.0 -0.707107 
0.16843 0.119915 0.252748 -0.0 1.0 -0.0 
0.110795 0.0473619 0.261615 0.0 -1.0 0.0 
0.328107 0.119915 0.258164 -0.0 1.0 -0.0 
0.323315 -0.721504 0.282735 0.707106 -0.0 -0.707107 
-0.3361 -0.533145 0.336984 -0.707124 0.0 0.70709 
0.215022 0.119915 -0.0755555 0.0 1.0 0.0 
-0.28473 -0.375953 0.325128 0.707107 -0.0 0.707107 
-0.336367 -0.369108 -0.3369 -0.707107 0.0 -0.707107 
-0.318343 -0.984398 -0.354924 -0.707107 0.0 -0.707107 
-0.349596 -0.10711 -0.32367 -0.707107 -0.0 -0.707107 
-0.0104515 0.119915 0.0747155 -0.0 1.0 -0.0 
-0.117022 0.119915 -0.0410349 -0.0 1.0 -0.0 
-0.195837 0.119915 -0.0587932 -0.0 1.0 -0.0 
-0.539658 0.0801294 0.00265724 -0.78151 -0.615352 0.102883 
-0.23058 -0.14459 -0.199463 0.0 -1.0 0.0 
-0.330976 -0.613257 -0.290765 -0.707156 4.66738e-06 0.707058 
0.251232 0.0473618 -0.332996 -0.0 -1.0 0.0 
-0.110877 -0.0765003 0.151277 0.707105 -2.31111e-06 0.707109 
-0.17105 0.0473619 0.382576 0.0 -1.0 0.0 
-0.308852 0.047362 -0.267943 0.0 -1.0 0.0 
0.37491 0.0742367 -0.381234 0.479853 -0.615369 -0.625349 
0.0587036 -0.137636 0.0989171 -0.707107 1.40357e-05 0.707107 
0.332758 -0.545318 -0.340696 0.707106 0.0 -0.707107 
0.340085 -0.673858 0.333186 0.707124 0.0 0.70709 
0.323338 0.119915 0.198093 -0.0 1.0 -0.0 
-0.193301 0.0473619 -0.284724 0.0 -1.0 -0.0 
-0.296392 0.047362 -0.108823 0.0 -1.0 0.0 
0.147008 0.119915 0.448222 -0.0 1.0 -0.0 
0.243798 0.047362 -0.403401 -0.0 -1.0 -0.0 
-0.115279 0.119915 0.413048 0.0 1.0 0.0 
-0.224181 0.119915 -0.0494093 -0.0 1.0 -0.0 
-0.203248 0.0473619 -0.0823895 0.0 -1.0 0.0 
-0.301515 -0.298172 -0.342096 0.707107 -0.0 -0.707107 
-0.257674 -0.138569 0.217281 -0.707109 -2.40973e-06 -0.707105 
-0.344967 -0.143002 0.328117 -0.707124 0.0 0.70709 
0.290525 -0.777338 -0.330919 -0.707083 3.11148e-06 -0.707131 
0.169385 0.119915 -0.252305 -0.0 1.0 -0.0 
-0.284008 -0.0587666 -0.243797 -0.707109 1.24944e-05 0.707105 
0.230781 0.119915 0.332495 -0.0 1.0 -0.0 
-0.107126 0.119915 0.27869 -0.0 1.0 -0.0 
-0.283155 -0.677758 -0.323734 0.707132 -3.15967e-06 -0.707082 
-0.0863048 0.119915 -0.10905 -0.0 1.0 0.0 
-0.27494 0.106275 -0.487636 -0.301652 -0.615359 -0.728244 
0.496505 0.0473619 0.0754105 -0.0 -1.0 -0.0 
0.332744 0.0473619 0.0555487 0.0 -1.0 0.0 
0.3103 -0.391275 0.350512 -0.707094 0.0 0.707119 
-0.437723 0.119915 -0.0215616 -0.0 1.0 -0.0 
0.305867 -0.679448 0.346079 -0.707094 0.0 0.707119 
-0.332549 -0.0478519 0.314816 -0.0 -1.0 -0.0 
-0.262255 0.119915 0.343311 -0.0 1.0 0.0 
-0.532054 0.0922718 -0.132961 -0.781506 -0.615356 -0.102886 
0.258412 0.119915 -0.0807523 0.0 1.0 0.0 
-0.142967 0.0473619 -0.204006 0.0 -1.0 -0.0 
0.330841 -0.988992 0.342431 0.707124 0.0 0.70709 
-0.350776 -0.315906 0.310383 -0.707107 0.0 -0.707107 
-0.434711 0.0473619 0.0513411 0.0 -1.0 0.0 
-0.323682 -0.812452 0.349402 -0.707124 0.0 0.70709 
-0.304556 -0.443545 -0.27755 0.706425 -0.0444285 0.706392 
0.263055 0.119915 0.181356 -0.0 1.0 -0.0 
-4.09782e-05 0.119915 -0.527538 -0.0 1.0 0.0 
0.298585 0.119915 -0.314194 0.0 1.0 0.0 
-0.0741315 -0.0552725 0.0147017 -0.991454 0.0 0.130459 
-0.391019 0.0473619 0.183003 0.0 -1.0 0.0 
0.172863 -0.14459 0.17738 0.0 -1.0 0.0 
0.0835816 0.047362 0.270087 0.0 -1.0 0.0 
-0.155439 -0.120835 -0.115228 -0.707107 -0.0 0.707107 
0.283766 0.047362 0.235774 0.0 -1.0 0.0 
0.343403 0.119915 0.110366 -0.0 1.0 -0.0 
0.46547 0.0473619 -0.0265587 -0.0 -1.0 -0.0 
0.354111 -0.332997 -0.319343 0.707106 -0.0 -0.707107 
0.103955 0.119915 0.0302758 -0.0 1.0 0.0 
-4.09782e-05 0.0473619 -0.3635 0.0 -1.0 0.0 
-0.0532423 0.119915 -0.474336 -0.0 1.0 0.0 
0.101928 0.118571 0.551028 0.114695 0.477403 0.871167 
-0.0842764 0.0473619 0.0266426 0.0 -1.0 0.0 
0.497301 0.0742367 -0.186163 0.728249 -0.615354 -0.30165 
0.163996 0.109704 0.536534 0.301646 -0.615365 0.728242 
-0.0904635 0.119915 0.00324212 -0.0 1.0 -0.0 
-0.354524 0.047362 0.292149 0.0 -1.0 0.0 
0.124095 0.119915 -0.288132 -0.0 1.0 -0.0 
0.354713 0.047362 0.272249 0.0 -1.0 0.0 
-0.114607 0.119915 0.0921554 -0.0 1.0 -0.0 
-0.21728 0.100837 0.507005 -0.301652 -0.615359 0.728244 
-0.262923 -0.086123 0.22253 -0.707109 -2.40973e-06 -0.707105 
-0.181812 0.102599 -0.523104 -0.301652 -0.615359 -0.728244 
-0.4007 0.119915 0.0531292 -0.0 1.0 -0.0 
-0.279348 -0.692749 -0.319927 0.707132 -3.15967e-06 -0.707082 
0.314733 0.0498393 -0.403401 0.479853 -0.615369 -0.625349 
0.314733 0.0473619 0.230581 0.0 -1.0 0.0 
-0.172945 0.119915 -0.248231 -0.0 1.0 0.0 
0.0710307 0.119915 0.36594 -0.0 1.0 -0.0 
0.119662 0.119915 0.261615 -0.0 1.0 -0.0 
0.328853 -0.49847 0.288272 0.707106 0.0 -0.707107 
-0.415942 0.112576 -0.377914 -0.763392 -0.272234 -0.585766 
-0.0754095 0.119915 0.47442 -0.0 1.0 -0.0 
0.144612 0.119915 -0.0939088 -0.0 1.0 -0.0 
0.159563 0.118571 0.539619 0.336473 0.47633 0.812339 
0.44243 0.119915 -0.148957 0.0 1.0 -0.0 
0.0176928 0.119915 0.465553 0.0 1.0 0.0 
0.257099 0.0786702 -0.471665 0.30164 -0.615364 -0.728245 
-0.338022 -0.281282 -0.335245 -0.707107 -0.0 -0.707107 
-0.21728 0.119915 -0.0841935 -0.0 1.0 -0.0 
0.161296 0.119915 0.105398 -0.0 1.0 0.0 
-0.292648 0.0786702 0.448863 -0.479853 -0.615356 0.625363 
-0.288215 -0.710483 -0.328795 0.707132 -3.15967e-06 -0.707082 
0.16843 0.119915 0.0443764 0.0 1.0 0.0 
0.350201 -0.865653 0.32307 0.707124 0.0 0.70709 
0.0122825 0.119915 -0.391569 -0.0 1.0 -0.0 
-0.00296567 -0.0531714 0.0756775 -0.13046 0.0 0.991454 
0.394343 0.047362 0.306783 0.0 -1.0 0.0 
0.301433 0.0473619 0.150779 0.0 -1.0 0.0 
0.240128 -0.125268 0.199547 0.707109 -2.6e-06 -0.707105 
-0.505453 0.119915 0.0355095 -0.0 1.0 -0.0 
-0.326292 -0.319845 0.285898 -0.707107 -0.0 -0.707107 
-0.106706 0.119915 0.355811 -0.0 1.0 -0.0 
0.140174 0.047362 -0.229293 0.0 -1.0 -0.0 
-0.157197 0.119915 -0.343796 -0.0 1.0 -0.0 
-0.34585 -0.342507 -0.327417 -0.707107 -0.0 -0.707107 
-0.128611 0.114138 -0.548248 -0.130353 -0.0528711 -0.990057 
0.167388 0.119915 0.198641 -0.0 1.0 -0.0 
-0.106444 0.0473619 -0.20833 0.0 -1.0 -0.0 
-0.195112 0.119915 0.483287 -0.0 1.0 0.0 
0.35005 0.047362 0.282811 0.0 -1.0 0.0 
0.112234 0.119915 -0.305102 -0.0 1.0 -0.0 
0.0739935 -0.08007 0.0171623 0.991441 -0.0 0.130556 
-0.308315 -0.594123 0.348714 0.707107 -0.0 0.707107 
0.311232 -0.848203 -0.351625 -0.707107 0.0 -0.707107 
-0.331933 -0.612947 -0.341333 -0.707107 0.0 -0.707107 
-0.33006 -0.0645198 0.343024 -0.707124 0.0 0.70709 
0.293296 -0.446938 0.333508 -0.707094 0.0 0.707119 
0.296177 0.0473619 0.386694 0.0 -1.0 0.0 
-0.328609 -0.488811 0.288216 -0.707107 0.0 -0.707107 
-0.0488088 0.047362 -0.452169 0.0 -1.0 -0.0 
-0.341416 0.119915 0.0133423 -0.0 1.0 -0.0 
0.106146 0.047362 -0.0157317 0.0 -1.0 0.0 
-0.0665426 0.0473619 -0.230497 0.0 -1.0 0.0 
0.14088 0.0473619 0.352921 0.0 -1.0 0.0 
-0.0798429 0.047362 -0.0309921 0.0 -1.0 0.0 
-0.239447 0.119915 -0.226064 -0.0 1.0 -0.0 
0.288133 0.0653698 0.439176 0.479848 -0.615365 0.625357 
-0.345849 0.0473619 -0.3502 0.0 -1.0 -0.0 
-0.354942 -0.120835 -0.314732 -0.70712 0.0 0.707094 
0.268138 -0.248663 0.308351 -0.707082 1.53518e-06 0.707131 
-0.0133413 0.047362 -0.398968 0.0 -1.0 -0.0 
-0.0901067 0.119915 0.14108 -0.0 1.0 -0.0 
0.156335 0.111005 0.540694 0.336493 -0.476329 0.812332 
-0.272527 -0.257927 -0.313108 0.707107 -0.0 -0.707107 
-0.23058 0.119915 -0.163995 -0.0 1.0 -0.0 
-0.336983 -0.954322 0.336101 -0.707124 -0.0 0.70709 
0.03986 0.0473619 -0.248231 0.0 -1.0 0.0 
0.208068 0.119915 0.240368 -0.0 1.0 -0.0 
0.134637 0.047362 -0.324262 0.0 -1.0 -0.0 
0.186164 -0.14459 -0.190596 -0.0 -1.0 -0.0 
0.305867 0.119915 -0.039859 0.0 1.0 0.0 
-0.199325 0.119915 -0.509766 -0.0 1.0 -0.0 
-0.299512 -0.75855 -0.340092 0.707132 -3.15967e-06 -0.707082 
-0.301515 -0.88782 0.341914 0.707131 -3.11169e-06 0.707082 
0.487879 0.119915 0.230477 -0.0 1.0 -0.0 
-0.04335 0.0473619 -0.0778395 0.0 -1.0 -0.0 
-0.271122 0.119915 0.060267 -0.0 1.0 -0.0 
0.313204 0.0473619 -0.269569 0.0 -1.0 0.0 
0.0590569 -0.14459 -0.0771903 0.0 -1.0 -0.0 
-0.0842764 -0.107534 -0.124857 0.707107 -2.11379e-07 -0.707107 
0.3236 -0.227237 -0.349853 0.707106 0.0 -0.707107 
-0.350283 0.119915 -0.217197 -0.0 1.0 -0.0 
-0.199451 0.119915 -0.486756 -0.0 1.0 -0.0 
-0.344052 -0.609837 -0.329215 -0.707107 -0.0 -0.707107 
-0.0842764 0.100837 0.545217 -0.10289 -0.615366 0.781498 
0.292566 0.119915 -0.461036 0.0 1.0 0.0 
0.0176928 0.119915 -0.110794 0.0 1.0 0.0 
-0.215206 -0.14459 0.24858 -0.0 -1.0 -0.0 
-0.314815 0.047362 0.359151 0.0 -1.0 0.0 
-0.283781 0.047362 0.0044754 0.0 -1.0 0.0 
-0.0464459 0.119915 -0.086704 -0.0 1.0 0.0 
0.314289 0.0473619 0.323788 0.0 -1.0 0.0 
0.350201 0.0473619 -0.265965 0.0 -1.0 0.0 
-0.495946 0.119915 0.0652707 -0.0 1.0 -0.0 
0.339643 0.119915 -0.0706237 -0.0 1.0 -0.0 
-0.354716 -0.573046 -0.31855 -0.707107 0.0 -0.707107 
-0.294068 -0.509655 0.292016 0.706425 -0.0444301 -0.706392 
-0.379668 0.119915 -0.0775453 -0.0 1.0 -0.0 
-0.212846 0.0473619 0.0177757 0.0 -1.0 0.0 
-0.213039 0.0473619 0.0840256 0.0 -1.0 0.0 
0.378751 0.0473619 -0.0930394 0.0 -1.0 0.0 
-0.348008 -0.70718 -0.325259 -0.707107 0.0 -0.707107 
0.226065 0.0876095 0.492154 0.301646 -0.615365 0.728242 
-0.425651 0.119915 0.102011 -0.0 1.0 -0.0 
0.42557 0.119915 0.0399429 0.0 1.0 0.0 
-0.196378 0.0473619 -0.238872 0.0 -1.0 -0.0 
0.235761 0.119915 0.431127 -0.0 1.0 -0.0 
-0.51508 0.0512752 -0.0166921 -0.781506 -0.615356 -0.102886 
-0.429422 0.119915 -0.0923042 -0.0 1.0 -0.0 
0.146077 0.047362 0.0390059 0.0 -1.0 0.0 
-0.0931433 0.119915 -0.483203 0.0 1.0 0.0 
0.459682 0.119915 -0.0528278 -0.0 1.0 -0.0 
-0.289859 -0.533513 -0.297906 0.706426 -0.0444285 0.706391 
-0.184212 0.0473619 -0.314961 0.0 -1.0 -0.0 
0.33345 -0.295554 0.339822 0.707124 0.0 0.70709 
-0.333436 -0.500367 0.339649 -0.707124 0.0 0.70709 
0.162682 0.119915 -0.149102 -0.0 1.0 -0.0 
0.03986 0.119915 -0.323599 0.0 1.0 0.0 
-0.383617 0.119915 -0.299732 -0.0 1.0 -0.0 
-0.279348 0.0807514 -0.461036 -0.47986 -0.615355 -0.625358 
-0.0754095 0.119915 0.19068 -0.0 1.0 -0.0 
0.342097 -0.0898007 0.301516 0.707106 0.0 -0.707107 
-0.142804 0.119915 0.253137 -0.0 1.0 -0.0 
0.212764 0.047362 0.266049 0.0 -1.0 0.0 
0.45217 0.0890306 0.301516 0.625354 -0.615365 0.479853 
0.129025 -0.0498997 -0.0886269 0.707109 -0.0 0.707105 
-0.336576 -0.935076 -0.296364 -0.707156 4.66738e-06 0.707058 
0.323254 -0.143002 -0.3502 0.707106 0.0 -0.707107 
0.350201 -0.843486 -0.323253 0.707106 -0.0 -0.707107 
-0.332893 -0.932454 -0.29268 -0.707156 4.66738e-06 0.707058 
0.128529 -0.125268 0.168742 -0.707107 1.40357e-05 0.707107 
0.283699 0.0473619 0.141912 0.0 -1.0 0.0 
-0.199546 0.0473619 0.266049 0.0 -1.0 0.0 
0.165558 -0.14459 0.169969 0.0 -1.0 0.0 
-0.336983 0.119915 -0.265965 -0.0 1.0 -0.0 
0.0132593 0.119915 -0.119661 0.0 1.0 0.0 
-0.225331 0.047362 -0.105943 0.0 -1.0 0.0 
0.354288 -0.293739 -0.319166 0.707106 -0.0 -0.707107 
0.363539 0.0653698 -0.381234 0.479853 -0.615369 -0.625349 
-0.0576757 0.119915 0.274915 -0.0 1.0 -0.0 
0.226065 0.047362 0.394618 0.0 -1.0 0.0 
-0.326182 -0.59388 -0.28597 -0.707156 4.66738e-06 0.707058 
-0.41129 0.119915 0.0190427 0.0 1.0 0.0 
0.332467 -0.160736 -0.340987 0.707106 0.0 -0.707107 
-0.0170294 0.119915 -0.0344018 -0.0 1.0 0.0 
-0.495484 0.119915 -0.0195627 -0.0 1.0 -0.0 
0.344917 -0.88388 0.304337 0.707106 -0.0 -0.707107 
-0.0367374 0.119915 0.152417 -0.0 1.0 -0.0 
0.0757648 0.0473619 0.0740314 0.0 -1.0 -0.0 
-0.164844 -0.0800919 0.205244 0.707105 -2.31111e-06 0.707109 
-0.375716 0.119915 -0.111126 -0.0 1.0 -0.0 
-0.37245 0.119915 -0.341333 -0.0 1.0 -0.0 
0.301433 -0.524278 0.341645 -0.707094 0.0 0.707119 
-0.410575 0.119915 0.0267856 -0.0 1.0 -0.0 
0.403402 0.0473619 -0.0620262 -0.0 -1.0 -0.0 
-0.0351898 0.0473619 0.198216 0.0 -1.0 0.0 
-0.0443441 0.119915 0.387033 -0.0 1.0 -0.0 
0.137396 -0.0543331 -0.177789 -0.707107 -1.80555e-07 -0.707107 
0.344604 -0.272101 -0.304206 0.707119 0.0 0.707094 
0.0487269 -0.0986675 0.0889399 -0.707105 -0.0 0.707109 
0.0841303 -0.0988975 0.124343 -0.707105 -0.0 0.707109 
-0.288215 0.119915 -0.039859 -0.0 1.0 -0.0 
-0.274294 -0.130419 -0.234083 -0.707109 1.25666e-05 0.707105 
-0.120591 -0.14459 0.100596 0.0 -1.0 0.0 
0.0503706 0.0473619 0.0314959 0.0 -1.0 -0.0 
-0.337476 -0.506544 0.297083 -0.707107 0.0 -0.707107 
-0.341416 0.119915 -0.212763 -0.0 1.0 -0.0 
0.110134 0.119915 0.0783845 -0.0 1.0 0.0 
0.287394 0.0473619 0.368017 0.0 -1.0 0.0 
0.0265597 0.119915 -0.217197 -0.0 1.0 -0.0 
-0.474419 0.0473619 0.00890885 0.0 -1.0 0.0 
0.214539 0.119915 0.117198 -0.0 1.0 -0.0 
-0.159645 0.0969833 0.527622 -0.301652 -0.615359 0.728244 
-0.34585 -0.262705 -0.327417 -0.707107 -0.0 -0.707107 
-0.37245 0.0473619 0.17738 0.0 -1.0 0.0 
0.0402066 0.119915 0.315998 -0.0 1.0 -0.0 
0.258622 0.119915 -0.119101 -0.0 1.0 -0.0 
0.249697 0.047362 -0.127282 0.0 -1.0 -0.0 
0.514238 0.119915 0.133045 0.0 1.0 0.0 
0.0189636 -0.19177 4.19617e-05 0.993405 0.0 -0.114654 
0.0664607 0.119915 0.0931443 -0.0 1.0 -0.0 
0.34425 0.0473619 -0.283426 -0.0 -1.0 -0.0 
0.156568 0.119915 -0.24409 -0.0 1.0 -0.0 
0.148634 0.0479458 -0.49063 0.30164 -0.615364 -0.728245 
-0.332549 0.119915 -0.359067 -0.0 1.0 0.0 
-4.09782e-05 0.119915 -0.248231 -0.0 1.0 -0.0 
0.0846393 0.0473619 0.177451 0.0 -1.0 0.0 
0.292566 0.119915 -0.407835 0.0 1.0 0.0 
-0.235013 0.119915 0.0887108 -0.0 1.0 -0.0 
0.252665 0.0473619 0.0044754 0.0 -1.0 0.0 
-0.00377095 0.119915 0.495793 0.0 1.0 0.0 
-0.368017 0.0473619 0.314816 0.0 -1.0 0.0 
-0.447819 0.119915 -0.257098 -0.0 1.0 -0.0 
-0.12236 0.119915 -0.0140878 -0.0 1.0 -0.0 
0.37883 0.119915 -0.216364 0.0 1.0 -0.0 
-0.288641 -0.0977046 0.32904 0.707107 -0.0 0.707107 
-0.540921 0.100568 -0.115228 -0.78151 -0.615352 -0.102883 
0.297362 -0.947282 0.337575 -0.707082 1.53518e-06 0.707131 
0.347327 -0.393901 -0.306929 0.707119 0.0 0.707094 
0.140972 0.0473619 -0.0827622 0.0 -1.0 -0.0 
0.117381 0.119915 0.0120174 -0.0 1.0 -0.0 
-0.356318 -0.209559 0.315925 -0.707107 -0.0 -0.707107 
-0.215629 0.119915 -0.410205 -0.0 1.0 -0.0 
-0.0896653 0.119915 -0.142483 -0.0 1.0 0.0 
0.172863 0.119915 -0.163995 0.0 1.0 0.0 
-0.268621 0.119915 -0.298641 -0.0 1.0 0.0 
0.100425 0.119915 0.205792 -0.0 1.0 -0.0 
0.454433 0.0473618 0.00765002 0.0 -1.0 0.0 
-0.0611184 0.047362 0.331366 0.0 -1.0 0.0 
-0.137478 0.119915 0.221714 -0.0 1.0 -0.0 
0.27831 -0.647217 -0.318704 -0.707083 3.11148e-06 -0.707131 
-0.0921244 0.119915 -0.509061 -0.0 1.0 0.0 
-0.244143 0.119915 0.406216 -0.0 1.0 0.0 
-0.176505 0.119915 0.217117 -0.0 1.0 -0.0 
0.381235 0.0473619 0.226148 0.0 -1.0 0.0 
-0.100991 0.119915 -0.521263 -0.0 1.0 0.0 
0.458338 0.119915 -0.299616 -0.0 1.0 -0.0 
-0.310097 0.119915 0.141456 -0.0 1.0 -0.0 
0.220144 0.0473619 -0.227712 0.0 -1.0 0.0 
0.221631 0.047362 0.270482 0.0 -1.0 0.0 
-0.0975767 0.0473619 -0.359067 0.0 -1.0 0.0 
0.193107 0.119915 0.000969024 -0.0 1.0 -0.0 
-0.0678555 0.119915 -0.343105 -0.0 1.0 -0.0 
0.101928 0.119915 -0.101927 0.0 1.0 0.0 
-0.00816906 0.0473619 0.265582 0.0 -1.0 0.0 
0.0132594 0.0875371 -0.544002 0.102883 -0.615351 -0.78151 
0.302074 0.119915 0.357944 -0.0 1.0 -0.0 
-0.535946 0.118571 0.168513 -0.81313 0.474739 0.336812 
0.273693 0.047362 -0.378851 -0.0 -1.0 -0.0 
0.119662 0.0473619 -0.49207 -0.0 -1.0 -0.0 
0.297 -0.980923 0.337213 -0.707082 1.53518e-06 0.707131 
-0.330937 -0.63587 -0.342329 -0.707107 0.0 -0.707107 
-0.337553 0.0473619 0.107908 0.0 -1.0 0.0 
0.276443 -0.424675 -0.316836 -0.707083 3.11148e-06 -0.707131 
0.371597 0.114138 -0.421135 0.607902 -0.0528923 -0.792248 
0.350201 -0.86122 0.32307 0.707124 0.0 0.70709 
-0.324317 -0.449935 0.283924 -0.707107 0.0 -0.707107 
0.110764 0.119915 -0.0366615 0.0 1.0 0.0 
0.0841944 0.0742367 0.524272 0.102893 -0.615358 0.781503 
-0.199399 -0.129556 0.239798 0.707105 -0.0 0.707109 
0.337171 -0.0621363 0.29659 0.707109 -2.45555e-06 -0.707105 
-0.181812 0.0473619 0.301516 0.0 -1.0 0.0 
0.281666 0.0473619 -0.350733 -0.0 -1.0 0.0 
0.345421 -0.73265 -0.328033 0.707106 -0.0 -0.707107 
0.0727085 -0.103101 -0.0221253 0.9239 0.0 -0.382635 
0.297 -0.909988 0.337213 -0.707082 1.53518e-06 0.707131 
0.213528 -0.0498997 0.172946 0.707109 -2.6e-06 -0.707105 
0.124095 0.119915 0.0133423 0.0 1.0 0.0 
0.101928 0.119915 0.274915 -0.0 1.0 -0.0 
0.0972462 -0.0769131 0.137459 -0.707105 -0.0 0.707109 
0.321555 -0.211113 -0.281157 0.707119 0.0 0.707094 
-0.149974 0.0473619 -0.486075 0.0 -1.0 -0.0 
0.288133 -0.125268 0.328346 -0.707094 0.0 0.707119 
0.435857 0.0791015 -0.309961 0.625357 -0.615365 -0.479848 
0.163996 -0.129702 -0.20439 -0.707107 0.0 -0.707107 
-0.447819 0.119915 0.248315 -0.0 1.0 -0.0 
-0.35521 -0.440043 0.314816 -0.707107 -0.0 -0.707107 
0.456604 0.0473619 0.164079 0.0 -1.0 0.0 
-0.300089 -0.784411 -0.303455 0.706425 -0.0444285 0.706392 
-0.175733 -0.14459 0.182313 0.0 -1.0 0.0 
0.345768 -0.444476 -0.327686 0.707106 -0.0 -0.707107 
-0.318633 -0.276005 -0.354633 -0.707107 0.0 -0.707107 
-0.292648 0.119915 -0.394534 -0.0 1.0 0.0 
-0.315043 -0.280439 -0.274832 -0.70712 0.0 0.707094 
-0.398354 0.0653698 0.341417 -0.625359 -0.61536 0.479853 
0.2827 -0.334857 -0.323094 -0.707107 0.0 -0.707107 
0.263291 0.047362 -0.162666 0.0 -1.0 0.0 
0.0416784 0.119915 -0.131351 -0.0 1.0 -0.0 
-0.297082 -0.830186 -0.337662 0.707132 -3.15967e-06 -0.707082 
-0.166742 0.0473619 -0.302192 0.0 -1.0 -0.0 
-0.390184 0.0473619 0.288216 0.0 -1.0 0.0 
0.394535 0.119915 0.235014 0.0 1.0 0.0 
0.135248 0.047362 0.379784 0.0 -1.0 0.0 
-0.0754623 0.119915 -0.100811 -0.0 1.0 0.0 
0.177297 0.0473619 -0.403401 -0.0 -1.0 -0.0 
-0.308124 -0.750748 0.348523 0.707107 -0.0 0.707107 
-0.297082 -0.111968 -0.337662 0.707107 -0.0 -0.707107 
0.478771 0.119915 -0.20833 -0.0 1.0 -0.0 
0.453978 0.072615 0.278109 0.625354 -0.615365 0.479853 
-0.355455 0.0473619 0.26087 0.0 -1.0 0.0 
0.333443 -0.271499 0.292862 0.707106 0.0 -0.707107 
-0.266233 0.0473619 0.190221 0.0 -1.0 0.0 
-0.212846 0.119915 0.30595 -0.0 1.0 -0.0 
-0.0875293 -0.139821 0.127929 0.707105 -0.0 0.707109 
-0.0754095 0.119915 0.00890885 -0.0 1.0 -0.0 
0.487983 0.119915 0.0124533 -0.0 1.0 -0.0 
-0.172382 0.047362 -0.0401591 0.0 -1.0 0.0 
0.423926 0.105271 0.359151 0.625354 -0.615365 0.479853 
-0.117962 0.0473619 -0.244299 0.0 -1.0 -0.0 
0.306629 -0.222804 0.266049 0.707106 -0.0 -0.707107 
-0.109185 0.119915 -0.548965 -0.0 1.0 0.0 
0.082959 0.0473619 -0.131034 0.0 -1.0 -0.0 
-0.106223 0.119915 -0.38164 -0.0 1.0 -0.0 
0.199464 -0.0632 -0.239857 -0.707107 -1.80555e-07 -0.707107 
-0.548842 0.0929074 -0.00923911 -0.78151 -0.615352 -0.102883 
0.0974948 0.119915 0.212847 -0.0 1.0 -0.0 
-0.33952 -0.701308 0.299127 -0.707107 0.0 -0.707107 
-0.346953 -0.97821 0.306559 -0.707107 0.0 -0.707107 
0.461037 0.0473619 0.102011 0.0 -1.0 0.0 
-0.103244 0.0781451 -0.524771 -0.102879 -0.615372 -0.781494 
-0.179415 -0.0619485 -0.139204 -0.707109 1.25666e-05 0.707105 
-0.314815 -0.0543331 0.355214 0.707107 -0.0 0.707107 
-0.126498 0.119915 -0.0155792 -0.0 1.0 -0.0 
0.239365 0.119915 -0.319166 -0.0 1.0 0.0 
0.279266 0.119915 0.465553 -0.0 1.0 -0.0 
-0.428814 0.119915 -0.0260218 -0.0 1.0 -0.0 
-0.341416 -0.86122 0.331668 -0.707124 -0.0 0.70709 
-0.323329 0.0473618 -0.0568813 0.0 -1.0 0.0 
-0.284843 -0.701275 -0.325423 0.707132 -3.15967e-06 -0.707082 
0.314047 -0.810238 -0.35444 -0.707107 0.0 -0.707107 
0.340721 -0.413442 0.33255 0.707124 0.0 0.70709 
-0.0949197 0.119915 -0.158574 -0.0 1.0 0.0 
0.18173 0.047362 -0.274832 0.0 -1.0 -0.0 
0.110795 0.0473619 0.0310761 0.0 -1.0 0.0 
0.00882591 0.0489936 -0.514237 0.102896 -0.615373 -0.781491 
0.203897 0.047362 -0.46547 -0.0 -1.0 -0.0 
0.398969 0.119915 0.221714 0.0 1.0 0.0 
0.354659 0.0473619 0.00114608 0.0 -1.0 0.0 
-0.288215 0.047362 0.0754105 0.0 -1.0 0.0 
-0.0222082 0.119915 -0.0176918 -0.0 1.0 -0.0 
0.341334 -0.431176 0.331937 0.707124 0.0 0.70709 
0.550939 0.11988 0.0958055 0.81276 0.572689 0.106997 
0.118648 0.0473619 -0.458896 -0.0 -1.0 -0.0 
-0.294956 -0.0544795 -0.335537 0.707107 -2.11379e-07 -0.707107 
0.328796 -0.568612 0.288216 0.707106 -0.0 -0.707107 
0.197777 -0.14459 0.198155 0.0 -1.0 0.0 
0.0531603 0.119915 -0.319166 0.0 1.0 0.0 
-0.386711 0.0473619 0.153893 0.0 -1.0 0.0 
-0.0719494 -0.14459 -0.0321349 0.0 -1.0 0.0 
0.303 -0.910664 0.343212 -0.707082 1.53518e-06 0.707131 
-0.0699915 -0.146876 0.00264708 0.0 -1.0 -0.0 
0.248232 0.119915 0.483287 -0.0 1.0 -0.0 
0.177297 0.119915 -0.0930603 -0.0 1.0 -0.0 
0.116163 0.119915 -0.206964 -0.0 1.0 -0.0 
0.420935 0.119915 0.00426521 -0.0 1.0 -0.0 
0.329431 0.119915 0.228882 -0.0 1.0 -0.0 
-0.318907 -0.660275 0.278514 -0.707107 0.0 -0.707107 
-0.342162 0.119915 0.37668 -0.0 1.0 -0.0 
-0.353833 -0.927721 0.31925 -0.707124 -0.0 0.70709 
-0.314815 0.119915 -0.252664 -0.0 1.0 -0.0 
0.115229 0.0473619 0.310383 0.0 -1.0 0.0 
-0.313761 -0.271659 0.35416 0.707107 -0.0 0.707107 
0.265966 0.119915 -0.341333 0.0 1.0 -0.0 
-0.186893 0.0473619 0.0761199 0.0 -1.0 0.0 
0.324097 -0.577479 -0.283698 0.707156 4.66909e-06 0.707058 
0.234931 -0.14459 -0.230497 -0.0 -1.0 -0.0 
-0.211275 0.0473619 -0.239884 0.0 -1.0 -0.0 
-0.112946 0.119915 -0.420148 -0.0 1.0 -0.0 
0.536406 0.119915 -0.0354256 -0.0 1.0 -0.0 
0.328531 -0.697182 -0.288132 0.707156 4.66909e-06 0.707058 
0.514238 0.0660465 0.110878 0.781504 -0.615358 0.102887 
0.376574 0.0473619 0.0539597 0.0 -1.0 0.0 
0.276459 -0.282387 0.316672 -0.707094 0.0 0.707119 
-0.055012 0.047362 0.048404 0.0 -1.0 0.0 
0.15513 -0.14459 -0.19503 0.0 -1.0 0.0 
0.124095 0.119915 -0.430002 -0.0 1.0 0.0 
-0.0621092 0.0473619 -0.296999 0.0 -1.0 0.0 
-0.267907 0.119915 -0.168256 -0.0 1.0 -0.0 
0.421136 0.0473619 0.17738 0.0 -1.0 0.0 
-0.039942 0.0473619 -0.3635 0.0 -1.0 0.0 
-0.175161 0.119915 -0.0283142 -0.0 1.0 -0.0 
0.155154 0.047362 0.0743145 0.0 -1.0 0.0 
0.297169 -0.527128 0.337382 -0.707094 0.0 0.707119 
-0.283829 -0.488889 0.300949 0.706408 -0.0444285 -0.706409 
