ply
format ascii 1.0
comment VCGLIB generated
element vertex 2000
property float x
property float y
property float z
property float nx
property float ny
property float nz
element face 0
property list uchar int vertex_indices
end_header
0.955707 -0.216473 -0.394787 0.00291325 -0.0170017 0.999851 
0.933477 -0.566261 0.35211 -0.00294877 0.0169997 -0.999851 
-0.0494163 0.252087 -0.152938 0.000762387 -0.999855 -0.0170044 
-0.904521 -0.584035 0.425613 0.00291328 -0.0169997 0.999851 
0.626997 0.287979 -0.221122 -0.000762411 0.999855 0.0170019 
0.586893 0.285601 -0.0830994 -0.000762411 0.999855 0.0170019 
-0.592607 0.256687 -0.447813 0.000762387 -0.999855 -0.0170044 
0.633452 0.251156 -0.0675797 0.00076365 -0.999855 -0.017002 
-0.452929 0.257436 -0.485581 0.000762387 -0.999855 -0.0170044 
-0.747804 0.283132 0.00225911 -0.000762393 0.999855 0.0170019 
0.471171 0.27897 0.301702 -0.000762411 0.999855 0.0170019 
-0.699488 0.283387 -0.0105585 -0.000762393 0.999855 0.0170019 
0.905047 -0.619429 0.419724 0.00291211 -0.0170018 0.999851 
-0.634198 0.235449 -0.442338 -0.00292067 0.0170162 -0.999851 
-0.0416564 0.27483 0.52217 -0.000762411 0.999855 0.0170019 
0.955007 -0.650259 0.419054 0.00293792 -0.0169997 0.999851 
-0.122938 0.253961 -0.266433 0.000762387 -0.999855 -0.0170044 
0.680011 0.278679 0.328173 -0.000762411 0.999855 0.0170019 
0.687771 0.290956 -0.393494 -0.000762393 0.999855 0.0170019 
0.890832 -0.771355 0.366552 -0.999996 -0.000810752 0.00288485 
0.1601 0.290158 -0.370214 -0.000762393 0.999855 0.0170019 
-0.786604 0.249149 -0.0132606 0.000762387 -0.999855 -0.0170044 
-0.788501 0.276176 0.409522 -0.000762393 0.999855 0.0170019 
0.287198 0.289624 -0.333125 -0.000762392 0.999855 0.0170019 
0.976188 0.257001 -0.354685 0.999995 0.00077267 -0.00290792 
0.431695 0.25087 -0.0598198 0.00076365 -0.999855 -0.017002 
-0.584847 0.249171 -0.00550076 0.000762387 -0.999855 -0.0170044 
0.637726 0.281067 0.185843 -0.000762411 0.999855 0.0170019 
0.743255 0.288633 -0.254375 -0.000762411 0.999855 0.0170019 
0.914679 0.105682 -0.0117072 -0.999995 -0.00082228 0.00290511 
0.198899 0.286625 -0.160698 -0.000762393 0.999855 0.0170019 
0.956676 -0.371113 -0.409014 0.999995 0.000814326 -0.00292225 
0.243095 0.280929 0.176281 -0.000762411 0.999855 0.0170019 
-0.44517 0.288476 -0.493835 -0.00292106 0.0169569 -0.999852 
0.101373 0.244497 0.300141 0.00076365 -0.999855 -0.017002 
-0.903002 -0.459788 -0.393494 0.00291201 -0.017 0.999851 
-0.608127 0.240839 0.483371 0.00076365 -0.999855 -0.017002 
0.959366 0.276781 0.452331 -0.000762411 0.999855 0.0170019 
0.00147017 0.287554 -0.224163 -0.000762393 0.999855 0.0170019 
0.0667838 0.133512 -0.44612 -0.00292068 0.0170161 -0.999851 
-0.945527 0.126969 -0.165707 -0.999995 -0.000838937 0.00290474 
-0.693485 0.251728 -0.160698 0.000762387 -0.999855 -0.0170044 
0.222179 0.276878 0.413532 -0.000762411 0.999855 0.0170019 
0.137817 0.287222 -0.198573 -0.000762392 0.999855 0.0170019 
-0.739903 0.276052 0.419016 -0.000762411 0.999855 0.0170019 
-0.518431 0.290696 -0.432248 -0.000762392 0.999855 0.0170019 
-0.562587 0.160987 -0.409596 0.00292064 -0.0169997 0.999851 
0.416176 0.240962 0.52217 0.00076365 -0.999855 -0.017002 
0.338563 0.285694 -0.0996667 -0.000762411 0.999855 0.0170019 
0.948569 0.248455 -0.0824429 0.999995 0.000822348 -0.00290828 
0.897287 0.253337 -0.183978 0.00076365 -0.999855 -0.017002 
0.9045 -0.324685 0.356303 -0.00294877 0.0169997 -0.999851 
0.555853 0.256243 -0.370214 0.000762387 -0.999855 -0.0170044 
0.756793 0.286647 -0.136958 -0.000762411 0.999855 0.0170019 
0.00381015 0.276053 0.452291 -0.000762411 0.999855 0.0170019 
0.0927428 0.254661 -0.297924 0.000762387 -0.999855 -0.0170044 
0.397142 0.287514 -0.204103 -0.000762393 0.999855 0.0170019 
0.361857 0.241184 0.50665 0.00076365 -0.999855 -0.017002 
-0.0488327 0.28043 0.192526 -0.000762411 0.999855 0.0170019 
-0.344291 0.287926 -0.261576 -0.000762393 0.999855 0.0170019 
0.328161 0.289841 -0.344017 -0.000762393 0.999855 0.0170019 
-0.95952 -0.0804011 -0.433346 -0.999996 -0.000810087 0.00274014 
-0.196111 0.24076 0.506538 0.00076365 -0.999855 -0.017002 
0.956849 -0.589637 -0.410987 0.999995 0.000814326 -0.00292225 
0.323783 0.288184 -0.24675 -0.000762392 0.999855 0.0170019 
-0.137323 0.208931 -0.444241 -0.00292067 0.0170162 -0.999851 
0.958882 -0.115038 0.421292 0.999995 0.000813173 -0.00292217 
0.850728 0.0944789 0.423468 0.00292158 -0.0169886 0.999852 
-0.883532 -0.504442 0.389536 0.999995 0.000808281 -0.00292138 
-0.952299 -0.00382675 0.411317 -0.999995 -0.000811416 0.0029589 
-0.0225697 0.280251 0.20424 -0.000762411 0.999855 0.0170019 
-0.377574 0.243424 0.341707 0.00076365 -0.999855 -0.017002 
0.223927 0.250068 -0.0219776 0.00076365 -0.999855 -0.017002 
0.214419 0.251496 -0.106379 0.000762387 -0.999855 -0.0170044 
0.890783 -0.540436 0.414402 -0.999996 -0.000810752 0.00288485 
-0.952128 -0.312731 0.384285 -0.999995 -0.000811421 0.00295879 
-0.211031 0.280781 0.164587 -0.000762411 0.999855 0.0170019 
0.232521 0.264729 -0.496217 -0.00292104 0.0169575 -0.999852 
0.17562 0.253314 -0.215017 0.000762387 -0.999855 -0.0170044 
-0.918686 0.0935118 -0.0946896 0.000747884 -0.999855 -0.0170036 
0.563613 0.292181 -0.471093 -0.000762393 0.999855 0.0170019 
-0.891007 -0.043086 -0.390523 0.999996 0.000807581 -0.00274018 
0.333199 0.275265 0.513365 -0.000762411 0.999855 0.0170019 
0.833238 0.278182 0.364283 -0.000762411 0.999855 0.0170019 
-0.103965 0.291833 -0.480577 -0.000762393 0.999855 0.0170019 
-0.354864 0.126695 0.393321 -0.00292016 0.0170046 -0.999851 
0.915231 0.105064 0.17791 -0.999995 -0.00082228 0.00290511 
0.888513 -0.695454 -0.409883 -0.999996 -0.000811064 0.00288561 
-0.0183769 0.241916 -0.444027 -0.00292067 0.0170162 -0.999851 
0.756026 0.173672 -0.413232 0.00292065 -0.0169995 0.999851 
-0.297732 0.275294 0.483371 -0.000762411 0.999855 0.0170019 
0.563953 0.0870305 0.410637 0.000762528 -0.999856 -0.0169613 
0.915093 0.222994 0.163399 -0.999995 -0.000806478 0.00290862 
0.95907 -0.434457 0.396664 0.999995 0.000813173 -0.00292217 
0.449541 0.275963 0.477556 -0.000762411 0.999855 0.0170019 
-0.952236 -0.241532 0.367357 -0.999995 -0.000811421 0.00295879 
0.602412 0.286537 -0.137418 -0.000762411 0.999855 0.0170019 
-0.16868 0.254538 -0.302429 0.000762387 -0.999855 -0.0170044 
-0.987543 0.252918 -0.243858 0.000762387 -0.999855 -0.0170044 
0.948246 0.117758 -0.230537 0.999995 0.000807184 -0.00290544 
-0.8775 0.283179 -0.00629429 -0.000762393 0.999855 0.0170019 
-0.883522 -0.627826 0.358595 0.999995 0.000813457 -0.0030785 
0.248514 0.104181 -0.434536 0.000762895 -0.999855 -0.0170323 
0.339113 0.157539 0.426034 0.00292158 -0.0169886 0.999852 
-0.631406 0.103207 -0.416774 0.000762898 -0.999855 -0.0170322 
0.898103 0.0201831 -0.390595 0.00294825 -0.0169998 0.999851 
-0.673713 0.287875 -0.273337 -0.000762393 0.999855 0.0170019 
0.286538 0.243954 0.340395 0.00076365 -0.999855 -0.017002 
0.621495 0.282077 0.125724 -0.000762411 0.999855 0.0170019 
-0.894207 0.283324 -0.0156094 -0.000762392 0.999855 0.0170019 
0.270487 0.253708 -0.233906 0.000762387 -0.999855 -0.0170044 
-0.0808333 0.288661 -0.29295 -0.000762393 0.999855 0.0170019 
-0.883741 -0.217227 0.39715 0.999996 0.000805483 -0.00288874 
-0.282212 0.284939 -0.0830994 -0.000762393 0.999855 0.0170019 
-0.958935 -0.707318 -0.405252 -0.999996 -0.000810086 0.00274014 
-0.41413 0.246398 0.165216 0.000762387 -0.999855 -0.0170044 
0.809108 0.289815 -0.320954 -0.000762411 0.999855 0.0170019 
0.9138 0.12431 -0.309052 -0.999995 -0.00082228 0.00290511 
0.521123 0.238882 0.426885 0.00292158 -0.0169886 0.999852 
0.951111 0.256183 -0.348922 0.00076365 -0.999855 -0.017002 
-0.887482 0.251975 -0.183978 0.000762387 -0.999855 -0.0170044 
0.417203 0.276672 0.434429 -0.000762411 0.999855 0.0170019 
0.959395 -0.762358 0.416561 0.999995 0.000813173 -0.00292217 
0.474107 0.287151 -0.17928 -0.000762411 0.999855 0.0170019 
-0.662446 0.252807 -0.222777 0.000762387 -0.999855 -0.0170044 
-0.305292 0.291161 -0.45008 -0.000762392 0.999855 0.0170019 
0.517054 0.291882 -0.455573 -0.000762392 0.999855 0.0170019 
0.887775 0.0479197 -0.455573 -0.999996 -0.000813738 0.00287884 
-0.716765 0.109999 -0.444232 -0.00292068 0.0170161 -0.999851 
-0.507248 0.280413 0.172976 -0.000762393 0.999855 0.0170019 
0.486564 0.164076 -0.412608 0.00292065 -0.0169995 0.999851 
-0.111495 0.249268 0.010019 0.000762387 -0.999855 -0.0170044 
-0.90998 0.107696 0.288248 0.999995 0.000838482 -0.0029015 
0.959191 -0.641404 0.380529 0.999995 0.000813173 -0.00292217 
0.343238 0.252807 -0.177667 0.000762387 -0.999855 -0.0170044 
-0.0728918 0.284885 -0.0705722 -0.000762393 0.999855 0.0170019 
0.348004 0.251603 -0.106688 0.00076365 -0.999855 -0.017002 
-0.949561 0.244802 0.235055 0.000762387 -0.999855 -0.0170044 
-0.941801 0.203117 0.439105 0.00292485 -0.016999 0.999851 
0.548093 0.24832 0.0953775 0.00076365 -0.999855 -0.017002 
0.524814 0.285422 -0.0753396 -0.000762411 0.999855 0.0170019 
0.423936 0.249281 0.0332986 0.00076365 -0.999855 -0.017002 
0.949891 0.134068 0.340294 0.999995 0.000807185 -0.00290544 
0.904402 -0.0582597 -0.391947 0.00294825 -0.0169998 0.999851 
-0.266693 0.253505 -0.246057 0.000762387 -0.999855 -0.0170044 
0.890734 -0.704787 0.351453 -0.999995 -0.000812513 0.00288336 
-0.258933 0.244537 0.281614 0.00076365 -0.999855 -0.017002 
0.252814 0.243177 0.384568 0.00076365 -0.999855 -0.017002 
-0.857565 0.244766 -0.441527 -0.00292068 0.0170161 -0.999851 
-0.189094 0.241916 0.531145 0.00292105 -0.0169537 0.999852 
0.0345643 0.252576 -0.177925 0.000762387 -0.999855 -0.0170044 
0.956885 -0.627189 -0.409014 0.999995 0.000814326 -0.00292225 
-0.681206 0.290265 -0.414213 -0.000762393 0.999855 0.0170019 
0.842968 0.249733 0.0255387 0.00076365 -0.999855 -0.017002 
-0.945712 0.158067 -0.220335 -0.999995 -0.000838937 0.00290474 
0.399716 0.104191 -0.428356 0.000762895 -0.999855 -0.0170323 
0.625692 0.281408 0.165216 -0.000762411 0.999855 0.0170019 
0.32307 0.284922 -0.054994 -0.000762411 0.999855 0.0170019 
-0.0955 0.248538 0.0536411 0.000762387 -0.999855 -0.0170044 
0.888149 -0.26064 -0.413553 -0.999996 -0.000811064 0.00288561 
-0.538288 0.283688 -0.0210205 -0.000762393 0.999855 0.0170019 
0.94931 0.12725 0.138461 0.999995 0.000807184 -0.00290544 
0.789614 0.115658 0.38979 -0.00292158 0.0169881 -0.999852 
-0.797674 0.264141 0.5333 0.00292105 -0.0169537 0.999852 
0.977019 0.272328 -0.0647962 0.999995 0.000774201 -0.00290794 
0.928952 -0.101445 0.428462 0.00293792 -0.0169997 0.999851 
-0.900224 -0.486773 0.358819 -0.00291308 0.017001 -0.999851 
0.268738 0.28681 -0.168458 -0.000762393 0.999855 0.0170019 
-0.724525 0.276684 0.382493 -0.000762393 0.999855 0.0170019 
-0.165814 0.279881 0.219535 -0.000762411 0.999855 0.0170019 
-0.0589708 0.244335 0.302454 0.00076365 -0.999855 -0.017002 
-0.225459 0.253175 -0.224801 0.000762387 -0.999855 -0.0170044 
0.469041 0.251137 -0.0738272 0.00076365 -0.999855 -0.017002 
-0.724525 0.265196 -0.493413 -0.00292104 0.0169575 -0.999852 
-0.945783 0.101659 -0.261282 -0.999995 -0.000838937 0.00290474 
-0.8845 -0.529816 0.426476 0.00292485 -0.016999 0.999851 
-0.898396 0.146283 -0.451638 -0.00291327 0.0170157 -0.999851 
-0.445169 0.253237 -0.238297 0.000762387 -0.999855 -0.0170044 
0.890892 -0.711227 0.404227 -0.999996 -0.000810752 0.00288485 
-0.296456 0.280208 0.194462 -0.000762411 0.999855 0.0170019 
-0.952384 -0.0441786 0.371508 -0.999995 -0.000811421 0.00295879 
-0.910529 0.0944568 0.0953005 0.999995 0.000838482 -0.0029015 
0.0246625 0.281674 0.122655 -0.000762411 0.999855 0.0170019 
0.17562 0.275259 0.50665 -0.000762411 0.999855 0.0170019 
-0.251173 0.245862 0.204016 0.00076365 -0.999855 -0.017002 
0.0914538 0.277946 0.34488 -0.000762411 0.999855 0.0170019 
-0.631406 0.280716 -0.493422 -0.00292104 0.0169575 -0.999852 
-0.256612 0.24312 0.36506 0.00076365 -0.999855 -0.017002 
0.400922 0.288246 -0.246982 -0.000762393 0.999855 0.0170019 
-0.0571762 0.290652 -0.409014 -0.000762393 0.999855 0.0170019 
-0.401712 0.255097 -0.345749 0.000762387 -0.999855 -0.0170044 
-0.902575 -0.34635 -0.460002 -0.00294846 0.0169998 -0.999851 
-0.289194 0.283956 -0.0256533 -0.000762392 0.999855 0.0170019 
0.976328 0.266965 -0.303798 0.999995 0.000774201 -0.00290794 
0.676209 0.28175 0.147375 -0.000762411 0.999855 0.0170019 
0.915435 0.191932 0.27254 -0.999995 -0.000806478 0.00290862 
0.320996 0.252891 -0.183617 0.000762387 -0.999855 -0.0170044 
-0.202245 0.275336 0.485227 -0.000762411 0.999855 0.0170019 
-0.945638 0.0994729 -0.212093 -0.999995 -0.000838937 0.00290474 
-0.764682 0.286631 -0.204287 -0.000762392 0.999855 0.0170019 
-0.296533 0.281391 0.124884 -0.000762392 0.999855 0.0170019 
0.905381 -0.0940676 -0.392559 0.00294825 -0.0169998 0.999851 
-0.0832777 0.252761 -0.194086 0.000762387 -0.999855 -0.0170044 
-0.189094 0.172078 -0.444717 -0.00292068 0.0170161 -0.999851 
-0.0790762 0.285036 -0.0796993 -0.000762392 0.999855 0.0170019 
-0.310236 0.291435 -0.466373 -0.000762392 0.999855 0.0170019 
-0.695501 0.114573 -0.409997 0.00292064 -0.0169997 0.999851 
0.672251 0.244324 0.335933 0.00076365 -0.999855 -0.017002 
-0.677965 0.241446 0.444571 0.00076365 -0.999855 -0.017002 
-0.41413 0.241119 0.475611 0.00076365 -0.999855 -0.017002 
0.76537 0.280591 0.219535 -0.000762411 0.999855 0.0170019 
0.695531 0.241175 0.52217 0.00076365 -0.999855 -0.017002 
0.958814 -0.253331 0.358961 0.999996 0.000810194 -0.0028866 
0.958966 -0.394443 0.371981 0.999996 0.000810194 -0.0028866 
-0.945405 0.143138 -0.119055 -0.999995 -0.000838937 0.00290474 
0.476884 0.256119 -0.366464 0.000762387 -0.999855 -0.0170044 
-0.93174 -0.343268 0.429786 0.00291328 -0.0169997 0.999851 
-0.443992 0.24626 0.171996 0.000762387 -0.999855 -0.0170044 
0.377721 0.18111 -0.446219 -0.00292067 0.0170162 -0.999851 
-0.000313343 0.284941 -0.0705923 -0.000762393 0.999855 0.0170019 
-0.701245 0.28871 -0.323655 -0.000762393 0.999855 0.0170019 
0.850728 0.285275 -0.05206 -0.000762411 0.999855 0.0170019 
-0.210871 0.287856 -0.251449 -0.000762393 0.999855 0.0170019 
0.949957 0.133465 0.362805 0.999995 0.000807184 -0.00290544 
0.301602 0.277708 0.368326 -0.000762411 0.999855 0.0170019 
-0.066684 0.287501 -0.224105 -0.000762392 0.999855 0.0170019 
0.896542 -0.231175 -0.463299 -0.00291221 0.0169998 -0.999851 
0.959119 -0.486335 0.398949 0.999995 0.000813173 -0.00292217 
0.951606 0.27849 0.351453 -0.000762411 0.999855 0.0170019 
-0.999363 0.283159 -0.275024 -0.999995 -0.00084543 0.00289942 
0.94992 0.145337 0.353503 0.999995 0.000807184 -0.00290544 
-0.134775 0.272956 0.531514 0.00291982 -0.0170283 0.999851 
0.540334 0.245543 0.258335 0.00076365 -0.999855 -0.017002 
0.117041 0.27818 0.332238 -0.000762411 0.999855 0.0170019 
-0.941801 0.0906581 0.0720979 0.000747613 -0.999855 -0.0170036 
0.906075 -0.0227349 -0.391348 0.00294825 -0.0169998 0.999851 
-0.0571762 0.286298 -0.152938 -0.000762393 0.999855 0.0170019 
-0.375331 0.287375 -0.230537 -0.000762393 0.999855 0.0170019 
0.287161 0.290748 -0.399197 -0.000762393 0.999855 0.0170019 
0.0375289 0.290009 -0.366924 -0.000762392 0.999855 0.0170019 
-0.646926 0.277535 0.335933 -0.000762393 0.999855 0.0170019 
-0.415241 0.289896 -0.380605 -0.000762393 0.999855 0.0170019 
0.247188 0.275549 0.49285 -0.000762411 0.999855 0.0170019 
0.948563 0.15534 -0.111077 0.999995 0.000822347 -0.00290828 
-0.704289 0.275515 0.452168 -0.000762411 0.999855 0.0170019 
0.400656 0.276355 0.452331 -0.000762411 0.999855 0.0170019 
-0.884064 0.176785 0.395179 0.999996 0.000805483 -0.00288874 
0.374534 0.29045 -0.377746 -0.000762393 0.999855 0.0170019 
0.100809 0.279505 0.253619 -0.000762411 0.999855 0.0170019 
0.687771 0.109999 -0.448335 -0.00292068 0.0170161 -0.999851 
0.76537 0.234156 0.426091 0.00292158 -0.0169886 0.999852 
0.683701 0.241114 0.525251 0.00076365 -0.999855 -0.017002 
0.956228 -0.602574 0.351426 -0.00291239 0.0170017 -0.999851 
-0.740044 0.14961 0.429052 0.00292019 -0.0170048 0.999851 
0.946152 -0.0380775 0.361054 -0.00291239 0.0170017 -0.999851 
-0.945112 0.187597 -0.00550076 -0.999995 -0.000838551 0.00290483 
-0.371141 0.25697 -0.454482 0.000762387 -0.999855 -0.0170044 
0.894978 -0.115941 -0.461336 -0.0029122 0.0169998 -0.999851 
0.95912 -0.50609 0.39393 0.999995 0.000813173 -0.00292217 
0.977641 0.267822 0.147749 0.999995 0.00077267 -0.00290792 
-0.95916 -0.436344 -0.407291 -0.999996 -0.000810082 0.00274024 
-0.817643 0.277537 0.328173 -0.000762393 0.999855 0.0170019 
0.959192 -0.692741 0.366621 0.999995 0.000813173 -0.00292217 
-0.884008 0.00374144 0.367673 0.999995 0.000813457 -0.0030785 
-0.530528 0.284222 -0.05206 -0.000762393 0.999855 0.0170019 
-0.9993 0.280716 -0.253816 -0.999995 -0.000845436 0.00289942 
-0.181334 0.133278 0.427142 0.00292019 -0.0170048 0.999851 
0.0980211 0.283513 0.0177788 -0.000762411 0.999855 0.0170019 
0.54669 0.280084 0.239559 -0.000762411 0.999855 0.0170019 
-0.546048 0.254083 -0.292616 0.000762387 -0.999855 -0.0170044 
0.648972 0.254863 -0.284856 0.00076365 -0.999855 -0.017002 
-0.753025 0.290804 -0.449148 -0.000762392 0.999855 0.0170019 
0.437725 0.246063 0.223162 0.00076365 -0.999855 -0.017002 
0.915618 0.097721 0.431887 0.00293792 -0.0169997 0.999851 
0.42964 0.210737 -0.445866 -0.00292067 0.0170162 -0.999851 
-0.94462 0.0899488 0.113675 0.000747613 -0.999855 -0.0170036 
0.504059 0.248257 0.0971305 0.00076365 -0.999855 -0.017002 
-0.576689 0.228074 -0.408414 0.00292065 -0.0169995 0.999851 
-0.670206 0.286226 -0.176218 -0.000762393 0.999855 0.0170019 
-0.959212 -0.392088 -0.413114 -0.999996 -0.000810082 0.00274024 
0.822436 0.251491 -0.078755 0.00076365 -0.999855 -0.017002 
-0.142535 0.251488 -0.121899 0.000762387 -0.999855 -0.0170044 
0.949041 0.121891 0.0442645 0.999995 0.000807184 -0.00290544 
-0.962846 0.245742 0.179156 0.000762387 -0.999855 -0.0170044 
-0.483969 0.275152 0.483371 -0.000762411 0.999855 0.0170019 
0.563613 0.288091 -0.230537 -0.000762411 0.999855 0.0170019 
-0.817643 0.117758 0.428737 0.00292019 -0.0170048 0.999851 
0.586893 0.285997 -0.106379 -0.000762411 0.999855 0.0170019 
0.887982 -0.0696741 -0.417885 -0.999996 -0.000811064 0.00288561 
-0.902608 -0.018888 -0.385999 0.00292248 -0.0169998 0.999851 
-0.553808 0.288822 -0.323655 -0.000762393 0.999855 0.0170019 
0.838247 0.286004 -0.0954994 -0.000762411 0.999855 0.0170019 
0.889527 0.289131 -0.277096 -0.000762411 0.999855 0.0170019 
0.811929 0.255383 -0.308136 0.00076365 -0.999855 -0.017002 
0.915701 0.108993 0.34092 -0.999995 -0.000806478 0.00290862 
0.602412 0.234156 -0.445972 -0.00292067 0.0170162 -0.999851 
-0.212865 0.280443 0.184416 -0.000762411 0.999855 0.0170019 
0.76537 0.291807 -0.440053 -0.000762393 0.999855 0.0170019 
0.71881 0.254916 -0.284856 0.00076365 -0.999855 -0.017002 
0.536592 0.291768 -0.447981 -0.000762393 0.999855 0.0170019 
-0.847429 0.291119 -0.471914 -0.000762393 0.999855 0.0170019 
-0.920225 -0.326146 0.361608 -0.00291316 0.017001 -0.999851 
0.889527 0.253727 -0.207257 0.00076365 -0.999855 -0.017002 
0.431695 0.287726 -0.215017 -0.000762393 0.999855 0.0170019 
-0.903002 0.290667 -0.447813 -0.000762392 0.999855 0.0170019 
0.529111 0.124443 -0.447625 -0.00292068 0.0170161 -0.999851 
0.743617 0.242355 0.45498 0.00076365 -0.999855 -0.017002 
0.695531 0.28001 0.250575 -0.000762411 0.999855 0.0170019 
0.888261 -0.497064 -0.441289 -0.999996 -0.000811064 0.00288561 
0.19114 0.253194 -0.207257 0.000762387 -0.999855 -0.0170044 
0.604345 0.275489 0.512359 -0.000762411 0.999855 0.0170019 
-0.689912 0.248687 0.0182186 0.000762387 -0.999855 -0.0170044 
0.780889 0.246783 0.196256 0.00076365 -0.999855 -0.017002 
0.914126 0.245016 0.306126 0.00076365 -0.999855 -0.017002 
0.949449 0.159074 0.195231 0.999995 0.000807184 -0.00290544 
-0.592607 0.24613 0.172976 0.000762387 -0.999855 -0.0170044 
-0.39861 0.291184 -0.455573 -0.000762393 0.999855 0.0170019 
0.958648 0.0958833 0.39958 0.999996 0.000810194 -0.0028866 
0.958619 0.200292 0.418897 0.999996 0.000810194 -0.0028866 
0.0437021 0.0867163 0.405772 0.000760926 -0.999855 -0.0170334 
-0.939663 -0.522533 -0.394454 0.00291178 -0.0169998 0.999851 
-0.11143 0.260413 0.531232 0.00291982 -0.0170283 0.999851 
-0.0682423 0.254943 0.531013 0.00292105 -0.0169537 0.999852 
0.783523 0.289266 -0.289813 -0.000762411 0.999855 0.0170019 
0.953291 0.207981 -0.455998 -0.00291234 0.0169998 -0.999851 
-0.959363 -0.130983 -0.39105 -0.999996 -0.000810082 0.00274024 
-0.616829 0.284277 -0.0591887 -0.000762393 0.999855 0.0170019 
0.95647 -0.292967 -0.458252 0.999995 0.000813158 -0.0029213 
0.751162 0.258097 -0.470438 0.000762387 -0.999855 -0.0170044 
-0.359811 0.288178 -0.277096 -0.000762393 0.999855 0.0170019 
0.714933 0.104693 -0.443707 0.000762895 -0.999855 -0.0170323 
-0.910682 0.152574 0.0592904 0.999995 0.000838482 -0.0029015 
-0.802123 0.288476 -0.492792 -0.00292106 0.0169569 -0.999852 
-0.0958027 0.279996 0.215926 -0.000762411 0.999855 0.0170019 
0.890239 0.0725066 0.398283 -0.999995 -0.000815683 0.00295879 
-0.553596 0.240382 0.512709 0.00076365 -0.999855 -0.017002 
-0.331571 0.128506 -0.445042 -0.00292068 0.0170161 -0.999851 
-0.533465 0.250138 -0.0600737 0.000762387 -0.999855 -0.0170044 
-0.165814 0.24408 0.312654 0.00076365 -0.999855 -0.017002 
-0.247411 0.281392 0.127047 -0.000762393 0.999855 0.0170019 
-0.383091 0.255263 -0.354695 0.000762387 -0.999855 -0.0170044 
-0.941682 0.285514 -0.146535 -0.000762393 0.999855 0.0170019 
0.924553 -0.586755 -0.400992 0.00294825 -0.0169998 0.999851 
0.939431 -0.291273 -0.464446 -0.00291234 0.0169998 -0.999851 
-0.952296 0.019454 0.418473 -0.999995 -0.000811416 0.0029589 
0.956288 -0.0607185 -0.455573 0.999995 0.000813158 -0.0029213 
-0.959683 0.138134 -0.428208 -0.999996 -0.000810082 0.00274024 
0.579133 0.244121 0.343693 0.00076365 -0.999855 -0.017002 
0.956531 -0.198938 -0.410826 0.999995 0.000814326 -0.00292225 
0.880672 0.289359 -0.290911 -0.000762411 0.999855 0.0170019 
0.066247 0.287365 -0.210181 -0.000762393 0.999855 0.0170019 
0.890646 -0.500158 0.378393 -0.999996 -0.000810752 0.00288485 
-0.709014 0.280627 0.151328 -0.000762393 0.999855 0.0170019 
-0.864202 0.282911 0.010019 -0.000762393 0.999855 0.0170019 
-0.367571 0.249676 0.531798 0.00292105 -0.0169537 0.999852 
0.949684 0.173584 0.279954 0.999995 0.000807184 -0.00290544 
0.684557 0.278193 0.356965 -0.000762411 0.999855 0.0170019 
0.656731 0.254077 -0.238297 0.00076365 -0.999855 -0.017002 
0.8974 -0.529669 -0.468377 -0.0029122 0.0169998 -0.999851 
0.108361 0.287047 -0.189561 -0.000762393 0.999855 0.0170019 
-0.321012 0.255047 -0.339175 0.000762387 -0.999855 -0.0170044 
0.933044 0.0889421 0.314802 0.000747665 -0.999855 -0.0170037 
-0.40823 0.277636 0.340712 -0.000762411 0.999855 0.0170019 
-0.010617 0.241296 0.483371 0.00076365 -0.999855 -0.017002 
0.268738 0.2814 0.149697 -0.000762411 0.999855 0.0170019 
-0.630013 0.28838 -0.301057 -0.000762392 0.999855 0.0170019 
-0.944961 0.158984 0.0382134 -0.999995 -0.000838938 0.00290474 
0.948172 0.179837 -0.238297 0.999995 0.000822347 -0.00290828 
0.956457 -0.131807 -0.417557 0.999996 0.000805516 -0.00283006 
0.440042 0.252902 -0.178946 0.00076365 -0.999855 -0.017002 
0.703291 0.245404 0.273854 0.00076365 -0.999855 -0.017002 
0.269789 0.253379 -0.214624 0.000762387 -0.999855 -0.0170044 
-0.370642 0.29084 -0.434086 -0.000762392 0.999855 0.0170019 
-0.321012 0.282402 0.064338 -0.000762393 0.999855 0.0170019 
0.822407 0.29019 -0.342391 -0.000762411 0.999855 0.0170019 
0.955125 -0.0888811 -0.461051 -0.00291234 0.0169998 -0.999851 
-0.959189 -0.481422 -0.431243 -0.999996 -0.000810086 0.00274014 
-0.530528 0.275777 0.444571 -0.000762411 0.999855 0.0170019 
-0.0183769 0.275771 0.467851 -0.000762411 0.999855 0.0170019 
0.903046 -0.0435233 -0.460128 -0.00291234 0.0169998 -0.999851 
0.890429 -0.0995462 0.415754 -0.999996 -0.000810752 0.00288485 
-0.910271 0.149324 0.199858 0.999995 0.000838482 -0.0029015 
0.947992 0.113243 -0.319114 0.999995 0.000807184 -0.00290544 
-0.639166 0.25718 -0.478853 0.000762387 -0.999855 -0.0170044 
-0.313252 0.249246 0.00225911 0.000762387 -0.999855 -0.0170044 
0.956122 0.241606 -0.428388 0.999995 0.000813158 -0.0029213 
-0.952508 0.128734 0.376769 -0.999995 -0.000811421 0.00295879 
0.912807 -0.596149 0.420097 0.00291211 -0.0170018 0.999851 
0.947717 0.240046 -0.377664 0.999995 0.000822347 -0.00290828 
-0.472348 0.106515 -0.410786 0.00292064 -0.0169997 0.999851 
-0.883955 0.0292665 0.392031 0.999996 0.000805483 -0.00288874 
-0.999887 0.268003 -0.459861 -0.999995 -0.000845499 0.00289942 
-0.944069 0.186208 0.353278 -0.999995 -0.000838551 0.00290483 
-0.553808 0.250514 -0.0830994 0.000762387 -0.999855 -0.0170044 
0.897793 -0.67901 0.418732 0.00291211 -0.0170018 0.999851 
-0.352051 0.289108 -0.331415 -0.000762393 0.999855 0.0170019 
-0.884717 -0.343114 0.361217 -0.00287162 0.0170023 -0.999851 
0.664491 0.290543 -0.370214 -0.000762393 0.999855 0.0170019 
-0.662643 0.254896 -0.345615 0.000762387 -0.999855 -0.0170044 
-0.445169 0.245318 0.227295 0.000762387 -0.999855 -0.0170044 
0.558809 0.253543 -0.211284 0.00076365 -0.999855 -0.017002 
0.948081 0.156304 -0.276317 0.999995 0.000822348 -0.00290828 
-0.696998 0.282196 0.0595834 -0.000762393 0.999855 0.0170019 
0.586893 0.279796 0.258335 -0.000762411 0.999855 0.0170019 
0.888219 -0.283958 -0.396143 -0.999995 -0.000811793 0.00298095 
-0.685725 0.250942 -0.114139 0.000762387 -0.999855 -0.0170044 
-0.592607 0.25154 -0.145178 0.000762387 -0.999855 -0.0170044 
-0.771084 0.287205 -0.238297 -0.000762393 0.999855 0.0170019 
-0.553808 0.281169 0.126417 -0.000762393 0.999855 0.0170019 
0.501534 0.249736 0.010019 0.00076365 -0.999855 -0.017002 
0.949099 0.137962 0.0686932 0.999995 0.000807184 -0.00290544 
0.344786 0.290445 -0.378812 -0.000762393 0.999855 0.0170019 
-0.134775 0.290197 -0.385734 -0.000762393 0.999855 0.0170019 
0.232066 0.277852 0.356737 -0.000762411 0.999855 0.0170019 
-0.685725 0.248962 0.00225911 0.000762387 -0.999855 -0.0170044 
-0.646064 0.249458 -0.0251228 0.000762387 -0.999855 -0.0170044 
0.0281823 0.0944789 0.42587 0.00292019 -0.0170048 0.999851 
0.905047 0.251496 -0.0753396 0.00076365 -0.999855 -0.017002 
-0.98836 0.274504 0.498891 -0.000762393 0.999855 0.0170019 
-0.392003 0.165803 -0.410013 0.00292064 -0.0169997 0.999851 
0.654674 0.250786 -0.0448802 0.00076365 -0.999855 -0.017002 
0.107292 0.278557 0.309675 -0.000762411 0.999855 0.0170019 
-0.946932 -0.267414 -0.390095 0.00291178 -0.0169998 0.999851 
-0.951691 -0.765612 0.407724 -0.999995 -0.000811421 0.00295879 
-0.952464 0.179837 0.405772 -0.999995 -0.000811416 0.0029589 
0.456752 0.253714 -0.225944 0.00076365 -0.999855 -0.017002 
-0.959369 -0.310023 -0.446205 -0.999996 -0.000810087 0.00274014 
0.439455 0.278891 0.304894 -0.000762411 0.999855 0.0170019 
-0.952104 -0.207289 0.421466 -0.999995 -0.000811416 0.0029589 
0.33286 0.241406 0.492302 0.00076365 -0.999855 -0.017002 
0.203761 0.285517 -0.0953378 -0.000762392 0.999855 0.0170019 
-0.39085 0.252618 -0.199497 0.000762387 -0.999855 -0.0170044 
-0.107498 0.115642 -0.445915 -0.00292068 0.0170161 -0.999851 
-0.911539 0.231933 -0.213166 0.999995 0.000838495 -0.00290151 
0.72657 0.254922 -0.284856 0.00076365 -0.999855 -0.017002 
-0.25006 0.174708 -0.444494 -0.00292068 0.0170161 -0.999851 
-0.944545 0.156558 0.180736 -0.999995 -0.000838551 0.00290483 
-0.732285 0.279317 0.227295 -0.000762393 0.999855 0.0170019 
-0.546048 0.276952 0.374733 -0.000762411 0.999855 0.0170019 
-0.551794 0.248626 0.0280095 0.000762387 -0.999855 -0.0170044 
-0.468449 0.148798 0.428245 0.00292019 -0.0170048 0.999851 
0.890679 0.283598 0.0483538 -0.000762411 0.999855 0.0170019 
0.936087 0.281777 0.157456 -0.000762411 0.999855 0.0170019 
-0.665346 0.27565 0.445994 -0.000762411 0.999855 0.0170019 
0.0528702 0.27602 0.456419 -0.000762411 0.999855 0.0170019 
-0.944204 -0.299627 -0.459086 -0.0029122 0.0170022 -0.999851 
-0.421101 0.275556 0.462446 -0.000762411 0.999855 0.0170019 
0.399846 0.289543 -0.323272 -0.000762393 0.999855 0.0170019 
-0.925637 0.287992 -0.291524 -0.000762393 0.999855 0.0170019 
0.476581 0.283027 0.0633652 -0.000762411 0.999855 0.0170019 
-0.646894 0.0859012 0.422767 0.000760926 -0.999855 -0.0170334 
-0.935077 -0.534992 0.3581 -0.00291316 0.017001 -0.999851 
0.811929 0.244299 0.343693 0.00076365 -0.999855 -0.017002 
-0.897404 0.282731 0.0191682 -0.000762392 0.999855 0.0170019 
0.0204225 0.226397 0.428136 0.00292158 -0.0169886 0.999852 
0.949748 0.116519 0.286183 0.999995 0.000807184 -0.00290544 
-0.428266 0.284245 -0.0488297 -0.000762392 0.999855 0.0170019 
0.735271 0.145245 -0.447874 -0.00292067 0.0170162 -0.999851 
0.951606 0.24269 0.444571 0.00076365 -0.999855 -0.017002 
0.503542 0.281038 0.18151 -0.000762411 0.999855 0.0170019 
-0.785874 0.185969 -0.442737 -0.00292068 0.0170161 -0.999851 
-0.0893663 0.281406 0.133267 -0.000762411 0.999855 0.0170019 
-0.998378 0.280716 0.064338 -0.999995 -0.000845436 0.00289942 
-0.235165 0.197835 -0.444144 -0.00292068 0.0170161 -0.999851 
-0.958956 -0.703095 -0.411827 -0.999996 -0.000810087 0.00274014 
-0.0959696 0.280803 0.168478 -0.000762411 0.999855 0.0170019 
-0.913399 -0.548151 -0.394966 0.00291178 -0.0169998 0.999851 
0.292018 0.290127 -0.362455 -0.000762393 0.999855 0.0170019 
-0.910761 0.285779 -0.160698 -0.000762393 0.999855 0.0170019 
-0.890998 -0.227328 -0.44052 0.999996 0.000812767 -0.00274084 
0.345571 0.280508 0.205626 -0.000762411 0.999855 0.0170019 
-0.713006 0.281327 0.109959 -0.000762393 0.999855 0.0170019 
-0.285517 0.212911 -0.44374 -0.00292067 0.0170162 -0.999851 
-0.685725 0.24012 0.52217 0.00076365 -0.999855 -0.017002 
0.641212 0.254461 -0.261576 0.00076365 -0.999855 -0.017002 
-0.959719 0.21736 -0.418016 -0.999996 -0.000810082 0.00274024 
0.408416 0.287181 -0.183978 -0.000762411 0.999855 0.0170019 
0.648972 0.226397 0.426299 0.00292158 -0.0169886 0.999852 
-0.36215 0.228529 -0.409033 0.00292065 -0.0169995 0.999851 
-0.38444 0.286669 -0.494043 -0.00292106 0.0169569 -0.999852 
0.94209 -0.455302 -0.398809 0.00291325 -0.0170017 0.999851 
-0.560362 0.254109 -0.294771 0.000762387 -0.999855 -0.0170044 
-0.94726 -0.191402 -0.388802 0.00291178 -0.0169998 0.999851 
-0.372738 0.284996 -0.0905278 -0.000762393 0.999855 0.0170019 
-0.119953 0.248743 0.0404769 0.000762387 -0.999855 -0.0170044 
0.936087 0.0889809 0.312654 0.000747665 -0.999855 -0.0170037 
-0.62149 0.287398 -0.242961 -0.000762393 0.999855 0.0170019 
-0.522768 0.291089 -0.455573 -0.000762393 0.999855 0.0170019 
0.890367 -0.115956 0.389629 -0.999995 -0.000815683 0.00295879 
0.819689 0.252882 -0.160698 0.00076365 -0.999855 -0.017002 
0.426942 0.281182 0.16965 -0.000762411 0.999855 0.0170019 
-0.6414 0.280143 0.182837 -0.000762393 0.999855 0.0170019 
0.431695 0.248627 0.0720979 0.00076365 -0.999855 -0.017002 
0.958753 -0.0437579 0.396824 0.999996 0.000810194 -0.0028866 
0.74985 0.255863 -0.339175 0.00076365 -0.999855 -0.017002 
-0.338772 0.276761 -0.494344 -0.00292104 0.0169575 -0.999852 
-0.554905 0.256858 -0.456171 0.000762387 -0.999855 -0.0170044 
-0.577087 0.287749 -0.261576 -0.000762393 0.999855 0.0170019 
0.672251 0.277222 0.413532 -0.000762411 0.999855 0.0170019 
0.64707 0.247451 0.150946 0.00076365 -0.999855 -0.017002 
-0.770595 0.103017 -0.411844 0.000762895 -0.999855 -0.0170323 
-0.856442 0.288459 -0.315895 -0.000762393 0.999855 0.0170019 
-0.428282 0.242693 0.382429 0.00076365 -0.999855 -0.017002 
-0.861137 0.285121 -0.11976 -0.000762393 0.999855 0.0170019 
0.913856 0.123631 -0.290106 -0.999995 -0.00082228 0.00290511 
-0.894645 -0.319473 0.430082 0.00292485 -0.016999 0.999851 
0.517054 0.265196 -0.497041 -0.00292104 0.0169575 -0.999852 
0.411832 0.258176 -0.49029 0.000762387 -0.999855 -0.0170044 
-0.945373 0.148798 -0.106379 -0.999995 -0.000838937 0.00290474 
0.935801 0.281626 0.166346 -0.000762411 0.999855 0.0170019 
-0.132567 0.190585 0.427974 0.00292158 -0.0169886 0.999852 
-0.424288 0.251195 -0.117296 0.000762387 -0.999855 -0.0170044 
0.911335 -0.258167 0.425849 0.00291211 -0.0170018 0.999851 
0.866248 0.251598 -0.0830994 0.00076365 -0.999855 -0.017002 
0.0858238 0.25441 -0.283506 0.000762387 -0.999855 -0.0170044 
0.936087 0.0479197 -0.458669 -0.00291234 0.0169998 -0.999851 
0.578503 0.280645 0.208009 -0.000762411 0.999855 0.0170019 
0.959098 -0.56709 0.369241 0.999995 0.000813173 -0.00292217 
-0.569327 0.282213 0.064338 -0.000762393 0.999855 0.0170019 
0.499811 0.281656 0.145 -0.000762411 0.999855 0.0170019 
0.975932 0.289218 -0.434068 0.999995 0.000774201 -0.00290794 
0.454975 0.288008 -0.230537 -0.000762393 0.999855 0.0170019 
-0.735795 0.256892 -0.466291 0.000762387 -0.999855 -0.0170044 
-0.94607 0.169526 -0.340291 -0.999995 -0.000838938 0.00290474 
0.738882 0.277903 0.376426 -0.000762411 0.999855 0.0170019 
-0.102686 0.253879 -0.260739 0.000762387 -0.999855 -0.0170044 
0.910197 0.0488122 -0.390144 0.00293598 -0.0170006 0.999851 
-0.786604 0.279408 0.219535 -0.000762393 0.999855 0.0170019 
0.711051 0.2853 -0.0598198 -0.000762411 0.999855 0.0170019 
-0.726219 0.291528 -0.490517 -0.000762393 0.999855 0.0170019 
0.301075 0.104431 -0.446829 0.000762898 -0.999855 -0.0170322 
0.956248 0.0168802 -0.447813 0.999995 0.000813158 -0.0029213 
0.893391 0.281573 0.167526 -0.000762411 0.999855 0.0170019 
0.222179 0.265196 0.530339 0.00291982 -0.0170283 0.999851 
0.0980211 0.246657 0.172976 0.00076365 -0.999855 -0.017002 
0.289309 0.268913 -0.496312 -0.00292104 0.0169575 -0.999852 
-0.884151 -0.384048 0.428954 0.00292485 -0.016999 0.999851 
0.956726 -0.521554 -0.434095 0.999995 0.000814326 -0.00292225 
-0.507248 0.255301 -0.362455 0.000762387 -0.999855 -0.0170044 
0.0747415 0.0944789 0.391518 -0.00292016 0.0170046 -0.999851 
-0.383091 0.244706 0.266095 0.00076365 -0.999855 -0.017002 
0.133322 0.243032 0.530222 0.00292105 -0.0169537 0.999852 
0.956686 -0.56363 -0.459547 0.999995 0.000813158 -0.0029213 
0.641212 0.250107 -0.00550076 0.00076365 -0.999855 -0.017002 
0.854159 0.287095 -0.158976 -0.000762411 0.999855 0.0170019 
0.866248 0.248299 0.110897 0.00076365 -0.999855 -0.017002 
0.160607 0.278395 0.321575 -0.000762411 0.999855 0.0170019 
0.70519 0.281077 0.188293 -0.000762411 0.999855 0.0170019 
0.399431 0.248175 0.0972329 0.00076365 -0.999855 -0.017002 
0.482296 0.153987 -0.412767 0.00292065 -0.0169995 0.999851 
0.555853 0.243444 0.382493 0.00076365 -0.999855 -0.017002 
0.381346 0.249596 0.0128555 0.00076365 -0.999855 -0.017002 
-0.825403 0.252815 -0.230537 0.000762387 -0.999855 -0.0170044 
-0.0261367 0.275238 0.498891 -0.000762411 0.999855 0.0170019 
-0.336531 0.141038 -0.444814 -0.00292068 0.0170161 -0.999851 
-0.240148 0.0906915 0.42659 0.00292019 -0.0170048 0.999851 
-0.951835 -0.545388 0.419506 -0.999995 -0.000811416 0.0029589 
0.0756985 0.163547 -0.411417 0.00292064 -0.0169997 0.999851 
-0.944613 0.134439 0.15121 -0.999995 -0.000838551 0.00290483 
-0.658894 0.0863406 0.396439 0.000760926 -0.999855 -0.0170334 
-0.538288 0.241289 0.460091 0.00076365 -0.999855 -0.017002 
0.113541 0.218637 0.427732 0.00292158 -0.0169886 0.999852 
-0.981204 0.240001 0.515942 0.000762387 -0.999855 -0.0170044 
-0.910302 0.107016 0.177105 0.999995 0.000838482 -0.0029015 
0.958761 -0.0275245 0.404155 0.999996 0.000810194 -0.0028866 
0.956414 -0.21665 -0.455935 0.999995 0.000813158 -0.0029213 
-0.470528 0.26888 0.532425 0.00291982 -0.0170283 0.999851 
-0.0170957 0.22937 -0.444244 -0.00292067 0.0170162 -0.999851 
-0.131831 0.278192 0.320384 -0.000762411 0.999855 0.0170019 
-0.959263 -0.341864 -0.417064 -0.999996 -0.000810082 0.00274024 
-0.291587 0.245937 0.197785 0.00076365 -0.999855 -0.017002 
-0.159544 0.287245 -0.213207 -0.000762393 0.999855 0.0170019 
-0.9446 0.141038 0.157456 -0.999995 -0.000838551 0.00290483 
0.121301 0.289865 -0.354695 -0.000762393 0.999855 0.0170019 
0.593351 0.246735 0.190623 0.00076365 -0.999855 -0.017002 
0.0437021 0.253213 -0.215017 0.000762387 -0.999855 -0.0170044 
0.625692 0.291965 -0.455573 -0.000762392 0.999855 0.0170019 
0.284258 0.249174 0.0332986 0.00076365 -0.999855 -0.017002 
0.946158 0.280726 0.219747 -0.000762411 0.999855 0.0170019 
-0.909879 0.098463 0.320239 0.999995 0.000838482 -0.0029015 
0.93019 -0.0282846 -0.459948 -0.00291234 0.0169998 -0.999851 
0.948935 0.102239 0.00225911 0.999995 0.000807184 -0.00290544 
-0.952049 -0.246955 0.429052 -0.999995 -0.000811416 0.0029589 
-0.848683 0.252137 -0.191738 0.000762387 -0.999855 -0.0170044 
0.88179 0.25624 -0.355394 0.00076365 -0.999855 -0.017002 
0.262119 0.186891 0.426758 0.00292158 -0.0169886 0.999852 
-0.614325 0.27871 0.268315 -0.000762393 0.999855 0.0170019 
-0.0882156 0.289441 -0.339175 -0.000762393 0.999855 0.0170019 
-0.941801 0.290506 -0.440053 -0.000762392 0.999855 0.0170019 
-0.0804558 0.148798 0.427112 0.00292019 -0.0170048 0.999851 
0.888918 -0.666054 -0.470671 -0.00291221 0.0169998 -0.999851 
0.317562 0.251277 -0.0888873 0.00076365 -0.999855 -0.017002 
0.956609 -0.295015 -0.410867 0.999995 0.000814326 -0.00292225 
-0.57326 0.289708 -0.376613 -0.000762392 0.999855 0.0170019 
0.0974874 0.277713 0.358835 -0.000762411 0.999855 0.0170019 
-0.999083 0.256486 -0.186185 -0.999995 -0.000845499 0.00289942 
0.550202 0.246293 0.214683 0.00076365 -0.999855 -0.017002 
0.890892 -0.711227 0.404227 -0.999996 -0.000810752 0.00288485 
-0.235737 0.253219 -0.227857 0.000762387 -0.999855 -0.0170044 
-0.959692 0.14669 -0.429187 -0.999996 -0.000810082 0.00274024 
0.948534 0.15183 -0.121899 0.999995 0.000822347 -0.00290828 
0.0561453 0.109655 0.426047 0.00292019 -0.0170048 0.999851 
-0.825403 0.117758 0.428759 0.00292019 -0.0170048 0.999851 
-0.671001 0.285851 -0.154165 -0.000762393 0.999855 0.0170019 
-0.939016 0.100761 0.437356 0.00292485 -0.016999 0.999851 
0.0712724 0.254229 -0.273527 0.000762387 -0.999855 -0.0170044 
-0.944982 0.141929 0.0259413 -0.999995 -0.000838938 0.00290474 
-0.253774 0.221536 -0.409469 0.00292065 -0.0169995 0.999851 
0.936087 -0.146077 0.427682 0.00293792 -0.0169997 0.999851 
-0.890548 -0.662749 -0.405712 0.999996 0.000807581 -0.00274018 
0.126412 0.287772 -0.231402 -0.000762392 0.999855 0.0170019 
0.63058 0.283635 0.0345159 -0.000762411 0.999855 0.0170019 
0.14458 0.109999 -0.446748 -0.00292068 0.0170161 -0.999851 
0.606947 0.278414 0.340454 -0.000762411 0.999855 0.0170019 
0.632628 0.281102 0.183549 -0.000762411 0.999855 0.0170019 
-0.941801 0.0861712 0.335933 0.000747884 -0.999855 -0.0170036 
-0.951893 -0.665988 0.366973 -0.999995 -0.000811421 0.00295879 
-0.0360001 0.245213 0.251861 0.00076365 -0.999855 -0.017002 
-0.883734 -0.119731 0.42666 0.999995 0.000808281 -0.00292138 
-0.00285712 0.291485 -0.455573 -0.000762393 0.999855 0.0170019 
-0.552034 0.172113 -0.443656 -0.00292068 0.0170161 -0.999851 
0.0492605 0.245701 0.227007 0.00076365 -0.999855 -0.017002 
-0.944512 0.149027 0.189996 -0.999995 -0.000838551 0.00290483 
0.650038 0.284263 -0.00155875 -0.000762411 0.999855 0.0170019 
0.1601 0.28079 0.180736 -0.000762411 0.999855 0.0170019 
-0.95924 -0.355944 -0.412728 -0.999996 -0.000810082 0.00274024 
-0.951764 -0.722483 0.394893 -0.999995 -0.000811421 0.00295879 
0.0127171 0.241114 0.49508 0.00076365 -0.999855 -0.017002 
0.959366 0.257436 0.528054 0.00291982 -0.0170283 0.999851 
-0.957321 -0.161597 -0.4567 -0.0029122 0.0170022 -0.999851 
0.948269 0.109545 -0.224672 0.999995 0.000807184 -0.00290544 
0.859162 0.291486 -0.416974 -0.000762411 0.999855 0.0170019 
0.3665 0.24589 0.230124 0.00076365 -0.999855 -0.017002 
0.405733 0.291934 -0.463645 -0.000762393 0.999855 0.0170019 
-0.949561 0.240975 0.460091 0.000762387 -0.999855 -0.0170044 
-0.0882156 0.2806 0.180736 -0.000762411 0.999855 0.0170019 
-0.103735 0.252177 -0.160698 0.000762387 -0.999855 -0.0170044 
-0.959494 -0.105362 -0.431259 -0.999996 -0.000810082 0.00274024 
0.413448 0.285048 -0.0583445 -0.000762411 0.999855 0.0170019 
0.914779 0.102732 0.0219309 -0.999995 -0.00082228 0.00290511 
0.610354 0.258046 -0.473792 0.000762387 -0.999855 -0.0170044 
0.700583 0.245592 0.262646 0.00076365 -0.999855 -0.017002 
0.307538 0.246685 0.180736 0.00076365 -0.999855 -0.017002 
0.204615 0.247246 0.143131 0.00076365 -0.999855 -0.017002 
-0.895242 0.141038 -0.451736 -0.00291327 0.0170157 -0.999851 
0.958645 0.0804775 0.394185 0.999996 0.000810194 -0.0028866 
0.928327 -0.605808 0.351453 0.00294877 -0.0169997 0.999851 
-0.883871 -0.0795854 0.390764 0.999996 0.000805483 -0.00288874 
