ply
format ascii 1.0
comment VCGLIB generated
element vertex 2000
property float x
property float y
property float z
property float nx
property float ny
property float nz
element face 0
property list uchar int vertex_indices
end_header
0.603026 0.245007 -0.636936 0.707107 1.9272e-06 0.707107 
-0.84984 0.498124 -0.847387 -0.707106 -1.75962e-06 0.707108 
0.110153 0.811205 -0.476334 0.0 1.0 0.0 
-0.495615 0.0899959 -0.493161 0.707107 -0.0 -0.707107 
0.205133 -0.117919 -0.239044 0.707092 -6.98703e-06 0.707121 
-0.575942 0.0128343 -0.573488 0.707107 -0.0 -0.707107 
-0.535134 0.811205 -0.333386 -0.0 1.0 -0.0 
0.611198 -0.13647 -0.645108 0.707077 -3.98018e-05 0.707137 
0.549607 0.142884 -0.583517 -0.707107 -1.9272e-06 -0.707107 
0.14351 -0.323072 0.145962 0.707091 -3.40662e-06 -0.707123 
-0.699643 0.506967 0.665731 -0.707107 -2.06061e-06 -0.707107 
0.20428 0.198122 -0.238192 0.707107 1.42785e-07 0.707107 
-0.0874864 0.811205 -0.624071 0.0 1.0 0.0 
0.543958 -0.102517 -0.577868 0.707131 3.1568e-05 0.707083 
-0.532658 0.312133 -0.530204 0.707107 -0.0 -0.707107 
0.201297 -0.144495 -0.235209 -0.707092 6.98703e-06 -0.707122 
0.197432 0.205504 0.199886 0.707121 1.10492e-05 -0.707092 
-0.938637 0.274809 -0.89359 -1.0 -0.0 0.0 
-0.52823 0.73444 -0.525776 0.707107 -0.0 -0.707107 
-0.495762 0.0560734 0.461853 0.707107 2.06061e-06 0.707107 
0.659466 0.811205 -0.17744 0.0 1.0 0.0 
-0.0165465 -0.331454 -0.0173654 -0.707089 -0.0 -0.707124 
0.482353 0.811205 -0.454659 0.0 1.0 0.0 
-0.71893 0.621333 0.685019 0.707107 2.06061e-06 0.707107 
0.343743 -0.248828 -0.377654 0.707121 1.09806e-05 0.707092 
-1.0 0.767403 -0.84958 -1.0 0.0 0.0 
0.714633 0.505025 -0.748544 -0.707107 -1.94068e-06 -0.707107 
0.599534 0.811205 0.516273 -0.0 -1.0 -0.0 
0.636364 0.367215 0.63882 -0.707107 2.08457e-06 0.707107 
-0.678395 0.0573343 0.644485 0.707122 9.42073e-06 0.707092 
-0.872094 0.421071 0.838182 -0.707108 0.0 -0.707106 
-0.180969 0.811205 -0.65265 -0.0 -1.0 -0.0 
0.917261 0.721586 -0.997546 -0.0 -0.0 -1.0 
-0.152639 0.146533 -0.150184 -0.707107 5.01888e-08 0.707107 
-0.110588 0.567429 0.0766768 0.707107 2.19522e-06 0.707107 
0.440655 0.811205 0.186154 0.0 1.0 0.0 
-0.938637 0.413418 0.900635 -1.0 -0.0 -0.0 
-0.314587 0.228307 0.280677 0.707107 2.08457e-06 0.707107 
0.851979 0.405718 0.904725 0.0 0.0 1.0 
0.0632013 0.811205 0.0310356 0.0 1.0 0.0 
0.0742249 0.490424 0.0766785 -0.707121 -1.10492e-05 0.707092 
-0.819037 -0.0409132 -0.816585 0.707106 1.75524e-06 -0.707108 
-0.313602 -0.0153431 -0.31115 0.707122 -9.16194e-06 -0.707092 
0.28798 0.811205 -0.98077 0.0 1.0 0.0 
-0.920723 0.811205 0.251625 -0.0 1.0 -0.0 
-0.631502 -0.131794 -0.629049 -0.707122 -9.64627e-06 0.707092 
0.0548811 -0.122069 0.0573343 0.707123 3.51699e-06 -0.70709 
-0.417464 0.0159658 0.383554 0.707107 2.06061e-06 0.707107 
0.062817 -0.127894 0.0652706 0.707123 3.51699e-06 -0.70709 
0.86738 0.811205 0.762025 -0.0 -1.0 -0.0 
-0.0511468 0.0811699 0.0172347 -0.707107 0.0 -0.707107 
-0.474186 0.637262 -0.471732 0.707107 -0.0 -0.707107 
-0.938637 -0.0137372 -0.888062 -1.0 -0.0 0.0 
0.436044 0.811205 0.0769949 0.0 1.0 0.0 
-0.373548 0.445228 0.339637 0.707107 2.06061e-06 0.707107 
-0.251959 0.811205 -0.1266 0.0 -1.0 0.0 
-0.672729 0.521226 -0.670274 -0.707107 0.0 0.707107 
0.963637 0.792058 0.16499 1.0 0.0 -0.0 
-0.480214 0.811205 -0.693376 -0.0 -1.0 -0.0 
-0.641925 -0.0717153 0.608015 0.707122 9.43809e-06 0.707092 
0.203916 0.163854 -0.237828 0.707121 1.09806e-05 0.707092 
0.0772032 -0.221348 0.079657 0.707123 3.51699e-06 -0.70709 
-0.56808 0.811205 0.591455 0.0 -1.0 0.0 
-0.0352208 0.811205 -0.176031 -0.0 -1.0 -0.0 
0.13617 0.705439 0.138625 0.707107 -2.08457e-06 -0.707107 
-0.631863 0.71185 -0.975634 0.0 -1.0 0.0 
0.582457 0.29021 0.584913 0.707107 -2.10853e-06 -0.707107 
0.299051 0.811205 0.319495 -0.0 1.0 -0.0 
-0.910162 -0.230214 0.904725 0.0 0.0 1.0 
-0.480214 0.811205 0.792828 -0.0 1.0 -0.0 
-0.65447 0.305129 0.62056 -0.707107 -2.06061e-06 -0.707107 
0.328343 0.43652 0.330798 -0.707107 2.08457e-06 0.707107 
0.616211 0.811205 -0.766547 -0.0 -1.0 -0.0 
-0.843573 0.36893 -0.84112 0.707106 1.75524e-06 -0.707108 
0.242827 0.0816749 0.245281 0.707121 1.10321e-05 -0.707092 
0.590161 0.467322 -0.624072 -0.707107 -1.94068e-06 -0.707107 
-0.287701 0.00529005 0.25379 -0.707122 9.16194e-06 -0.707092 
0.907359 0.71185 -0.0444432 0.0 -1.0 -0.0 
-0.595722 0.811205 0.292293 0.0 -1.0 0.0 
0.628663 0.0437927 0.631116 0.707121 -7.28676e-06 -0.707092 
0.112728 0.174702 -0.146639 -0.707121 -6.95966e-06 -0.707092 
0.688255 0.811205 0.294434 0.0 1.0 0.0 
-0.93571 0.0162962 -0.936183 -0.0 -0.0 -1.0 
0.061193 -0.181034 -0.0951038 0.707123 3.51699e-06 0.70709 
-0.235789 0.2 0.201878 -0.707122 9.16194e-06 -0.707092 
-0.318503 0.811205 -0.439258 -0.0 -1.0 -0.0 
0.94387 0.811205 0.77449 0.0 1.0 0.0 
-0.800688 0.811205 -0.0976385 -0.0 1.0 -0.0 
0.0877755 0.811205 -0.87429 0.0 1.0 0.0 
0.551658 0.811205 0.269191 -0.0 -1.0 -0.0 
-0.425003 0.277767 0.391093 0.707107 2.06061e-06 0.707107 
-0.241497 0.811205 0.507908 -0.0 1.0 -0.0 
-0.56492 0.513525 0.531009 0.707107 2.06061e-06 0.707107 
0.963637 0.783044 0.0766776 1.0 0.0 -0.0 
0.266738 0.528927 0.269193 -0.707107 2.08457e-06 0.707107 
0.611601 0.165975 0.614057 0.707077 2.14119e-05 -0.707137 
0.766193 -0.123139 0.768643 0.707091 5.57637e-06 -0.707123 
0.15194 0.451139 -0.185851 0.707125 2.07415e-05 0.707089 
-0.888342 0.811205 0.839031 0.0 -1.0 0.0 
-0.0978423 0.234419 -0.0953887 -0.707091 -5.19468e-06 0.707122 
-0.253669 0.811205 -0.920555 0.0 1.0 0.0 
-0.886177 0.811205 -0.142838 -0.0 1.0 -0.0 
0.821177 0.71185 0.954539 0.0 -1.0 0.0 
-0.629951 0.138415 -0.627496 -0.707106 4.30029e-07 0.707107 
0.0357222 0.811205 -0.246745 0.0 1.0 0.0 
-0.175872 -0.051035 -0.173417 -0.707107 5.85536e-08 0.707107 
-0.98282 0.811205 0.284262 -0.0 1.0 -0.0 
-0.269135 0.0343021 0.235224 0.707122 -9.16194e-06 0.707092 
0.128129 0.190103 -0.16204 -0.707092 6.98703e-06 -0.707121 
0.686043 0.811205 0.929471 -0.0 1.0 -0.0 
-0.657326 0.682937 -0.654872 0.707107 -0.0 -0.707107 
0.759573 0.811205 -0.762681 0.0 1.0 0.0 
0.902274 -0.474961 0.898739 1.0 -0.0 -0.0 
-0.300562 0.811205 0.952129 -0.0 1.0 -0.0 
-0.694892 0.572994 -0.692438 0.707107 -0.0 -0.707107 
0.106218 -0.283641 -0.14013 0.707091 -3.39815e-06 0.707123 
0.637408 0.142523 -0.671318 0.707107 1.94068e-06 0.707107 
-0.534118 0.120798 0.500208 0.707107 2.06061e-06 0.707107 
0.0896259 0.811205 -0.46236 -0.0 -1.0 -0.0 
-0.345629 0.618101 -0.343175 -0.707107 0.0 0.707107 
-0.164445 0.811205 -0.50168 -0.0 -1.0 -0.0 
-0.0512187 -0.213768 0.0173069 0.707107 -0.0 0.707107 
0.305241 0.811205 -0.0927342 -0.0 -1.0 -0.0 
0.960149 0.811205 0.100345 0.0 1.0 0.0 
-0.410909 0.811205 -0.115836 0.0 -1.0 0.0 
-0.350161 -0.213152 0.316251 -0.707122 9.16194e-06 -0.707092 
0.905883 0.811205 -0.185141 0.0 1.0 0.0 
0.120428 0.313312 -0.154339 -0.707092 6.98703e-06 -0.707121 
0.746371 0.811205 0.240427 0.0 1.0 0.0 
-0.095187 0.811205 0.492507 -0.0 1.0 -0.0 
0.751872 0.811205 0.515608 0.0 1.0 0.0 
0.524994 0.10979 0.527451 -0.707107 2.08457e-06 0.707107 
0.963637 0.791911 -0.204796 1.0 -0.0 -0.0 
0.636364 0.811205 0.877533 -0.0 1.0 -0.0 
-0.351598 0.811205 0.591543 -0.0 1.0 -0.0 
-0.913984 0.811205 0.492319 -0.0 1.0 -0.0 
0.443848 0.374916 0.446303 0.707107 -2.10853e-06 -0.707107 
0.0485868 -0.0289409 -0.0824978 0.707123 3.51699e-06 0.70709 
-0.765134 0.811205 0.523309 -0.0 1.0 -0.0 
0.86738 0.29791 0.904725 0.0 0.0 1.0 
-0.329807 0.811205 0.0756995 -0.0 1.0 -0.0 
-0.116665 -0.197778 -0.114214 0.707124 -1.76505e-06 -0.70709 
0.552299 -0.072638 0.554752 -0.707077 -2.14119e-05 0.707137 
0.16855 0.811205 -0.369084 -0.0 -1.0 -0.0 
-0.9075 0.811205 -0.869289 -0.0 1.0 -0.0 
-0.0700639 -0.275576 -0.0676096 -0.707107 -0.0 0.707107 
0.0896259 0.305611 0.09208 -0.707121 -6.93457e-06 0.707092 
-0.0397978 0.811205 -0.724767 0.0 1.0 0.0 
-0.148726 0.510696 0.114815 0.707107 2.06061e-06 0.707107 
0.389947 0.811205 -0.47006 0.0 1.0 0.0 
0.0671586 0.389834 0.0696125 0.707121 6.95966e-06 -0.707092 
-0.2877 0.811205 0.916036 -0.0 1.0 -0.0 
0.297539 0.621333 0.299993 0.707107 -2.10853e-06 -0.707107 
0.659466 0.58283 -0.693377 -0.707107 -1.94068e-06 -0.707107 
-0.349305 0.811205 -0.477761 0.0 1.0 0.0 
0.605562 0.811205 0.615715 0.0 -1.0 0.0 
-0.549519 0.105397 0.515609 0.707107 2.06061e-06 0.707107 
-0.375734 0.184985 0.341824 0.707107 2.06061e-06 0.707107 
0.833196 0.811205 -0.584387 0.0 1.0 0.0 
0.441464 0.811205 0.245796 0.0 1.0 0.0 
-0.653705 0.657866 0.619794 0.707107 2.06061e-06 0.707107 
-0.164492 0.811205 -0.362253 0.0 1.0 0.0 
-0.146303 -0.3453 0.112394 0.707091 5.20315e-06 0.707122 
-0.0643848 0.811205 0.3924 0.0 -1.0 0.0 
-0.357005 -0.210325 0.323095 -0.707122 9.16194e-06 -0.707092 
-1.0 0.729141 0.307694 -1.0 0.0 0.0 
0.234298 0.811205 0.616554 -0.0 1.0 -0.0 
0.212835 0.644435 0.215289 -0.707107 2.08457e-06 0.707107 
0.0158053 -0.0692899 0.0182578 0.707089 0.0 -0.707124 
0.644065 0.811205 -0.885889 0.0 1.0 0.0 
-0.676368 0.531458 0.642457 -0.707107 -2.06061e-06 -0.707107 
0.243637 0.0976965 -0.277549 -0.707107 -1.24937e-07 -0.707107 
0.711927 0.360993 0.71438 0.707121 -7.28676e-06 -0.707092 
0.72877 0.220905 0.731225 -0.707107 -3.42069e-08 0.707107 
0.963637 0.737121 -0.0867581 1.0 0.0 0.0 
0.682567 0.811205 -0.839686 0.0 1.0 0.0 
-0.328746 0.388193 -0.326292 -0.707107 0.0 0.707107 
-0.963897 0.811205 0.418482 -0.0 1.0 -0.0 
-0.271725 0.811205 -0.0690185 -0.0 1.0 -0.0 
-0.749732 0.811205 -0.246745 -0.0 1.0 -0.0 
0.385532 0.466955 -0.419443 -0.707107 -1.94068e-06 -0.707107 
-0.380538 0.583414 0.346627 -0.707107 -2.06061e-06 -0.707107 
-0.0192208 0.0177243 -0.0146914 -0.707107 0.0 -0.707107 
0.14353 0.811205 -0.631772 0.0 1.0 0.0 
0.1053 0.0521203 0.107752 0.707121 6.95966e-06 -0.707092 
0.2014 -0.113823 0.203853 0.707092 -6.93664e-06 -0.707121 
-0.588021 0.752242 0.966088 -0.0 -0.0 1.0 
0.676604 0.231819 0.679057 -0.707121 7.28676e-06 0.707092 
0.0428738 0.811205 -0.377773 0.0 1.0 0.0 
-0.390158 0.297841 -0.387704 0.707107 -0.0 -0.707107 
-0.00148248 0.811205 0.605879 0.0 -1.0 0.0 
0.651765 -0.271929 -0.685676 -0.707131 -3.19412e-05 -0.707083 
-0.229718 0.762822 0.966088 -0.0 -0.0 1.0 
-0.303101 0.811205 -0.108135 -0.0 1.0 -0.0 
-0.249199 0.0591938 -0.246745 -0.707122 9.16194e-06 0.707092 
0.613262 0.71185 0.954539 0.0 -1.0 0.0 
-0.478359 -0.208347 -0.475905 -0.707107 0.0 0.707107 
-0.692363 -0.0597476 0.658453 0.707092 -5.54141e-06 0.707122 
-0.442788 -0.0422267 0.408878 0.707107 2.06061e-06 0.707107 
0.257489 -0.0838394 0.259941 0.707121 1.10492e-05 -0.707092 
-0.85754 0.811205 0.207587 0.0 -1.0 0.0 
0.805776 0.736841 -0.997546 -0.0 -0.0 -1.0 
-0.540589 0.811205 0.662778 -0.0 1.0 -0.0 
-0.480213 -0.148721 0.446303 -0.707107 -2.08457e-06 -0.707107 
-0.0812289 -0.0905999 -0.0787753 -0.707124 1.76505e-06 0.70709 
-0.248811 0.811205 0.0984471 -0.0 1.0 -0.0 
-0.491237 0.811205 0.247417 -0.0 1.0 -0.0 
-0.149827 0.811205 0.343587 0.0 -1.0 0.0 
0.682565 0.390317 0.68502 0.707107 -2.08457e-06 -0.707107 
0.391 0.0141867 -0.42491 0.707125 2.07415e-05 0.707089 
-0.526417 0.398017 0.492507 -0.707107 -2.08457e-06 -0.707107 
-0.680522 0.353447 -0.678068 0.707107 -0.0 -0.707107 
0.458799 0.686981 -0.49271 -0.707107 -1.94068e-06 -0.707107 
0.636364 0.267108 -0.670274 0.707107 1.94068e-06 0.707107 
0.179954 0.473705 0.182409 -0.707107 2.10853e-06 0.707107 
0.853316 0.730068 0.966088 -0.0 -0.0 1.0 
0.351444 0.811205 0.723523 0.0 -1.0 0.0 
-0.785392 0.164855 -0.782938 0.707137 8.92061e-06 -0.707076 
-0.628666 -0.268674 -0.626214 -0.707077 1.2725e-05 0.707137 
-0.249198 0.444221 0.215287 -0.707107 -2.06061e-06 -0.707107 
0.205134 0.811205 -0.508563 0.0 1.0 0.0 
-0.938637 0.598231 -0.932093 -1.0 -0.0 -0.0 
0.72107 0.0206911 0.723524 -0.707092 -5.38679e-06 0.707122 
0.446607 0.719914 -0.480519 -0.707107 -1.94068e-06 -0.707107 
0.2567 0.745577 0.259155 -0.707107 2.10853e-06 0.707107 
-0.353175 0.0763531 -0.350721 0.707107 -0.0 -0.707107 
0.0472728 0.811205 -0.663504 -0.0 -1.0 -0.0 
-0.734331 0.244007 -0.731878 0.707122 9.64627e-06 -0.707092 
-0.665234 -0.110915 -0.662782 -0.707077 1.2725e-05 0.707137 
0.660486 0.43852 -0.694397 -0.707107 -1.94068e-06 -0.707107 
0.372849 0.14062 0.375305 -0.707107 2.10853e-06 0.707107 
-0.450025 0.621989 0.416114 0.707107 2.06061e-06 0.707107 
0.851979 0.811205 0.215287 0.0 1.0 0.0 
0.0887811 0.691049 -0.122693 -0.707107 -1.94068e-06 -0.707107 
0.81877 0.746005 -0.997546 -0.0 -0.0 -1.0 
0.902279 0.811205 -0.405147 0.0 1.0 0.0 
0.437083 0.196687 0.43954 -0.707107 2.08457e-06 0.707107 
0.443851 0.490424 0.446306 -0.707107 2.08457e-06 0.707107 
0.411412 0.319014 0.413868 -0.707107 2.08457e-06 0.707107 
-0.187593 0.374916 0.153683 0.707107 2.19522e-06 0.707107 
0.890482 0.811205 0.346196 0.0 1.0 0.0 
0.552734 0.811205 0.149914 0.0 1.0 0.0 
0.459252 0.811205 -0.885889 0.0 1.0 0.0 
-0.162632 0.573466 -0.160178 -0.707107 0.0 0.707107 
-0.310802 0.482723 0.276891 0.707107 2.06061e-06 0.707107 
-0.457113 0.482723 0.423202 -0.707107 -2.08457e-06 -0.707107 
-0.938637 -0.372329 0.901273 -1.0 -0.0 -0.0 
-0.202994 0.811205 0.384699 0.0 -1.0 0.0 
0.505455 0.811205 0.631116 0.0 -1.0 0.0 
0.322561 0.811205 0.611507 -0.0 1.0 -0.0 
-0.592065 0.159251 0.558155 -0.707107 -2.06061e-06 -0.707107 
-0.938637 0.485728 0.870232 -1.0 -0.0 -0.0 
-0.842139 0.811205 0.0920787 -0.0 1.0 -0.0 
-0.363102 0.811205 0.614152 -0.0 1.0 -0.0 
0.0810019 0.811205 0.50615 0.0 -1.0 0.0 
-0.0302348 0.811205 -0.331122 0.0 1.0 0.0 
-0.688128 0.305611 0.654218 0.707107 2.06061e-06 0.707107 
-0.221556 0.811205 -0.487675 0.0 1.0 0.0 
-0.13369 -0.0871164 0.0997792 -0.707091 -5.20315e-06 -0.707122 
0.473955 0.554045 0.476409 0.707107 -2.08457e-06 -0.707107 
-0.798929 0.148229 -0.796476 0.707137 8.92061e-06 -0.707076 
-0.0421277 -0.0414119 -0.0396734 -0.707107 -0.0 0.707107 
0.435643 0.384782 -0.469554 -0.707107 -1.94068e-06 -0.707107 
0.205134 0.559729 -0.239045 -0.707107 -1.9272e-06 -0.707107 
0.0168334 0.313521 0.0192872 -0.707123 -3.51699e-06 0.70709 
0.259037 0.621333 -0.292948 0.707107 1.94068e-06 0.707107 
-0.648697 0.38622 0.614787 -0.707107 -2.06061e-06 -0.707107 
0.60823 0.811205 0.560936 0.0 1.0 0.0 
-0.192158 0.811205 -0.77493 0.0 1.0 0.0 
0.694984 0.262033 0.697438 0.707121 -7.28676e-06 -0.707092 
0.644065 0.811205 -0.339151 -0.0 -1.0 -0.0 
-0.84984 0.29791 -0.847387 0.707106 1.75524e-06 -0.707108 
-0.418609 0.811205 0.846731 0.0 -1.0 0.0 
0.593318 0.0850751 -0.627228 0.707107 1.94068e-06 0.707107 
0.0434215 0.274809 -0.0773331 0.707091 -3.40662e-06 0.707123 
-0.24516 0.811205 0.272327 -0.0 1.0 -0.0 
0.354115 -0.0584378 0.356572 0.707122 1.14939e-05 -0.707092 
-0.616347 0.298871 -0.613892 -0.707107 0.0 0.707107 
-0.785356 0.811205 0.246447 -0.0 1.0 -0.0 
-0.53184 0.55751 -0.529386 0.707107 -0.0 -0.707107 
-0.272299 0.0976965 0.238389 -0.707122 9.16194e-06 -0.707092 
-0.296803 0.173356 -0.294349 -0.707107 0.0 0.707107 
-0.734331 0.811205 -0.154338 0.0 -1.0 0.0 
-0.689496 -0.0735419 -0.687042 0.707077 -1.2725e-05 -0.707137 
0.0247675 0.811205 -0.355303 0.0 1.0 0.0 
0.575232 0.190083 -0.609143 -0.707107 -1.94068e-06 -0.707107 
0.762785 0.557325 -0.796696 -0.707107 -1.94068e-06 -0.707107 
0.0153145 -0.395626 -0.0492246 0.707089 0.0 0.707124 
0.605562 0.811205 -0.300649 -0.0 -1.0 -0.0 
-1.0 0.776307 0.320411 -1.0 -0.0 -0.0 
0.844278 0.811205 -0.215943 0.0 1.0 0.0 
0.590161 0.1516 -0.624071 -0.707107 -1.94068e-06 -0.707107 
0.836578 0.811205 0.361598 0.0 1.0 0.0 
-0.765134 0.811205 0.454004 -0.0 1.0 -0.0 
-0.742032 -0.310432 -0.739579 -0.707137 -8.92061e-06 0.707076 
0.549686 -0.187787 -0.583598 0.707087 -2.28116e-05 0.707126 
0.426022 0.219393 0.428478 0.707107 -2.08457e-06 -0.707107 
-0.87705 0.0249013 0.843138 -0.707108 0.0 -0.707106 
-0.199986 0.811205 0.745607 -0.0 1.0 -0.0 
0.349466 0.811205 -0.70893 -0.0 -1.0 -0.0 
0.705669 0.811205 0.592614 0.0 1.0 0.0 
-0.575475 0.811205 -0.665678 -0.0 -1.0 -0.0 
0.0511233 -0.179523 -0.0850336 0.707123 3.51699e-06 0.70709 
0.0742248 0.811205 -0.916692 -0.0 -1.0 -0.0 
0.0126206 0.811205 -0.215943 0.0 1.0 0.0 
0.902274 0.10233 0.903964 1.0 -0.0 -0.0 
0.347466 0.811205 -0.333574 0.0 1.0 0.0 
-0.0790373 0.025307 0.0451264 -0.707124 1.76068e-06 -0.70709 
-0.407901 0.811205 0.381544 -0.0 1.0 -0.0 
-0.264599 0.811205 0.53871 0.0 -1.0 0.0 
0.902274 0.378182 -0.894496 1.0 0.0 -0.0 
0.925824 0.811205 0.669627 0.0 1.0 0.0 
-0.642114 0.315028 -0.639659 -0.707107 0.0 0.707107 
0.0524828 -0.200877 0.0549355 -0.707123 -3.50826e-06 0.70709 
-0.112887 0.581707 0.0789755 0.707107 2.06061e-06 0.707107 
0.636364 -0.248828 -0.670274 0.707131 3.1568e-05 0.707083 
0.459252 0.811205 -0.292948 0.0 1.0 0.0 
-0.24899 0.174591 0.21508 0.707107 2.17738e-06 0.707107 
0.582689 0.460271 0.585144 -0.707107 2.08457e-06 0.707107 
0.259038 0.811205 0.384699 -0.0 1.0 -0.0 
-0.50148 0.217596 0.46757 0.707107 2.06061e-06 0.707107 
-0.241497 0.811205 -0.885889 -0.0 -1.0 -0.0 
0.821785 0.811205 -0.509738 0.0 1.0 0.0 
-0.521693 -0.022999 -0.519239 0.707107 -0.0 -0.707107 
0.43615 0.811205 0.0689771 -0.0 -1.0 -0.0 
-0.315143 -0.230047 0.281231 0.707107 3.35922e-08 0.707107 
0.451551 0.71185 -0.962895 0.0 -1.0 -0.0 
0.902274 0.636734 -0.89359 1.0 0.0 -0.0 
0.212834 0.0822954 -0.246745 0.707121 1.09806e-05 0.707092 
0.779421 0.550382 0.781875 0.707121 -7.28676e-06 -0.707092 
0.205134 0.274809 -0.239046 -0.707107 -1.42785e-07 -0.707107 
0.628664 0.0668943 0.631116 0.707121 -7.28676e-06 -0.707092 
0.609029 0.471133 0.611484 0.707107 -2.10853e-06 -0.707107 
0.72107 0.811205 0.754325 0.0 -1.0 0.0 
-0.031979 0.811205 0.484924 -0.0 1.0 -0.0 
0.506022 0.560478 0.508477 -0.707107 2.10853e-06 0.707107 
-0.190542 0.811205 -0.0865539 -0.0 1.0 -0.0 
-0.0693155 0.790273 0.966088 0.0 0.0 1.0 
0.923858 0.811205 0.0697524 0.0 1.0 0.0 
0.212834 0.120798 -0.246745 0.707121 1.09806e-05 0.707092 
-0.310802 0.811205 -0.115836 -0.0 1.0 -0.0 
-0.0566857 0.528926 -0.0542315 -0.707091 -5.19468e-06 0.707122 
0.359145 0.811205 0.0766776 -0.0 -1.0 -0.0 
-0.665027 0.811205 -0.547066 0.0 -1.0 0.0 
0.0126206 0.811205 -0.870488 0.0 1.0 0.0 
-0.256898 0.811205 0.600314 -0.0 1.0 -0.0 
-0.264177 0.811205 0.147912 -0.0 1.0 -0.0 
0.243637 0.811205 0.0458755 -0.0 -1.0 -0.0 
0.069251 0.660217 -0.103163 -0.707107 -1.94068e-06 -0.707107 
-0.636237 0.811205 0.42847 -0.0 1.0 -0.0 
0.104379 -0.223928 -0.13829 -0.707091 3.40662e-06 -0.707123 
0.0588238 0.811205 0.962239 -0.0 1.0 -0.0 
-0.649445 0.529304 0.615534 0.707107 2.06061e-06 0.707107 
0.63464 0.0372017 0.637093 0.707121 -7.28676e-06 -0.707092 
0.411539 0.811205 0.611008 -0.0 1.0 -0.0 
0.963637 0.736841 -0.454659 1.0 0.0 0.0 
0.343253 0.0112352 0.345709 0.707107 -2.10853e-06 -0.707107 
0.628663 0.811205 -0.154338 0.0 1.0 0.0 
0.875081 0.811205 -0.439258 0.0 1.0 0.0 
-0.072804 0.0135921 -0.0703504 -0.707124 1.76505e-06 0.70709 
-0.54774 -0.240319 -0.545286 -0.707106 3.58358e-07 0.707107 
0.625768 0.433518 -0.659679 -0.707107 -1.94068e-06 -0.707107 
-0.0566843 0.811205 -0.108135 0.0 1.0 0.0 
0.392898 0.149206 0.395354 -0.707107 2.08457e-06 0.707107 
-0.772834 0.113098 0.738922 0.707107 3.43115e-08 0.707106 
-0.226096 0.282509 -0.223642 0.707092 1.35643e-05 -0.707122 
0.43615 -0.187223 0.438607 -0.707107 2.08457e-06 0.707107 
0.259616 -0.0799859 -0.293525 0.707121 1.09806e-05 0.707092 
-0.858557 -0.0858422 -0.856104 0.70709 -0.0 -0.707124 
0.443851 0.71185 -0.939793 0.0 -1.0 0.0 
0.0279107 -0.0581445 0.0303629 0.707123 3.51699e-06 -0.70709 
-0.326203 0.228606 0.292293 -0.707107 -2.06061e-06 -0.707107 
-0.533961 0.164869 0.500051 0.707107 2.06061e-06 0.707107 
0.71653 0.811205 -0.69504 0.0 1.0 0.0 
0.736471 0.775344 0.966088 0.0 0.0 1.0 
0.0834699 0.811205 0.33128 -0.0 1.0 -0.0 
-0.118289 0.197803 0.0843766 0.707107 0.0 0.707107 
-0.268483 0.811205 0.278876 0.0 -1.0 0.0 
0.0618429 0.277793 -0.0957535 0.707091 -3.40662e-06 0.707123 
0.402971 0.20406 0.405427 -0.707107 2.08457e-06 0.707107 
-0.179894 0.236306 -0.17744 -0.707107 -8.39805e-08 0.707107 
-0.938637 0.475023 0.862132 -1.0 -0.0 -0.0 
-0.642755 0.811205 -0.078673 0.0 -1.0 0.0 
0.16028 -0.217305 0.162732 0.707121 6.95966e-06 -0.707092 
0.0951479 -0.23715 -0.12906 0.707091 -3.40662e-06 0.707123 
-0.588021 0.811205 0.723523 0.0 -1.0 0.0 
0.260881 0.50206 0.263336 -0.707107 2.10853e-06 0.707107 
0.72877 0.29021 -0.762681 -0.707107 -1.94068e-06 -0.707107 
0.531413 0.713336 0.966088 -0.0 -0.0 1.0 
0.128234 0.136875 0.130688 0.707121 6.95966e-06 -0.707092 
-0.926845 -0.148721 -0.936183 -0.0 -0.0 -1.0 
-0.209066 -0.00145302 -0.206611 -0.707107 -8.39805e-08 0.707107 
0.705669 0.811205 0.407801 0.0 1.0 0.0 
-0.593684 0.811205 -0.420552 -0.0 1.0 -0.0 
0.366646 0.811205 -0.117607 -0.0 -1.0 -0.0 
0.674867 0.667536 0.677321 -0.707107 2.08457e-06 0.707107 
-0.663171 -0.256493 -0.660716 0.707077 -1.2725e-05 -0.707136 
0.713368 0.613632 -0.74728 0.707107 1.94068e-06 0.707107 
0.193019 0.443939 0.195475 -0.707107 2.10853e-06 0.707107 
0.15123 0.811205 0.315394 0.0 -1.0 0.0 
0.128129 0.811205 0.877533 0.0 -1.0 0.0 
-0.877274 -0.22316 0.873189 1.0 -0.0 -0.0 
0.150681 0.811205 0.38839 0.0 -1.0 0.0 
-0.156791 0.113098 0.122879 0.707107 0.0 0.707107 
-0.744886 0.0731958 -0.74243 0.707077 -1.2725e-05 -0.707137 
0.500796 0.811205 0.493606 0.0 1.0 0.0 
0.285923 -0.128668 -0.319833 -0.707121 -1.10492e-05 -0.707092 
0.144266 0.811205 -0.738355 0.0 1.0 0.0 
-0.480214 0.811205 -0.146638 -0.0 1.0 -0.0 
-0.251446 -0.0211209 -0.248992 -0.707107 -8.39805e-08 0.707107 
-0.474713 0.811205 0.708702 -0.0 1.0 -0.0 
-0.456392 0.118229 0.422482 0.707107 2.06061e-06 0.707107 
-0.680428 0.783044 -0.997546 -0.0 -0.0 -1.0 
0.898182 0.811205 -0.924392 0.0 1.0 0.0 
0.659466 0.811205 -0.377654 -0.0 -1.0 -0.0 
-0.480876 -0.190562 -0.478422 -0.707107 0.0 0.707107 
0.423828 0.428649 0.426283 -0.707107 2.10853e-06 0.707107 
-0.387807 0.197803 0.353897 -0.707107 -2.08457e-06 -0.707107 
0.290695 0.811205 -0.960468 0.0 1.0 0.0 
0.312941 0.811205 0.0766776 0.0 1.0 0.0 
-0.164492 0.811205 0.361598 -0.0 1.0 -0.0 
0.523633 0.0747796 0.526089 -0.707107 2.08457e-06 0.707107 
-0.684556 0.502126 0.650645 -0.707107 -2.06061e-06 -0.707107 
-0.403196 0.811205 0.0137452 -0.0 1.0 -0.0 
0.0126206 0.811205 0.161384 0.0 -1.0 0.0 
-0.903743 0.811205 -0.185141 0.0 -1.0 0.0 
0.959787 0.811205 -0.801184 0.0 1.0 0.0 
0.138241 0.473111 -0.172152 0.707125 2.07415e-05 0.707089 
0.241074 0.00854565 0.243527 0.707121 1.10492e-05 -0.707092 
-0.497411 -0.187935 -0.494957 -0.707107 0.0 0.707107 
0.782674 0.811205 0.854432 0.0 -1.0 0.0 
-0.011882 0.0814895 -0.0220298 -0.707089 -0.0 -0.707124 
0.728771 -0.0794159 0.731223 0.707092 5.38679e-06 -0.707122 
0.116657 0.287974 0.11911 0.707092 -6.95344e-06 -0.707122 
-0.820228 -0.25777 -0.817776 0.707106 1.75524e-06 -0.707108 
0.547427 0.395364 -0.581338 -0.707107 -1.94068e-06 -0.707107 
0.634741 0.312073 0.637197 0.707107 -2.08457e-06 -0.707107 
-0.732796 0.0754566 -0.730341 0.707077 -1.2725e-05 -0.707137 
-0.493056 -0.178013 -0.490601 -0.707107 0.0 0.707107 
-0.2877 0.228606 -0.285246 0.707107 -0.0 -0.707107 
0.614981 0.684513 0.617435 -0.707107 2.08457e-06 0.707107 
-0.250466 0.0724701 -0.248013 0.707122 -9.16194e-06 -0.707092 
-0.938637 0.493219 0.895018 -1.0 -0.0 -0.0 
-0.0674513 0.015151 0.0335397 0.707124 -1.76287e-06 0.70709 
0.613262 0.629034 -0.647174 -0.707107 -1.94068e-06 -0.707107 
0.298405 -0.125977 0.300858 0.707121 1.10492e-05 -0.707092 
0.330449 0.811205 0.669957 -0.0 1.0 -0.0 
-0.626524 0.0899959 -0.62407 0.707106 -4.30029e-07 -0.707107 
-0.318503 0.811205 0.330795 0.0 -1.0 0.0 
0.351444 0.811205 -0.400756 -0.0 -1.0 -0.0 
0.120428 0.811205 -0.16974 -0.0 -1.0 -0.0 
-0.719583 -0.0965099 -0.717127 0.707077 -1.2725e-05 -0.707137 
-0.177313 0.0325681 -0.174858 -0.707107 5.01888e-08 0.707107 
0.320642 0.811205 0.3924 -0.0 1.0 -0.0 
-0.350995 -0.0102318 0.317085 -0.707107 -2.17738e-06 -0.707107 
-0.731196 0.332427 0.697285 0.707092 -9.89088e-06 0.707122 
-0.305132 0.70745 0.271221 0.707107 2.06061e-06 0.707107 
0.86738 0.0899959 -0.936183 -0.0 -0.0 -1.0 
-0.795936 0.811205 0.777426 -0.0 1.0 -0.0 
-0.714678 0.518962 -0.712224 -0.707107 0.0 0.707107 
0.112024 -0.195677 -0.145935 -0.707091 3.40662e-06 -0.707123 
0.840908 0.0222289 -0.895453 -1.0 0.0 0.0 
-0.692038 0.811205 -0.381382 -0.0 1.0 -0.0 
-0.13885 0.811205 0.455695 -0.0 1.0 -0.0 
0.902274 -0.26706 -0.902157 1.0 0.0 0.0 
0.345622 -0.245925 0.348075 0.707121 1.10321e-05 -0.707092 
0.0145642 0.811205 -0.892184 0.0 1.0 0.0 
0.174332 0.811205 0.839031 -0.0 1.0 -0.0 
0.0973265 0.811205 -0.500863 0.0 1.0 0.0 
0.451019 0.469292 0.453474 0.707107 -2.08457e-06 -0.707107 
0.258745 0.811205 -0.136152 0.0 1.0 0.0 
0.582146 0.390362 -0.616057 -0.707107 -1.94068e-06 -0.707107 
-0.584743 -0.225182 -0.58229 0.707122 9.59422e-06 -0.707092 
-0.657326 0.398017 0.623415 0.707107 2.06061e-06 0.707107 
0.0267863 -0.395538 0.0292381 0.707089 0.0 -0.707124 
0.110168 0.618079 -0.144079 -0.707107 -1.94068e-06 -0.707107 
0.437729 0.811205 -0.57464 0.0 1.0 0.0 
-0.349304 0.113098 0.315394 -0.707107 -2.06061e-06 -0.707107 
0.197433 0.451921 -0.231345 -0.707131 -3.19412e-05 -0.707083 
-0.938637 -0.372329 0.901273 -1.0 -0.0 -0.0 
-0.0335839 0.598231 -0.0311299 -0.707124 1.76505e-06 0.70709 
0.43615 0.274809 -0.47006 0.707107 1.94068e-06 0.707107 
-1.0 0.769058 -0.322181 -1.0 0.0 0.0 
-0.180314 0.811205 -0.654652 -0.0 -1.0 -0.0 
0.128129 -0.0255121 0.130581 -0.707121 -6.93457e-06 0.707092 
0.0357222 0.811205 0.276892 -0.0 1.0 -0.0 
-0.225335 0.811205 -0.265697 -0.0 -1.0 -0.0 
-0.711231 -0.0486137 0.67732 -0.707092 5.5243e-06 -0.707122 
-1.0 0.747861 0.0878319 -1.0 0.0 0.0 
0.559359 0.811205 -0.554766 0.0 1.0 0.0 
-0.110588 0.811205 -0.947494 0.0 1.0 0.0 
0.180897 0.811205 0.376042 -0.0 1.0 -0.0 
-0.888342 0.359515 0.904725 -0.0 -0.0 1.0 
-0.118289 0.811205 -0.862788 -0.0 -1.0 -0.0 
-0.495615 0.811205 -0.731879 0.0 1.0 0.0 
0.389944 0.467322 0.3924 0.707107 -2.10853e-06 -0.707107 
-0.110588 0.811205 -0.593269 0.0 1.0 0.0 
-0.919144 0.421119 0.904725 -0.0 -0.0 1.0 
0.175408 0.811205 -0.707426 -0.0 -1.0 -0.0 
0.551658 0.811205 -0.32375 -0.0 -1.0 -0.0 
-0.888342 0.811205 -0.262146 -0.0 1.0 -0.0 
0.405148 0.811205 -0.11942 -0.0 -1.0 -0.0 
0.0973265 0.811205 -0.208242 0.0 1.0 0.0 
-0.5081 0.319511 -0.505646 -0.707107 0.0 0.707107 
0.336039 0.0437927 0.338496 0.707107 -2.08457e-06 -0.707107 
-0.377903 -0.116704 0.343993 0.707107 2.17738e-06 0.707107 
0.739425 0.00213107 -0.773335 -0.707107 -1.94068e-06 -0.707107 
-0.743658 -0.122659 -0.741204 0.707137 8.92061e-06 -0.707076 
-0.333905 0.0668943 -0.331451 -0.707092 -1.35643e-05 0.707122 
0.305241 0.811205 0.415501 0.0 -1.0 0.0 
0.548566 0.0341408 0.551023 0.707107 -2.10853e-06 -0.707107 
-0.188202 0.811205 0.681645 -0.0 1.0 -0.0 
-0.42117 0.751541 0.387259 0.707107 2.06061e-06 0.707107 
0.690267 0.236306 0.692721 0.707121 -7.28676e-06 -0.707092 
-0.5552 -0.0749598 -0.552746 -0.707106 3.58358e-07 0.707107 
-0.54182 0.205504 -0.539365 -0.707107 0.0 0.707107 
-0.164685 0.615843 0.130773 -0.707107 -2.06061e-06 -0.707107 
-0.56492 0.811205 0.615715 0.0 -1.0 0.0 
-0.322569 0.161403 0.288659 0.707107 2.06061e-06 0.707107 
0.798075 0.205504 -0.831986 -0.707107 -1.94068e-06 -0.707107 
-0.303101 0.811205 0.053576 -0.0 1.0 -0.0 
0.359145 0.811205 0.0150733 0.0 1.0 0.0 
-0.88221 0.607572 -0.936183 0.0 0.0 -1.0 
-0.276563 -0.102947 -0.274109 -0.707107 -8.39805e-08 0.707107 
-0.42631 -0.194924 -0.423857 -0.707092 -1.35643e-05 0.707122 
-0.911444 0.811205 0.654218 -0.0 1.0 -0.0 
0.555075 0.811205 0.250283 0.0 1.0 0.0 
-0.700393 0.811205 -0.130974 -0.0 1.0 -0.0 
-0.0747834 -0.22228 -0.0723292 -0.707124 1.76505e-06 0.70709 
0.312939 0.259408 0.315394 0.707107 -2.08457e-06 -0.707107 
0.529012 0.811205 -0.0860208 -0.0 -1.0 -0.0 
0.490052 0.513525 0.492507 0.707107 -2.10853e-06 -0.707107 
-0.156089 0.811205 0.231413 -0.0 1.0 -0.0 
-0.780535 0.811205 0.82363 -0.0 1.0 -0.0 
0.64448 0.709727 -0.678392 -0.707107 -1.94068e-06 -0.707107 
-0.333905 0.259408 -0.331451 -0.707107 0.0 0.707107 
-0.655101 0.811205 0.207398 0.0 -1.0 0.0 
-0.252409 0.65524 0.218497 -0.707107 -2.06061e-06 -0.707107 
0.291098 -0.0188957 0.293553 -0.707122 -1.14939e-05 0.707092 
-0.39655 0.811205 0.114442 -0.0 1.0 -0.0 
-0.110588 0.811205 0.0150733 0.0 -1.0 0.0 
-0.601449 0.709027 0.567538 -0.707107 -2.06061e-06 -0.707107 
-0.672727 0.811205 0.199886 -0.0 1.0 -0.0 
-0.362896 0.497149 -0.360442 0.707107 -0.0 -0.707107 
0.301671 0.811205 -0.319816 -0.0 -1.0 -0.0 
-0.819036 -0.271929 -0.816585 -0.707106 -1.75962e-06 0.707108 
-0.0489837 0.167001 0.0150718 0.707107 -0.0 0.707107 
0.951597 0.71185 -0.0472646 -0.0 -1.0 -0.0 
0.963637 0.747448 0.741994 1.0 0.0 0.0 
0.728771 0.182402 -0.762681 0.707107 1.94068e-06 0.707107 
0.29754 0.328713 -0.331451 0.707107 1.94068e-06 0.707107 
-0.927113 0.811205 0.770327 -0.0 1.0 -0.0 
-0.536876 -0.182121 0.502966 0.707092 -9.89088e-06 0.707122 
-0.842139 0.182402 -0.839686 0.707106 1.75524e-06 -0.707108 
0.29754 -0.164122 0.299993 -0.707121 -1.10492e-05 0.707092 
0.239217 0.41598 -0.273128 0.707107 1.94068e-06 0.707107 
-0.451319 -0.205251 0.41741 -0.707107 -2.17738e-06 -0.707107 
-0.264599 0.811205 0.269191 -0.0 1.0 -0.0 
0.660483 0.811205 0.0709296 0.0 1.0 0.0 
-0.248167 -0.0506414 -0.245713 -0.707107 -8.39805e-08 0.707107 
-0.826206 0.176321 -0.823753 0.707106 1.75524e-06 -0.707108 
0.305028 0.166109 -0.338939 -0.707125 -2.07415e-05 -0.707089 
0.197433 0.706039 0.199888 -0.707107 2.08457e-06 0.707107 
0.692617 0.31373 -0.726528 -0.707107 -1.94068e-06 -0.707107 
-0.726631 0.811205 0.330795 0.0 -1.0 0.0 
0.813478 -0.0178116 0.815929 0.707143 -0.0 -0.70707 
-0.903743 0.811205 0.284592 -0.0 1.0 -0.0 
0.952086 0.736841 -0.997546 -0.0 -0.0 -1.0 
-0.665027 0.752242 0.966088 -0.0 -0.0 1.0 
-0.647835 0.811205 0.425965 -0.0 1.0 -0.0 
-0.315126 0.0380858 -0.312673 -0.707092 -1.35643e-05 0.707122 
-0.646564 0.463434 -0.64411 -0.707107 0.0 0.707107 
-0.164492 0.811205 0.916036 -0.0 1.0 -0.0 
-0.273657 0.811205 -0.708763 -0.0 -1.0 -0.0 
-0.0868676 0.326412 -0.0844134 -0.707091 -5.19468e-06 0.707122 
-0.0601818 -0.0534614 0.02627 0.707107 -0.0 0.707107 
-0.618823 -0.241127 -0.616372 0.707122 9.64627e-06 -0.707092 
-0.511016 0.811205 -0.17744 0.0 -1.0 0.0 
-0.110588 0.811205 -0.685676 -0.0 -1.0 -0.0 
0.944385 0.71185 -0.577868 0.0 -1.0 -0.0 
-0.265144 -0.0550603 0.231232 -0.707107 -3.35922e-08 -0.707107 
0.189735 0.760294 -0.223647 -0.707107 -1.94068e-06 -0.707107 
0.341177 0.590518 0.343632 0.707107 -2.08457e-06 -0.707107 
0.963637 0.802759 -0.554466 1.0 -0.0 -0.0 
0.0679239 -0.0474979 -0.101836 0.707123 3.51263e-06 0.707091 
0.57476 0.811205 -0.593269 0.0 1.0 0.0 
-0.14139 0.811205 -0.885889 -0.0 -1.0 -0.0 
-0.118289 0.811205 0.792828 -0.0 1.0 -0.0 
0.448959 0.0144558 -0.48287 -0.707087 2.24897e-05 -0.707126 
0.590161 0.282509 -0.624071 0.707107 1.94068e-06 0.707107 
0.667166 0.811205 0.261491 -0.0 -1.0 -0.0 
-0.77129 0.811205 0.457412 -0.0 1.0 -0.0 
-0.780533 -0.241127 -0.778082 -0.707106 -1.75962e-06 0.707108 
0.902274 -0.154624 -0.885985 1.0 0.0 -0.0 
0.662252 0.811205 -0.81881 0.0 1.0 0.0 
-0.314711 0.811205 0.202665 0.0 -1.0 0.0 
0.905883 0.811205 -0.354552 0.0 1.0 0.0 
0.343744 0.811205 -0.0465309 0.0 1.0 0.0 
-0.654062 0.136162 0.620151 -0.707092 9.89088e-06 -0.707122 
-0.319111 0.811205 -0.480303 -0.0 -1.0 -0.0 
0.215525 0.0110174 -0.249435 0.707092 -6.98703e-06 0.707121 
-0.803636 0.105397 -0.801184 -0.707106 -1.75962e-06 0.707108 
-0.513042 0.76027 -0.510587 0.707107 -0.0 -0.707107 
0.828877 0.811205 -0.932093 -0.0 -1.0 -0.0 
0.228236 0.413419 0.230691 -0.707107 2.08457e-06 0.707107 
0.619544 -0.11294 -0.653454 0.707107 1.94068e-06 0.707107 
-0.119696 -0.0880512 -0.117244 -0.707091 -5.19468e-06 0.707122 
0.0872141 0.811205 0.625621 0.0 -1.0 0.0 
-0.263878 -0.102623 0.229966 0.707107 3.35922e-08 0.707107 
-0.195384 0.311224 0.161473 -0.707107 -2.17738e-06 -0.707107 
-0.580321 0.0360922 -0.577867 0.707107 -0.0 -0.707107 
-0.634225 0.811205 -0.416157 0.0 -1.0 0.0 
-0.318515 0.811205 0.222268 0.0 -1.0 0.0 
0.6706 0.547167 0.673056 -0.707107 2.10853e-06 0.707107 
-0.464813 0.811205 -0.785782 0.0 1.0 0.0 
0.508895 0.162091 -0.542805 -0.707107 -1.94068e-06 -0.707107 
0.698493 0.408291 -0.732403 -0.707107 -1.94068e-06 -0.707107 
-0.247384 0.717998 -0.24493 0.707107 -0.0 -0.707107 
0.528557 0.1516 -0.562467 0.707107 1.94068e-06 0.707107 
-0.977307 0.811205 0.80523 -0.0 1.0 -0.0 
-0.349304 0.0822954 0.315394 -0.707107 -2.06061e-06 -0.707107 
0.335375 0.811205 0.255138 0.0 1.0 0.0 
0.187667 -0.126897 -0.221579 0.707122 6.99312e-06 0.707092 
-0.93472 0.811205 0.148706 -0.0 1.0 -0.0 
0.193637 0.0430514 -0.227547 -0.707092 6.98703e-06 -0.707121 
-0.0830742 0.811205 0.415614 -0.0 1.0 -0.0 
0.36639 0.811205 -0.467794 0.0 1.0 0.0 
0.963637 0.72144 -0.89359 1.0 0.0 -0.0 
0.285369 0.811205 -0.24896 -0.0 -1.0 -0.0 
-0.742032 0.459622 -0.739578 0.707107 -0.0 -0.707107 
-0.559086 0.685777 0.525174 -0.707107 -2.06061e-06 -0.707107 
0.669359 0.0422034 -0.703269 -0.707107 -1.94068e-06 -0.707107 
-0.0442319 0.811205 -0.346741 0.0 1.0 0.0 
-0.938637 -0.369804 -0.887417 -1.0 -0.0 -0.0 
0.359143 -0.225726 -0.393055 0.707121 1.10492e-05 0.707092 
-0.174323 0.811205 -0.867864 0.0 1.0 0.0 
-0.164492 0.811205 0.4001 0.0 -1.0 0.0 
0.374546 0.120798 0.377002 -0.707107 2.08457e-06 0.707107 
-0.358487 -0.139665 0.324577 0.707122 -9.16194e-06 0.707092 
0.405348 0.282509 -0.439259 -0.707107 -1.94068e-06 -0.707107 
0.202508 0.671867 0.204963 0.707107 -2.08457e-06 -0.707107 
0.14353 -0.302731 -0.17744 0.707091 -3.40662e-06 0.707123 
-0.0951885 0.498124 -0.0927342 -0.707107 -8.39805e-08 0.707107 
-0.513278 0.0843568 0.479368 0.707107 2.06061e-06 0.707107 
0.374565 0.131822 0.377022 0.707107 -2.10853e-06 -0.707107 
0.543196 0.811205 0.550888 -0.0 1.0 -0.0 
-0.649626 0.413418 0.615715 -0.707107 -2.08457e-06 -0.707107 
0.0819254 -0.0871164 0.0843794 -0.707091 3.40662e-06 0.707123 
0.805776 0.811205 -0.716478 -0.0 -1.0 -0.0 
-0.200646 -0.212008 -0.198192 0.707107 -5.85536e-08 -0.707107 
-0.826738 0.811205 -0.46236 0.0 -1.0 0.0 
-0.115423 -0.117547 -0.112971 0.707091 5.19468e-06 -0.707122 
0.174332 -0.010111 -0.208244 -0.707092 6.98703e-06 -0.707122 
-1.0 0.784211 -0.195704 -1.0 -0.0 -0.0 
-0.287969 0.811205 -0.366279 0.0 1.0 0.0 
0.187415 0.811205 0.622754 0.0 -1.0 0.0 
-0.763597 0.349404 -0.761144 0.707122 9.59422e-06 -0.707092 
-0.74015 -0.268917 -0.737697 0.707137 8.92061e-06 -0.707076 
0.558036 0.811205 -0.627162 -0.0 -1.0 -0.0 
0.86738 0.811205 0.130581 0.0 1.0 0.0 
0.851979 0.811205 0.484806 -0.0 -1.0 -0.0 
0.442964 0.318352 0.44542 0.707107 -2.08457e-06 -0.707107 
-0.211235 0.570375 0.177324 0.707107 2.06061e-06 0.707107 
0.411053 -0.19339 0.41351 0.707122 1.14939e-05 -0.707092 
-0.903743 0.811205 -0.793483 0.0 -1.0 0.0 
-0.588022 -0.164122 0.554111 -0.707122 -9.42073e-06 -0.707092 
-0.972661 0.811205 0.391895 -0.0 1.0 -0.0 
-0.2877 0.811205 0.10748 -0.0 1.0 -0.0 
-0.341604 -0.156421 0.307694 -0.707122 9.16194e-06 -0.707092 
0.170541 0.811205 0.160591 -0.0 -1.0 -0.0 
0.351444 0.811205 0.862132 -0.0 1.0 -0.0 
0.158931 -0.164122 0.161384 0.707121 6.93457e-06 -0.707092 
-0.872941 0.71185 -0.955194 0.0 -1.0 0.0 
0.532788 -0.234084 0.53524 -0.707121 7.28676e-06 0.707092 
-0.381371 -0.0618928 0.347462 -0.707107 -2.17738e-06 -0.707107 
0.740508 0.811205 -0.528274 0.0 1.0 0.0 
0.400294 0.115515 0.40275 0.707107 -2.10853e-06 -0.707107 
-0.867534 0.811205 0.125865 -0.0 1.0 -0.0 
-0.766269 0.811205 0.00639024 -0.0 1.0 -0.0 
-1.0 0.762454 0.5398 -1.0 -0.0 -0.0 
-0.272301 0.675237 -0.269847 -0.707107 0.0 0.707107 
-0.0765317 0.811205 -0.349293 0.0 1.0 0.0 
0.271066 0.520443 -0.304977 0.707107 1.94068e-06 0.707107 
-0.688129 0.0976965 0.654218 -0.707122 -9.42073e-06 -0.707092 
-0.177166 0.811205 0.596309 -0.0 1.0 -0.0 
-0.680432 -0.28733 -0.677975 -0.707077 1.2725e-05 0.707137 
0.596501 -0.166805 -0.630412 0.707131 3.1568e-05 0.707083 
0.751872 -0.233427 0.754322 -0.707091 -5.57637e-06 0.707123 
-0.364706 0.811205 0.808229 -0.0 1.0 -0.0 
0.718752 0.811205 -0.446846 0.0 1.0 0.0 
-1.0 0.770573 -0.829414 -1.0 0.0 0.0 
-1.0 0.790745 0.138282 -1.0 -0.0 -0.0 
0.331024 0.157147 -0.364936 0.707125 2.07415e-05 0.707089 
-0.479534 -0.0610934 -0.47708 0.707107 -0.0 -0.707107 
-0.526419 0.120798 -0.523964 -0.707107 0.0 0.707107 
-0.495879 -0.153675 -0.493425 0.707107 -0.0 -0.707107 
0.42845 0.811205 -0.254445 0.0 1.0 0.0 
0.762787 -0.238724 0.765237 0.707091 5.57637e-06 -0.707123 
-0.149793 0.811205 -0.742162 -0.0 -1.0 -0.0 
0.963637 0.72144 0.854432 1.0 0.0 0.0 
-0.449412 0.29791 -0.446957 0.707107 -0.0 -0.707107 
0.644065 0.811205 0.00737281 -0.0 -1.0 -0.0 
0.405348 0.811205 -0.878189 -0.0 -1.0 -0.0 
0.59174 0.811205 -0.514534 0.0 1.0 0.0 
0.340233 0.811205 -0.149559 0.0 1.0 0.0 
0.370661 0.811205 0.27493 -0.0 -1.0 -0.0 
0.0484554 0.811205 0.29046 -0.0 1.0 -0.0 
-0.872941 0.811205 0.230688 -0.0 1.0 -0.0 
0.902274 0.469182 0.878719 1.0 -0.0 -0.0 
0.963637 0.749996 -0.877771 1.0 0.0 -0.0 
-0.62886 -0.128803 -0.626408 0.707122 9.64627e-06 -0.707092 
0.144266 0.811205 -0.363024 0.0 1.0 0.0 
-0.772179 -0.174799 0.738267 -0.707106 1.75086e-07 -0.707107 
-0.307274 0.738025 -0.997546 -0.0 -0.0 -1.0 
0.203444 -0.181018 -0.237356 -0.707121 -6.95966e-06 -0.707092 
-0.168311 -0.0258744 -0.165857 0.707107 -5.85536e-08 -0.707107 
0.366845 0.811205 -0.061932 0.0 1.0 0.0 
0.15129 -0.00768718 0.153743 -0.707121 -6.93457e-06 0.707092 
-0.260808 0.811205 0.181628 0.0 -1.0 0.0 
-0.554471 0.0117877 -0.552017 -0.707107 0.0 0.707107 
0.123249 0.811205 0.895443 -0.0 1.0 -0.0 
-0.30875 -0.112042 -0.306296 0.707122 -9.16194e-06 -0.707092 
-0.0530556 0.811205 0.182043 0.0 -1.0 0.0 
0.790375 0.811205 0.53871 -0.0 -1.0 -0.0 
-0.749732 0.811205 -0.708777 0.0 -1.0 0.0 
0.597861 -0.13332 0.600315 -0.707122 7.32145e-06 0.707092 
-0.179894 0.659836 0.145982 -0.707107 -2.08457e-06 -0.707107 
-0.151571 0.811205 -0.0567935 0.0 -1.0 0.0 
-0.293002 -0.137065 -0.290548 -0.707107 -8.39805e-08 0.707107 
-0.606652 0.811205 0.544709 -0.0 1.0 -0.0 
-0.331549 0.232466 -0.329095 -0.707107 0.0 0.707107 
-0.341604 0.811205 -0.939793 0.0 1.0 0.0 
0.148725 0.811205 0.565376 0.0 -1.0 0.0 
-0.88833 0.811205 0.203079 -0.0 1.0 -0.0 
-0.415272 0.188486 0.381362 -0.707107 -2.06061e-06 -0.707107 
-0.755834 -0.0399695 -0.75338 0.707137 8.92061e-06 -0.707076 
0.482351 0.459622 0.484806 0.707107 -2.10853e-06 -0.707107 
-0.0897973 -0.103182 -0.0873443 0.707124 -1.76505e-06 -0.70709 
-0.665742 0.0620127 0.631831 -0.707122 -9.42073e-06 -0.707092 
-0.395508 0.1439 0.361598 0.707107 2.06061e-06 0.707107 
-0.196217 0.811205 0.39796 0.0 -1.0 0.0 
-0.749732 0.811205 -0.0542315 0.0 -1.0 0.0 
0.224666 0.811205 0.425299 -0.0 1.0 -0.0 
-0.686203 0.0945764 0.652292 0.707122 9.43809e-06 0.707092 
-0.71893 0.811205 0.169084 0.0 -1.0 0.0 
-0.0628271 -0.0392574 0.0289151 -0.707124 1.76068e-06 -0.70709 
0.166631 0.521226 -0.200543 -0.707107 -1.94068e-06 -0.707107 
-0.521409 0.811205 -0.785891 0.0 1.0 0.0 
-0.0355358 0.811205 -0.89075 0.0 1.0 0.0 
-0.634225 0.0976965 0.600314 -0.707092 9.89088e-06 -0.707122 
0.774974 0.811205 0.246089 0.0 1.0 0.0 
-0.618823 0.659836 -0.616369 0.707107 -0.0 -0.707107 
-0.518716 0.811205 0.430902 0.0 -1.0 0.0 
-0.568603 0.369533 0.534692 -0.707107 -2.08457e-06 -0.707107 
-0.481795 0.173155 -0.479341 -0.707107 0.0 0.707107 
-0.0797859 0.0899959 -0.0773328 0.707124 -1.76505e-06 -0.70709 
-0.658536 -0.0444771 -0.656083 -0.707122 -9.59422e-06 0.707092 
0.205134 0.811205 0.946838 -0.0 1.0 -0.0 
0.302234 0.234557 0.30469 0.707107 -2.08457e-06 -0.707107 
-0.690228 0.158551 0.656316 -0.707122 -9.43809e-06 -0.707092 
0.241101 0.568395 0.243555 -0.707107 2.10853e-06 0.707107 
0.46757 0.0524626 0.470026 -0.707107 2.10853e-06 0.707107 
0.113336 0.811205 -0.778234 -0.0 -1.0 -0.0 
0.311053 0.504757 0.313508 -0.707107 2.10853e-06 0.707107 
-0.14139 0.811205 0.384699 -0.0 1.0 -0.0 
-0.485502 0.811205 0.436523 0.0 -1.0 0.0 
-0.0566843 0.567429 -0.05423 0.707107 -5.85536e-08 -0.707107 
0.296373 -0.0361407 0.298827 -0.707122 -1.14939e-05 0.707092 
-1.0 0.806146 0.038175 -1.0 -0.0 -0.0 
0.635412 0.159249 0.637865 -0.707077 -2.14119e-05 0.707137 
-0.934545 0.811205 0.954539 -0.0 1.0 -0.0 
0.159384 -0.255854 0.161836 -0.707121 -6.95966e-06 0.707092 
