ply
format ascii 1.0
comment VCGLIB generated
element vertex 2000
property float x
property float y
property float z
property float nx
property float ny
property float nz
element face 0
property list uchar int vertex_indices
end_header
-0.178185 0.478682 0.86168 -0.382241 -0.000103453 0.924062 
-0.232862 0.399249 -0.856968 -0.383162 0.000138887 -0.923681 
0.0610379 0.785168 0.224279 -0.0 1.0 0.0 
-0.71597 0.614056 -0.57338 -0.924003 4.65914e-06 -0.382384 
0.0565404 0.785168 -0.272824 -0.0 1.0 -0.0 
-0.801785 0.785168 0.131001 -0.0 1.0 0.0 
0.667346 0.785168 0.138774 -0.0 1.0 0.0 
-0.902477 0.580223 0.105271 -0.923755 8.06771e-07 0.382985 
-0.312075 0.729824 -0.226565 0.0 -1.0 0.0 
0.93953 0.432789 -0.0460494 0.923759 -0.0 -0.382973 
0.807263 0.729824 -0.553039 0.0 -1.0 0.0 
-0.894944 0.785168 -0.273715 0.0 1.0 0.0 
0.815705 0.785168 -0.24911 0.0 1.0 -0.0 
0.497919 0.311568 0.721847 0.383026 -7.5805e-06 0.923737 
0.333099 0.729824 -0.622998 0.0 -1.0 0.0 
0.338487 0.351337 0.787946 0.382987 -1.02864e-06 0.923754 
0.82533 0.482337 -0.266141 0.923755 2.65965e-06 -0.382985 
-0.71628 0.729824 0.045496 0.0 -1.0 0.0 
-0.591111 0.0123965 0.68818 0.923999 -6.37135e-06 0.382395 
-0.17217 0.381931 0.81947 0.382613 -0.000116223 -0.923909 
-0.451652 0.44377 0.748512 -0.38238 0.0 0.924005 
0.371965 0.729824 -0.576359 0.0 -1.0 0.0 
-0.234343 0.711878 0.861385 -0.382383 7.21533e-06 0.924004 
-0.903103 0.455326 0.10376 -0.923749 1.94891e-06 0.382998 
0.01568 -0.110186 0.944731 0.382974 -0.0 0.923759 
-0.498631 0.615302 -0.762915 0.0 -1.0 0.0 
0.749656 0.694697 0.486478 0.924005 -1.36387e-06 0.382381 
0.815036 0.785168 0.294238 -0.0 1.0 0.0 
0.659573 0.729824 0.325331 0.0 -1.0 0.0 
-0.833198 0.570873 0.272372 -0.923755 8.06771e-07 0.382985 
0.418604 0.729824 0.216506 0.0 -1.0 0.0 
-0.428673 0.245487 -0.775784 -0.383038 -2.72561e-05 -0.923732 
-0.0788794 0.729824 -0.211019 0.0 -1.0 -0.0 
0.418891 0.686154 0.777564 0.382981 6.62138e-06 0.923756 
0.278687 0.785168 0.34865 -0.0 1.0 -0.0 
-0.871744 0.615302 0.0688156 0.0 -1.0 0.0 
-0.0651053 0.00451827 -0.949471 -0.382974 0.0 -0.923759 
-0.71628 0.785168 -0.211019 -0.0 1.0 -0.0 
-0.711521 0.0744769 -0.584132 -0.923987 -0.0 -0.382424 
0.333099 0.729824 0.169867 0.0 -1.0 0.0 
-0.933929 0.785168 -0.203246 -0.0 1.0 -0.0 
-0.692541 -0.101744 -0.685444 -0.924001 -0.0 -0.382391 
0.45747 0.729824 0.776175 0.0 -1.0 0.0 
-0.720496 0.285088 -0.454436 0.923847 0.000163864 0.382762 
0.906647 0.487616 0.0755389 -0.382397 -0.0 0.923998 
0.878548 0.74764 -0.446106 0.888457 0.0 -0.458959 
0.550748 0.785168 -0.0555554 -0.0 1.0 0.0 
0.356887 0.452438 0.780317 0.382987 -1.04881e-06 0.923754 
-0.665781 0.440806 -0.700433 -0.382979 0.0 -0.923757 
0.364541 0.260803 0.761637 -0.675863 -0.681678 0.280223 
-0.856198 0.237714 -0.234532 -0.923936 7.33127e-05 -0.382546 
0.720841 0.785168 -0.381686 0.0 1.0 0.0 
-0.186316 0.58443 0.858315 -0.38238 0.0 0.924005 
-0.179931 0.785168 0.659577 0.0 1.0 0.0 
-0.249974 0.785168 -0.0754756 -0.0 1.0 0.0 
-0.0267504 0.785168 0.0201562 -0.0 1.0 0.0 
-0.999134 0.742487 -0.0089264 -0.998906 0.0 -0.0467562 
-0.00892076 0.785168 0.208733 -0.0 1.0 -0.0 
-0.140987 0.229941 -0.895059 -0.38297 -2.04031e-06 -0.923761 
-0.62727 0.785168 -0.129922 0.0 1.0 0.0 
-0.759463 0.402305 0.45022 -0.923674 -0.000132346 0.38318 
0.542975 0.0589305 -0.63281 -0.924023 0.0 -0.382337 
-0.420899 0.214146 0.760629 0.0525604 -0.998381 0.0217503 
-0.446743 0.531434 -0.768293 -0.382987 2.48083e-06 -0.923754 
-0.661868 -0.177955 -0.700729 -0.257063 -0.129305 -0.957705 
0.9148 0.615781 0.0874222 0.924003 1.66004e-05 0.382384 
0.496336 0.785168 0.465248 -0.0 1.0 0.0 
0.126461 0.406496 0.831141 -0.382984 -0.0 -0.923755 
-0.234343 0.785168 -0.832874 0.0 1.0 0.0 
-0.405492 0.443524 0.767614 -0.38238 0.0 0.924005 
0.644027 -0.150945 0.681208 0.239602 0.380029 0.893403 
0.429653 0.785168 0.185701 -0.0 1.0 0.0 
-0.283578 0.238738 -0.835785 -0.824993 -0.449873 0.342054 
0.919475 0.704105 -0.0944213 0.923754 1.23905e-05 -0.382987 
0.0921306 0.785168 0.169867 -0.0 1.0 0.0 
0.070721 0.785168 -0.317468 -0.0 1.0 -0.0 
-0.84947 -0.124014 0.00869567 0.0 -1.0 0.0 
0.597797 0.490748 0.703389 0.382964 -0.0 0.923763 
0.357177 0.261977 -0.753356 -0.382494 7.81288e-05 0.923958 
0.979851 0.748392 0.0218554 0.998905 -0.0 0.0467796 
-0.629691 -0.0448238 -0.715395 -0.382979 0.0 -0.923757 
0.498446 0.486456 -0.739595 0.381812 0.000385198 -0.92424 
0.748402 0.237231 0.434065 0.924142 0.000142555 0.382048 
-0.97251 -0.0809867 -0.00891626 -0.924011 0.0 -0.382366 
-0.68144 0.696969 -0.38535 0.924006 -1.47404e-05 0.382379 
-0.911146 0.167755 0.0843619 -0.923758 0.0 0.382977 
0.690666 0.729824 -0.708503 0.0 -1.0 0.0 
0.0066256 -0.0654404 -0.96607 0.382366 0.0 -0.924011 
-0.529724 0.615302 0.628485 0.0 -1.0 0.0 
-0.788139 0.785168 0.291949 -0.0 1.0 0.0 
0.717675 0.729824 -0.585076 0.0 -1.0 0.0 
0.477964 0.758517 -0.871739 0.539955 -0.0 -0.841694 
-0.0821798 -0.0446284 -0.894231 -0.923757 -4.88034e-07 0.38298 
0.294233 0.785168 0.651804 0.0 1.0 0.0 
-0.420899 0.587507 -0.779007 -0.382987 2.48083e-06 -0.923754 
0.011522 0.785168 -0.465908 0.0 1.0 0.0 
0.185289 0.785168 -0.65567 0.0 1.0 -0.0 
0.674681 -0.136028 0.644002 0.768739 0.605552 0.205786 
-0.296781 0.514098 0.767902 0.38238 -0.0 -0.924005 
0.702384 -0.102587 -0.618045 0.923768 0.0 -0.382953 
0.179126 0.369858 -0.871739 0.382378 2.27829e-06 -0.924006 
-0.304097 0.333238 -0.827434 -0.382987 2.48083e-06 -0.923754 
0.939407 -0.049894 0.027956 0.924011 -0.0 0.382366 
-0.755146 0.785168 -0.040009 -0.0 1.0 -0.0 
0.022172 0.785168 0.457475 -0.0 1.0 0.0 
0.861676 0.439816 -0.178476 0.923748 1.30044e-05 -0.383 
-0.181237 0.785168 -0.561886 0.0 1.0 0.0 
0.162089 0.785168 -0.661864 0.0 1.0 -0.0 
0.0181494 0.199949 -0.961302 0.382366 -0.0 -0.924011 
-0.296528 0.785168 0.146547 -0.0 1.0 -0.0 
0.742776 0.785168 0.272153 -0.0 1.0 0.0 
0.723431 0.447534 0.386391 -0.924004 2.03733e-06 -0.382382 
-0.392387 0.324747 -0.79083 -0.382831 0.000128772 -0.923818 
0.57789 -0.143972 0.592163 -0.801295 0.379805 -0.46225 
-0.253019 0.424034 -0.848611 -0.382987 2.48083e-06 -0.923754 
0.445419 0.785168 0.330516 -0.0 1.0 0.0 
-0.387333 0.233588 -0.748858 0.825025 -0.449802 -0.342069 
-0.498631 0.729824 0.783948 0.0 -1.0 0.0 
0.644908 -0.00710081 0.683858 0.382964 -0.0 0.923763 
0.830029 0.475128 -0.146964 -0.923735 -2.33012e-05 0.383032 
-0.703675 -0.174265 -0.630771 -0.957714 -0.129504 0.256929 
0.193182 0.785168 0.465248 -0.0 1.0 -0.0 
0.923861 0.785168 -0.102194 0.0 1.0 -0.0 
-0.464785 0.460555 0.743077 -0.38238 0.0 0.924005 
-0.864591 0.0931121 -0.149106 0.271324 -0.704616 -0.655667 
-0.875616 -0.1018 -0.0731527 0.382387 -0.00029909 -0.924002 
0.186225 0.457519 0.806362 -0.382984 -0.0 -0.923755 
0.022172 0.785168 -0.451988 0.0 1.0 0.0 
-0.218797 0.785168 -0.630771 -0.0 1.0 -0.0 
0.278687 0.785168 -0.918379 0.0 1.0 -0.0 
-0.451992 0.729824 -0.234339 0.0 -1.0 -0.0 
0.218869 0.570215 0.837539 0.382987 -1.02864e-06 0.923754 
0.916088 -0.178114 -0.0633285 0.495469 -0.129349 -0.858941 
0.706775 0.0511574 -0.607451 0.923768 0.0 -0.382953 
0.177636 0.729824 -0.514173 0.0 -1.0 -0.0 
-0.459765 0.785168 -0.576359 0.0 1.0 0.0 
0.294233 0.729824 0.123228 0.0 -1.0 0.0 
0.792793 0.300261 -0.344622 0.923757 -1.69871e-06 -0.38298 
0.294233 0.729824 0.644031 0.0 -1.0 0.0 
-0.404202 0.385432 0.768148 -0.38238 0.0 0.924005 
0.39637 0.340141 -0.781838 0.382399 -1.58795e-05 -0.923997 
0.216502 0.785168 0.340877 -0.0 1.0 -0.0 
0.886701 0.785168 -0.187511 0.0 1.0 -0.0 
0.661767 0.449225 0.676869 0.382964 -0.0 0.923763 
-0.837023 0.338765 0.263145 -0.923741 2.61425e-05 0.383017 
-0.714952 0.408724 0.612938 -0.923752 0.0 0.382991 
0.64441 -0.222838 -0.61712 0.432925 -0.790838 0.432609 
-0.596015 -0.20042 -0.669762 0.80099 -0.379925 -0.462679 
-0.720372 -0.0759323 0.599866 -0.923752 -0.0 0.382991 
-0.77333 0.617102 0.472133 -0.923755 5.52345e-06 0.382985 
0.579955 0.472686 -0.72217 -0.924026 0.0 -0.382328 
-0.0711062 0.261033 0.928938 -0.382377 -0.0 0.924006 
-0.988342 0.729824 -0.14106 0.0 -1.0 -0.0 
-0.841487 0.698763 0.307738 -0.923755 9.32711e-06 0.382984 
-0.211023 0.785168 0.309784 -0.0 1.0 -0.0 
-0.809558 0.615302 -0.234339 0.0 -1.0 0.0 
-0.063333 0.785168 0.473021 -0.0 1.0 0.0 
0.977288 0.774063 0.0765887 0.998905 0.0 0.0467796 
-0.650654 0.0784943 -0.568194 -0.382379 0.0 0.924006 
-0.700734 0.785168 -0.133287 -0.0 1.0 0.0 
-0.229291 0.706498 -0.8814 -0.382984 9.87706e-06 -0.923755 
0.660804 0.548723 -0.695351 0.38238 0.0 -0.924005 
0.838356 0.785168 -0.498627 0.0 1.0 -0.0 
-0.272228 0.548641 -0.840647 -0.382987 2.48083e-06 -0.923754 
-0.878795 0.470909 -0.179926 -0.924084 -0.00014166 -0.38219 
0.103312 0.445764 -0.858413 -0.382379 4.13865e-06 0.924005 
-0.762919 0.729824 -0.537493 0.0 -1.0 -0.0 
-0.504504 0.785168 0.800965 -0.0 1.0 0.0 
-0.125026 0.785168 0.693455 -0.0 1.0 0.0 
0.839241 0.106543 0.106548 -0.923748 -7.60877e-05 -0.383002 
0.400742 0.774063 0.892773 0.458959 -0.0 0.888457 
0.875421 0.698988 -0.200681 0.923756 -2.50996e-05 -0.382981 
0.735388 0.292126 -0.48308 0.923755 2.65965e-06 -0.382985 
0.924114 0.170581 -0.0832341 0.923759 -0.0 -0.382973 
0.612023 0.260882 0.697492 0.382964 -0.0 0.923763 
0.169862 0.785168 -0.708503 -0.0 1.0 -0.0 
0.14229 0.735197 0.970505 0.213356 -0.0 0.976975 
-0.848424 0.159002 -0.187699 0.331051 -0.500405 -0.8 
0.216502 0.59528 -0.856272 0.382378 2.27829e-06 -0.924006 
-0.846786 0.610025 -0.257275 -0.924003 4.65914e-06 -0.382384 
0.647227 0.113343 0.682897 0.382964 -0.0 0.923763 
-0.733108 0.785168 0.185801 -0.0 1.0 0.0 
0.93646 0.764792 0.282169 0.95277 -0.0 0.303691 
-0.0400135 0.785168 0.675124 -0.0 1.0 0.0 
-0.187704 0.785168 0.0066301 -0.0 1.0 -0.0 
-0.332893 0.774533 -0.943565 -0.339062 -0.0 -0.940764 
0.142333 0.208162 0.86927 0.382999 -4.17626e-08 0.923749 
-0.910492 0.167595 0.0859379 -0.923758 0.0 0.382977 
0.916088 0.167755 0.079446 -0.382397 -0.0 0.923998 
0.065993 0.30745 -0.941504 0.382366 0.0 -0.924011 
-0.900621 0.283525 0.109746 -0.923896 -4.48198e-05 0.382643 
-0.234343 0.729824 0.0221765 0.0 -1.0 -0.0 
-0.826594 0.398853 0.288299 -0.923755 8.06771e-07 0.382985 
0.2174 0.785168 0.242597 -0.0 1.0 0.0 
-0.700522 0.713107 0.321336 0.923758 2.21106e-05 -0.382977 
-0.889584 0.225993 -0.153858 -0.924004 8.21218e-07 -0.382382 
-0.525935 0.333655 0.717771 -0.38238 0.0 0.924005 
0.426845 0.30906 -0.769225 0.382435 -3.76028e-05 -0.923982 
0.0688111 0.610826 0.922704 0.382974 -0.0 0.923759 
-0.73804 0.583032 0.394051 0.923755 5.12358e-06 -0.382984 
-0.576363 0.785168 0.667351 0.0 1.0 0.0 
-0.870432 0.47362 -0.200137 -0.923993 2.76486e-05 -0.382409 
0.57311 0.615302 0.70372 -0.0 -1.0 0.0 
0.519656 0.785168 -0.0711017 -0.0 1.0 0.0 
0.619004 0.739855 -0.773291 0.645177 0.0 -0.764033 
-0.599683 0.729824 -0.786234 0.0 -1.0 -0.0 
0.680218 0.300993 0.654273 0.924005 -0.0 0.38238 
-0.367166 0.785168 -0.438876 -0.0 1.0 -0.0 
0.851897 0.669538 0.239418 0.924003 1.64809e-05 0.382384 
-0.063333 0.509775 0.932155 -0.382377 -0.0 0.924006 
0.945789 0.612868 -0.030952 0.923759 -0.0 -0.382973 
-0.114611 0.0881569 -0.905994 -0.382977 0.0 -0.923758 
0.577811 0.39695 -0.716989 -0.924026 0.0 -0.382328 
-0.956427 0.556414 -0.0477822 -0.924011 0.0 -0.382366 
-0.400619 0.424497 0.76963 -0.38238 0.0 0.924005 
0.761311 0.53775 -0.420552 0.923755 2.65965e-06 -0.382985 
0.729532 0.785168 0.20096 -0.0 1.0 0.0 
-0.185794 0.785168 -0.348211 -0.0 1.0 0.0 
0.82281 0.785168 0.0532692 -0.0 1.0 0.0 
-0.456286 0.785168 -0.833679 0.0 1.0 0.0 
-0.560817 0.729824 0.0765887 0.0 -1.0 0.0 
0.695123 0.242972 -0.580199 0.923755 2.65965e-06 -0.382985 
-0.895063 0.785168 -0.343163 -0.0 1.0 -0.0 
0.677786 0.487215 -0.514174 -0.923755 4.7386e-06 0.382984 
-0.0791114 0.00822172 0.872077 -0.924011 -0.000310893 -0.382367 
0.94848 -0.0265745 -0.0244626 0.923759 -0.0 -0.382973 
0.00872987 0.785168 -0.300853 -0.0 1.0 -0.0 
0.296522 0.729824 0.889287 0.0 -1.0 0.0 
-0.063333 0.729824 0.232052 0.0 -1.0 -0.0 
0.633367 0.785168 0.620086 -0.0 1.0 0.0 
0.0377183 0.785168 0.270918 -0.0 1.0 -0.0 
-0.159513 0.785168 0.041606 -0.0 1.0 -0.0 
-0.743479 0.181722 0.449846 -0.322174 -0.540628 -0.777127 
0.552255 0.0458859 0.634376 -0.924097 0.0 0.382158 
-0.135984 0.17036 -0.897133 -0.382623 -4.2184e-05 -0.923905 
0.468249 0.394006 0.689437 -0.38289 -4.67669e-05 -0.923794 
-0.961057 -0.00450498 -0.0365928 -0.924011 0.0 -0.382366 
0.69527 -0.107151 0.617899 0.924005 -0.0 0.38238 
0.291828 0.486456 -0.8251 0.382378 2.27829e-06 -0.924006 
-0.490374 0.785168 -0.341177 -0.0 1.0 -0.0 
0.672905 0.720987 0.671944 0.924005 -0.0 0.38238 
0.169862 0.729824 0.675124 0.0 -1.0 0.0 
-0.786239 0.729824 0.496341 0.0 -1.0 0.0 
0.72806 0.130253 0.483219 0.923993 -9.0016e-06 0.382409 
-0.0773935 0.0195117 0.926336 -0.382377 -0.0 0.924006 
-0.241044 0.406004 -0.853576 -0.382987 2.48083e-06 -0.923754 
0.24924 0.453042 0.824947 0.382987 -1.02864e-06 0.923754 
0.183257 0.561446 -0.870029 0.382378 2.27829e-06 -0.924006 
0.0778764 0.684106 0.918946 0.382981 6.62138e-06 0.923756 
-0.611606 0.511425 0.705262 -0.382391 -0.0 0.924001 
-0.498631 0.354311 -0.746782 -0.383005 -2.33595e-06 -0.923746 
0.717266 0.223649 -0.526792 0.923755 2.65965e-06 -0.382985 
0.69186 0.0437971 0.626141 0.924005 -0.0 0.38238 
0.922499 0.665239 0.0688156 0.924003 1.64809e-05 0.382384 
0.79918 0.631136 0.366808 0.924003 1.66004e-05 0.382384 
-0.809558 0.615302 0.154321 -0.0 -1.0 0.0 
-0.949476 0.00451824 0.0472702 -0.923759 -0.0 0.382974 
0.636253 0.729824 0.387516 0.0 -1.0 0.0 
0.712074 0.424727 -0.539314 0.923755 2.65965e-06 -0.382985 
-0.0967822 0.355858 -0.936338 -0.382974 0.0 -0.923759 
0.206973 0.460188 -0.860216 0.382378 2.27829e-06 -0.924006 
0.434151 0.785168 -0.280978 0.0 1.0 0.0 
-0.362296 0.340397 0.74079 0.38238 -0.0 -0.924005 
-0.442861 0.443727 0.75215 -0.38238 0.0 0.924005 
-0.389807 0.408724 -0.791899 -0.382987 2.48083e-06 -0.923754 
-0.887653 -0.168452 0.0514161 0.256941 0.129281 0.957741 
0.0843574 0.729824 0.286465 0.0 -1.0 -0.0 
-0.54527 0.729824 -0.296524 0.0 -1.0 -0.0 
0.216502 0.6186 0.861473 0.382985 -1.90485e-05 0.923755 
0.457989 0.169973 -0.747887 -0.799976 -0.500432 -0.331068 
0.457765 0.785168 0.244656 -0.0 1.0 0.0 
-0.939569 -0.206547 -0.0441019 -0.562913 -0.605501 -0.562581 
-0.0642154 0.785168 -0.10407 0.0 1.0 0.0 
-0.125518 0.517548 0.883475 -0.382567 7.96494e-05 0.923928 
-0.757905 0.630559 0.182927 0.923755 -1.70035e-05 -0.382984 
-0.288755 0.785168 0.457475 0.0 1.0 0.0 
0.692755 0.729824 0.653341 0.0 -1.0 0.0 
-0.0221497 0.784531 -0.99975 0.0467787 -0.0 -0.998905 
0.0532647 0.729824 0.0221765 0.0 -1.0 0.0 
0.0921306 0.785168 -0.296524 -0.0 1.0 -0.0 
-0.603631 -0.0404629 0.708563 -0.382391 -0.0 0.924001 
-0.599683 0.729824 0.71399 0.0 -1.0 0.0 
-0.961021 -0.0403772 0.019421 -0.923759 -0.0 0.382974 
0.48079 0.525321 -0.746903 0.382378 2.30354e-06 -0.924006 
0.84188 0.670485 0.263624 0.924003 1.66004e-05 0.382384 
0.0214841 0.785168 -0.166618 -0.0 1.0 -0.0 
0.186024 0.283623 0.851156 0.38255 -0.00017543 0.923935 
-0.351861 0.511071 0.789808 -0.38238 0.0 0.924005 
0.693236 0.495253 0.567373 0.924001 -4.95197e-06 0.382389 
0.938642 0.667874 0.0298063 0.924011 -0.0 0.382366 
-0.0662257 0.785168 0.967607 -0.0 1.0 0.0 
0.348646 0.269157 0.752856 -0.449292 -0.873752 0.186263 
0.696306 -0.080716 0.615395 0.924005 -0.0 0.38238 
-0.421337 0.661684 -0.666453 0.382981 2.35437e-05 0.923756 
-0.415439 0.426863 0.763498 -0.38238 0.0 0.924005 
-0.85415 0.531439 -0.23948 -0.924003 4.65914e-06 -0.382384 
-0.00892076 0.729824 0.449701 -0.0 -1.0 -0.0 
0.687268 0.704513 -0.328102 -0.923756 -2.04727e-07 0.382981 
0.379041 0.785168 0.0133137 -0.0 1.0 0.0 
-0.0619283 0.0900233 0.830587 -0.923663 0.0 -0.383206 
0.830583 0.615302 0.270918 0.0 -1.0 0.0 
-0.700383 -0.155783 0.643273 -0.957735 0.129484 0.256859 
-0.738415 0.542699 0.500985 -0.923755 8.06771e-07 0.382985 
-0.902837 0.439816 0.104403 -0.923749 1.94891e-06 0.382998 
0.308822 0.615302 0.809248 -0.0 -1.0 0.0 
-0.0727696 0.56917 -0.946294 -0.382974 0.0 -0.923759 
-0.339535 0.758517 0.923865 -0.303698 -0.0 0.952769 
-0.563491 -0.0832892 -0.636193 0.923753 -0.00029037 -0.382989 
0.949752 0.35749 0.00295906 0.924011 -0.0 0.382366 
-0.352602 0.402422 0.789501 -0.38238 0.0 0.924005 
0.224275 0.729824 0.628485 0.0 -1.0 0.0 
-0.568879 0.785168 0.50763 -0.0 1.0 0.0 
0.577776 0.308966 -0.592197 -0.923756 0.0 0.382982 
0.714967 0.356662 0.406845 -0.924238 -0.000390349 -0.381816 
-0.71628 0.785168 -0.0555554 -0.0 1.0 -0.0 
-0.719563 0.785168 0.0345008 0.0 1.0 0.0 
0.808561 0.228569 0.0172187 -0.923997 0.0 -0.3824 
-0.327621 0.517548 -0.817681 -0.382987 2.48083e-06 -0.923754 
-0.816634 0.683397 0.367682 -0.923755 9.32711e-06 0.382984 
0.247594 0.729824 -0.692956 0.0 -1.0 -0.0 
-0.0166939 -0.0188013 0.951455 -0.382377 -0.0 0.924006 
0.825618 0.630344 0.302922 0.924003 1.66004e-05 0.382384 
-0.396264 0.785168 -0.341169 -0.0 1.0 -0.0 
-0.746047 0.665891 -0.229232 0.924006 -1.47404e-05 0.382379 
0.0133703 0.591814 0.945689 0.382974 -0.0 0.923759 
0.743009 0.555257 -0.464697 0.923755 2.65965e-06 -0.382985 
-0.407423 0.785168 -0.787417 -0.0 1.0 -0.0 
0.939492 0.785168 0.206966 -0.0 1.0 0.0 
0.76921 0.336197 0.383785 0.924025 3.48469e-05 0.382333 
0.527429 0.237714 0.70961 0.382095 0.000130633 0.924123 
0.294351 0.51004 -0.824056 0.382378 2.27829e-06 -0.924006 
-0.31058 0.785168 0.229977 0.0 1.0 0.0 
0.488563 0.540868 0.725725 0.382987 -1.02864e-06 0.923754 
0.6518 0.362085 -0.699077 0.38238 0.0 -0.924005 
-0.974897 0.738427 0.20387 -0.976974 0.0 0.213357 
-0.708507 -0.0343477 0.628485 -0.923752 -0.0 0.382991 
-0.742687 0.785168 -0.444324 -0.0 1.0 -0.0 
0.797138 0.424191 -0.2263 -0.923739 -3.82649e-05 0.383023 
0.068898 0.144894 0.922668 0.382974 -0.0 0.923759 
0.348646 0.272623 -0.794008 -0.272167 -0.955636 -0.112627 
-0.833927 0.0075126 -0.0168723 0.92402 0.0 0.382344 
0.613621 0.785168 0.555408 -0.0 1.0 0.0 
0.496336 0.463136 0.722502 0.382983 5.11671e-06 0.923756 
-0.435956 0.355493 -0.772766 -0.38304 -3.45308e-05 -0.923732 
0.843158 -0.189494 0.0297844 -0.653931 -0.379858 0.65428 
-0.721613 0.0169138 0.596873 -0.923752 -0.0 0.382991 
0.634566 -0.0760217 -0.706209 0.38238 0.0 -0.924005 
0.0987917 0.785168 -0.197083 -0.0 1.0 0.0 
0.754725 0.245487 -0.436441 0.923755 2.65965e-06 -0.382985 
0.887019 0.100173 -0.117348 0.923664 1.39575e-05 -0.383203 
0.278687 0.587507 0.812739 0.382987 -1.02864e-06 0.923754 
-0.394386 0.612462 0.72751 0.38238 -0.0 -0.924005 
0.101252 0.487561 -0.859266 -0.382382 5.37369e-06 0.924004 
0.6518 0.785168 -0.304297 -0.0 1.0 -0.0 
0.348646 0.729824 -0.926152 0.0 -1.0 0.0 
0.700346 0.239816 -0.597464 0.385416 -0.0 0.922743 
-0.649937 -0.115168 0.689399 -0.382391 -0.0 0.924001 
-0.777963 0.785168 -0.309158 -0.0 1.0 0.0 
-0.721635 0.145877 0.541461 -0.923756 1.98732e-06 0.382981 
-0.142669 0.499755 0.831678 0.382802 -0.000290729 -0.92383 
0.72156 0.23885 0.498928 0.923993 -8.98768e-06 0.382409 
-0.795127 0.439816 0.364196 -0.923755 8.06771e-07 0.382985 
0.796609 0.213839 -0.245429 -0.0576584 -0.988605 -0.139054 
0.336575 0.406831 -0.806583 0.382378 2.27829e-06 -0.924006 
-0.426 0.251893 -0.732184 0.382889 -4.7683e-05 0.923794 
0.866888 0.16589 -0.165903 0.92375 1.46168e-06 -0.382996 
-0.125518 0.785168 -0.125514 -0.0 1.0 -0.0 
0.255367 0.785168 0.34865 -0.0 1.0 -0.0 
-0.117745 0.785168 0.480794 -0.0 1.0 0.0 
0.843166 0.532197 0.0970591 -0.92401 8.38645e-06 -0.382369 
0.677827 0.785168 -0.605457 0.0 1.0 -0.0 
0.666369 0.321399 -0.693048 0.38238 0.0 -0.924005 
-0.316679 0.411296 -0.777509 0.382984 -3.10642e-06 0.923755 
-0.764784 0.29186 0.437384 -0.92384 0.00010287 0.382778 
-0.480208 0.368591 -0.709709 0.383303 0.000147984 0.923623 
0.823885 0.219344 -0.269631 0.923813 -7.00194e-05 -0.382843 
-0.148838 0.785168 0.426382 -0.0 1.0 0.0 
-0.811243 0.486456 -0.343163 -0.924003 4.65914e-06 -0.382384 
-0.768399 0.729824 0.525687 0.0 -1.0 -0.0 
-0.148838 0.729824 0.51966 0.0 -1.0 0.0 
0.86822 -0.0797751 0.0596512 -0.382387 -0.000303176 0.924002 
0.28646 0.525321 0.809516 0.382987 -1.02864e-06 0.923754 
0.0527811 0.785168 -0.684431 0.0 1.0 0.0 
0.743216 0.706892 0.50204 0.924005 -1.40786e-06 0.382381 
0.566295 0.785168 0.589619 -0.0 1.0 0.0 
-0.840651 0.785168 -0.420895 -0.0 1.0 -0.0 
0.531706 0.785168 0.727797 -0.0 1.0 0.0 
-0.186349 0.529029 -0.831543 0.382984 -3.10642e-06 0.923755 
0.608038 0.729824 -0.22366 0.0 -1.0 0.0 
-0.28288 0.353853 0.773655 0.382514 -0.000125421 -0.92395 
0.9726 0.757535 -0.140792 0.996465 0.0 -0.0840129 
0.700576 0.759362 -0.698881 0.739416 -0.0 -0.673249 
-0.119399 0.546119 -0.859299 0.382948 3.11523e-05 0.92377 
-0.623002 -0.200935 -0.591905 0.206157 -0.605665 0.76855 
0.771117 0.371663 0.27116 -0.924004 2.07768e-06 -0.382382 
-0.606359 0.116978 0.707434 -0.382391 -0.0 0.924001 
-0.0730789 0.101482 -0.946165 -0.382974 0.0 -0.923759 
-0.575239 0.452669 0.697368 -0.38238 0.0 0.924005 
0.426377 0.785168 0.0765887 -0.0 1.0 0.0 
0.507589 0.785168 0.67259 -0.0 1.0 0.0 
0.162089 0.729824 -0.724049 0.0 -1.0 -0.0 
-0.0599647 0.00451827 -0.840647 -0.923752 0.0 0.382992 
-0.882866 -0.196166 -0.0604366 0.462225 -0.379917 -0.801256 
-0.312948 0.785168 -0.825374 -0.0 1.0 -0.0 
-0.312075 0.362085 -0.824127 -0.382987 2.48083e-06 -0.923754 
-0.415604 0.785168 0.358038 -0.0 1.0 0.0 
-0.848424 0.785168 -0.0711017 -0.0 1.0 -0.0 
-0.164384 0.579734 -0.885358 -0.382987 2.48083e-06 -0.923754 
0.864297 0.455363 -0.172153 0.923748 1.30044e-05 -0.383 
-0.0459079 0.470973 0.939366 -0.382377 -0.0 0.924006 
-0.0555599 0.439816 -0.953429 -0.382974 0.0 -0.923759 
-0.141065 0.785168 0.286465 -0.0 1.0 -0.0 
0.590809 0.314933 -0.724317 0.38238 -0.0 -0.924005 
0.781603 0.752554 0.588042 0.764034 -0.0 0.645176 
0.690663 0.416497 -0.646317 0.923768 -0.0 -0.382953 
0.78502 0.785168 -0.242117 -0.0 1.0 -0.0 
-0.490858 0.729824 0.612938 0.0 -1.0 0.0 
0.179126 0.362085 -0.871739 0.382378 2.30354e-06 -0.924006 
0.28646 0.615302 -0.724049 0.0 -1.0 -0.0 
-0.113962 0.562865 -0.861554 0.382923 5.30335e-05 0.92378 
-0.867235 0.738734 0.484715 -0.888467 0.0 0.458941 
-0.630565 0.125206 0.697416 -0.382391 -0.0 0.924001 
-0.555976 0.633974 0.728284 -0.382383 7.21533e-06 0.924004 
0.0219873 0.586483 -0.959713 0.382366 -0.0 -0.924011 
-0.243323 0.678853 0.85767 -0.382382 4.80691e-06 0.924004 
0.372236 0.729824 -0.82744 0.0 -1.0 0.0 
0.684879 0.286908 0.64301 0.924005 -0.0 0.38238 
0.123223 0.785168 0.954958 0.0 1.0 0.0 
0.465243 0.785168 0.356423 -0.0 1.0 0.0 
0.103992 0.237714 -0.902832 0.382378 2.27829e-06 -0.924006 
-0.735804 0.635273 -0.580903 -0.924004 7.03935e-06 -0.382383 
-0.292047 0.785168 -0.00674511 0.0 1.0 0.0 
-0.484561 0.785168 -0.346423 -0.0 1.0 -0.0 
0.94504 -0.0217322 -0.0327596 0.923759 -0.0 -0.382973 
0.550748 0.729824 -0.553039 0.0 -1.0 -0.0 
0.578877 -0.211177 0.621462 -0.795851 -0.605492 0.000203679 
0.737305 0.785168 0.131001 -0.0 1.0 -0.0 
0.653592 0.128995 -0.57253 -0.923765 0.0 0.382961 
-0.809558 0.268133 -0.296524 0.186008 -0.873701 -0.449496 
0.690666 0.183301 -0.646311 0.923768 0.0 -0.382953 
0.63195 0.785168 -0.166506 0.0 1.0 0.0 
0.316856 0.785168 0.13659 -0.0 1.0 0.0 
0.403058 0.211869 0.721763 -0.224676 -0.969972 0.0931367 
0.292933 0.562916 -0.824643 0.382378 2.27829e-06 -0.924006 
-0.50968 0.785168 0.210531 -0.0 1.0 0.0 
-0.0739989 0.785168 0.964503 -0.0 1.0 0.0 
0.785936 0.603062 0.235351 -0.924004 2.03733e-06 -0.382382 
-0.716164 0.518721 -0.628362 -0.924001 0.0 -0.382391 
-0.850239 0.12635 0.123427 0.923845 3.46217e-05 -0.382767 
-0.913967 0.69737 -0.150384 -0.924003 1.65705e-05 -0.382384 
-0.96286 0.463136 -0.0322358 -0.924011 0.0 -0.382366 
-0.343168 0.509775 0.793406 -0.38238 0.0 0.924005 
0.107677 0.785168 -0.770688 -0.0 1.0 -0.0 
-0.56859 0.785168 -0.0166894 -0.0 1.0 -0.0 
0.102763 0.216297 0.885677 0.382979 5.62235e-07 0.923757 
0.184847 0.499153 0.851645 0.382987 -1.02864e-06 0.923754 
-0.775192 0.42932 -0.430276 -0.924003 4.65914e-06 -0.382384 
0.103992 0.299899 -0.902832 0.382378 2.27829e-06 -0.924006 
0.554922 0.419562 -0.716223 0.382582 -3.05601e-05 -0.923922 
0.324604 0.785168 -0.858053 0.0 1.0 -0.0 
-0.582065 0.18132 -0.71219 -0.382918 4.75165e-06 -0.923783 
-0.237396 0.461537 0.837177 -0.38238 0.0 0.924005 
-0.959996 0.37673 0.0218944 -0.923759 -0.0 0.382974 
-0.808026 0.432043 -0.350936 -0.924003 4.65914e-06 -0.382384 
-0.856198 0.183301 0.189908 0.322174 -0.540626 0.777128 
-0.871744 0.729824 -0.405349 0.0 -1.0 -0.0 
0.00918927 -0.0859165 0.812096 -0.382999 0.0 -0.923749 
0.947488 0.681751 0.0084281 0.924011 -0.0 0.382366 
-0.150942 0.785168 0.0906053 -0.0 1.0 0.0 
-0.0555599 0.198848 0.935372 -0.382377 -0.0 0.924006 
-0.372138 0.682388 -0.822176 -0.382984 9.67908e-06 -0.923755 
0.407113 0.586218 -0.732691 -0.382382 5.37369e-06 0.924004 
-0.947097 0.411597 0.0530069 -0.923759 0.0 0.382974 
0.682892 0.292126 0.64781 0.924005 -0.0 0.38238 
0.918048 -0.0535705 -0.0978666 0.923759 -0.0 -0.382973 
0.749564 0.594112 -0.448886 0.923755 2.65965e-06 -0.382985 
0.271209 0.785168 0.614484 0.0 1.0 0.0 
-0.440969 0.330992 -0.770688 -0.383038 -2.72561e-05 -0.923732 
-0.731827 0.785168 -0.0866481 -0.0 1.0 -0.0 
-0.22657 0.729824 -0.514173 0.0 -1.0 -0.0 
0.647807 -0.0188013 -0.700729 0.38238 0.0 -0.924005 
-0.560412 0.0686527 -0.705285 0.183296 -0.980116 -0.075989 
-0.574101 0.158517 0.585494 0.382406 0.0 -0.923995 
-0.599464 0.693668 0.710286 -0.382383 7.21533e-06 0.924004 
0.0391254 -0.150945 0.923866 0.654271 0.379882 0.653926 
-0.798134 0.272869 -0.367327 -0.112657 -0.955618 0.27222 
0.629193 0.785168 -0.472096 0.0 1.0 -0.0 
0.263141 0.785168 0.325331 -0.0 1.0 0.0 
0.534319 0.785168 -0.34306 -0.0 1.0 -0.0 
-0.826957 0.231405 -0.197179 0.924133 0.000115042 0.38207 
-0.257663 0.785168 -0.0633285 -0.0 1.0 0.0 
-0.0168102 0.240819 0.951407 -0.382377 -0.0 0.924006 
-0.491147 0.785168 0.826833 -0.0 1.0 0.0 
0.712981 0.540868 0.51966 0.924006 -1.31101e-06 0.382378 
-0.678457 -0.098301 0.677597 -0.382391 -0.0 0.924001 
0.6856 0.785168 -0.608561 0.0 1.0 -0.0 
0.760624 0.785168 0.379743 -0.0 1.0 0.0 
-0.263668 0.222167 -0.809554 -0.825039 -0.449823 0.342009 
-0.774462 0.707792 0.469401 -0.923755 9.32711e-06 0.382984 
0.479659 0.268806 -0.747369 0.382296 2.03752e-05 -0.92404 
-0.779407 0.641919 0.457475 -0.923755 5.52345e-06 0.382985 
0.854986 0.785168 0.300381 -0.0 1.0 0.0 
-0.545097 0.435912 0.709841 -0.38238 0.0 0.924005 
-0.945363 -0.199977 0.0278851 -0.653904 -0.379884 0.654292 
0.0377183 0.785168 0.908319 0.0 1.0 0.0 
-0.775667 0.399719 0.303292 0.923755 5.12358e-06 -0.382984 
-0.776454 0.492178 0.409236 -0.923755 8.06771e-07 0.382985 
0.807263 0.785168 -0.234339 0.0 1.0 -0.0 
0.798802 0.729824 -0.473483 0.0 -1.0 0.0 
-0.0939355 0.37043 0.919491 -0.382377 -0.0 0.924006 
0.0066256 -0.112079 -0.96607 0.382366 0.0 -0.924011 
-0.918383 -0.174265 -0.0690649 -0.256937 -0.129431 -0.957722 
0.0109188 0.785168 0.0138463 -0.0 1.0 0.0 
-0.888231 -0.120289 0.0618525 0.38296 2.02257e-06 0.923765 
0.846129 0.400951 0.197907 0.924003 5.29828e-07 0.382386 
0.774521 0.615302 -0.232312 0.0 -1.0 0.0 
-0.188599 0.328081 0.857371 -0.382441 2.7498e-05 0.92398 
-0.236433 0.384122 0.837575 -0.382241 -0.000103373 0.924063 
-0.0673665 0.667713 0.930486 -0.382382 4.80691e-06 0.924004 
0.21847 0.406673 -0.855458 0.382378 2.27829e-06 -0.924006 
0.294233 0.729824 0.612938 -0.0 -1.0 -0.0 
0.540327 0.369627 0.605533 -0.924097 0.0 0.382158 
-0.0434932 0.785168 0.480157 0.0 1.0 0.0 
-0.627261 0.785168 -0.452954 -0.0 1.0 -0.0 
0.685867 0.657055 -0.657887 0.923768 -0.0 -0.382953 
-0.105908 0.785168 -0.871319 0.0 1.0 0.0 
0.132099 0.785168 -0.0440726 -0.0 1.0 0.0 
-0.327621 0.6186 -0.840633 -0.382987 -6.86703e-06 -0.923754 
-0.00892076 0.729824 -0.265431 0.0 -1.0 0.0 
0.0421221 0.0511574 0.822814 0.923768 0.0 -0.382952 
0.58586 0.219427 -0.5727 -0.923756 -0.0 0.382982 
0.805581 -0.11826 -0.0427285 -0.923749 -0.0 0.382999 
0.0376842 0.0516889 -0.832993 0.923646 -0.0 0.383247 
-0.399321 0.660256 -0.810907 -0.382987 -6.86703e-06 -0.923754 
0.022172 0.6186 0.94204 0.382974 -0.0 0.923759 
0.581841 0.785168 0.706216 -0.0 1.0 0.0 
-0.159523 0.785168 -0.84715 0.0 1.0 0.0 
0.682892 -0.124014 -0.615224 0.0 -1.0 0.0 
-0.0413387 0.668043 -0.959324 -0.382974 0.0 -0.923759 
-0.795838 0.269948 0.277798 0.186281 -0.873751 0.449287 
0.1335 0.785168 -0.570986 0.0 1.0 -0.0 
-0.701438 0.785168 0.394934 -0.0 1.0 0.0 
-0.133292 0.785168 0.270918 -0.0 1.0 0.0 
-0.726123 0.785168 -0.660163 -0.0 1.0 -0.0 
-0.0244671 -0.222457 -0.933925 -0.306176 -0.790729 -0.530098 
-0.879608 0.729824 0.223126 0.0 -1.0 -0.0 
-0.327324 0.519643 0.799962 -0.38238 0.0 0.924005 
0.87457 0.649774 -0.202734 0.923754 1.24204e-05 -0.382987 
0.39754 0.7426 0.894427 0.458959 -0.0 0.888457 
-0.343073 0.785168 -0.358574 0.0 1.0 0.0 
-0.665973 0.437291 -0.700353 -0.382979 0.0 -0.923757 
-0.0176115 0.785168 -0.676543 0.0 1.0 0.0 
0.923123 0.18736 0.0673077 0.924011 -0.0 0.382366 
-0.0379091 0.785168 0.158888 -0.0 1.0 0.0 
-0.459765 0.729824 0.278691 0.0 -1.0 0.0 
0.881116 0.729824 -0.324042 -0.0 -1.0 -0.0 
-0.511266 0.785168 -0.204343 -0.0 1.0 0.0 
0.833057 0.355891 -0.13966 -0.92374 -5.99555e-06 0.383019 
-0.750451 0.785168 0.429038 0.0 1.0 0.0 
-0.782068 0.258074 -0.413665 -0.923986 -2.0627e-05 -0.382426 
0.948562 0.129198 -0.0242644 0.923759 -0.0 -0.382973 
-0.288755 0.729824 0.146547 0.0 -1.0 -0.0 
0.877035 0.400951 0.123228 0.924004 8.30498e-07 0.382382 
0.78275 0.731307 -0.602976 0.820959 0.0 -0.570987 
-0.891389 0.785168 -0.31899 0.0 1.0 0.0 
0.124326 0.785168 0.595457 0.0 1.0 0.0 
-0.413126 0.393177 0.764455 -0.38238 0.0 0.924005 
0.0807922 -0.0188013 0.916092 0.923808 0.0 -0.382857 
-0.368531 0.508677 0.73821 0.38238 -0.0 -0.924005 
-0.475312 0.59528 -0.756448 -0.382987 2.48083e-06 -0.923754 
-0.410308 0.240051 -0.7834 -0.383038 -2.72561e-05 -0.923732 
-0.675151 0.41892 -0.564009 0.924 3.13345e-06 0.382393 
0.924215 0.498709 0.0646696 0.924011 -0.0 0.382366 
-0.840651 0.136662 0.153928 0.331565 -0.500414 0.799782 
-0.612474 0.112086 -0.722534 -0.382979 0.0 -0.923757 
0.819809 0.291105 -0.27946 0.923742 2.50056e-05 -0.383016 
-0.327621 0.785168 0.131001 -0.0 1.0 -0.0 
0.829672 0.785168 0.464506 -0.0 1.0 0.0 
-0.745708 0.457788 0.375554 0.923755 5.12358e-06 -0.382984 
0.763153 0.655908 -0.471468 0.923756 -2.50996e-05 -0.382981 
0.321432 0.785168 0.730855 -0.0 1.0 0.0 
-0.880413 0.507374 0.158489 -0.923755 8.06771e-07 0.382985 
0.224589 0.785168 -0.287753 -0.0 1.0 0.0 
-0.824525 0.711878 0.34865 -0.923755 9.4151e-06 0.382984 
-0.141065 0.729824 -0.584132 -0.0 -1.0 -0.0 
-0.866556 0.511923 0.191911 -0.923755 8.06771e-07 0.382985 
0.571672 0.0416406 0.681228 -0.923741 -0.000301587 0.383018 
-0.704972 0.418172 0.637011 -0.923752 0.0 0.382991 
-0.0944258 0.729824 -0.0788749 0.0 -1.0 -0.0 
0.718276 0.370536 0.506864 0.924238 0.000177822 0.381817 
-0.218797 0.729824 -0.529719 0.0 -1.0 -0.0 
0.0688111 0.307672 0.922704 0.382974 -0.0 0.923759 
0.954666 0.610826 -0.00891626 0.924011 -0.0 0.382366 
0.0688111 0.711878 0.922704 0.382981 6.62138e-06 0.923756 
0.729532 0.213673 0.395289 0.0575559 -0.98861 -0.139059 
-0.685188 0.673012 0.674811 -0.382391 -0.0 0.924001 
0.690666 0.785168 0.340877 -0.0 1.0 0.0 
0.224662 0.225339 0.835137 0.382955 -1.58776e-05 0.923767 
0.540497 0.785168 -0.254372 0.0 1.0 -0.0 
-0.388117 0.785168 -0.356714 -0.0 1.0 -0.0 
-0.709421 0.445917 0.463077 0.92386 -0.000164046 -0.382731 
-0.215753 0.315446 0.846134 -0.382498 6.02566e-05 0.923956 
-0.864282 0.376163 -0.214998 -0.924011 -6.64713e-06 -0.382366 
-0.436446 0.44759 0.754804 -0.38238 0.0 0.924005 
-0.312075 0.785168 0.0299497 -0.0 1.0 0.0 
0.0185046 0.70988 -0.961154 0.382381 1.39027e-05 -0.924005 
-0.604007 0.336386 -0.572462 0.924017 0.0 0.382351 
-0.201034 0.701453 0.87517 -0.382383 7.21533e-06 0.924004 
0.0440852 0.0589305 -0.84842 0.923646 -0.0 0.383247 
-0.141065 0.785168 -0.832874 -0.0 1.0 -0.0 
-0.109972 0.729824 0.193186 0.0 -1.0 -0.0 
0.449697 0.184202 0.729536 -0.726632 -0.617464 0.301239 
-0.522824 0.785168 -0.409316 0.0 1.0 0.0 
0.853301 0.379888 -0.198677 0.923748 1.30044e-05 -0.383 
-0.751093 0.22281 -0.488509 -0.924003 8.95588e-07 -0.382386 
-0.444219 0.729824 0.597392 0.0 -1.0 0.0 
-0.568414 -0.0776021 0.633336 0.923999 -6.37135e-06 0.382395 
-0.654095 0.729824 0.0688156 0.0 -1.0 0.0 
0.022172 0.785168 0.379743 -0.0 1.0 -0.0 
-0.408936 0.564805 -0.783968 -0.382987 2.48083e-06 -0.923754 
-0.893079 0.637845 0.183298 -0.923755 9.32711e-06 0.382984 
-0.464228 0.785168 -0.32038 -0.0 1.0 0.0 
0.0797593 0.134209 0.9136 0.923808 0.0 -0.382857 
-0.0420829 0.785168 -0.933294 0.0 1.0 0.0 
0.9705 0.785168 0.0377228 0.0 1.0 0.0 
-0.870054 0.785168 0.464338 0.0 1.0 0.0 
0.13877 0.729824 0.0610424 0.0 -1.0 0.0 
-0.496327 0.641919 -0.770688 -0.382987 -6.80732e-06 -0.923754 
0.317847 0.466055 -0.814333 0.382378 2.27829e-06 -0.924006 
0.616615 0.785168 0.180427 -0.0 1.0 0.0 
0.0760384 0.312 0.919708 0.382974 -0.0 0.923759 
0.615715 0.577491 -0.71401 0.38238 -0.0 -0.924005 
0.751501 0.59528 -0.444214 0.923755 2.65965e-06 -0.382985 
0.698439 0.0900232 -0.62756 0.923768 0.0 -0.382953 
0.44099 0.719651 0.768402 0.382981 6.62138e-06 0.923756 
0.214783 0.587244 -0.812284 -0.382382 5.37369e-06 0.924004 
-0.955887 0.0477627 0.0318064 -0.923759 -0.0 0.382974 
-0.0555599 0.152209 -0.953429 -0.382974 0.0 -0.923759 
-0.959186 0.525341 0.0238475 -0.923759 0.0 0.382974 
-0.575591 0.761296 -0.81964 -0.570987 0.0 -0.820959 
-0.195477 0.615302 -0.794008 -0.0 -1.0 0.0 
0.554976 0.145482 0.65348 -0.382961 0.0 -0.923765 
-0.188283 0.559701 0.857501 -0.38238 0.0 0.924005 
0.876914 0.785168 -0.107706 0.0 1.0 -0.0 
0.732708 0.719651 0.527433 0.924005 -1.40786e-06 0.382381 
-0.778466 0.785168 0.34865 -0.0 1.0 0.0 
-0.811682 0.433856 -0.342103 -0.924003 4.65914e-06 -0.382384 
-0.215983 0.408724 -0.863966 -0.383035 3.85351e-05 -0.923734 
-0.776078 0.328238 -0.428137 -0.92396 -6.67506e-05 -0.382488 
0.931306 0.225497 -0.0658884 0.923759 -0.0 -0.382973 
0.86827 0.277008 0.144409 0.924004 8.30498e-07 0.382382 
0.915186 0.729824 -0.270178 -0.0 -1.0 -0.0 
0.975854 0.774063 -0.102194 0.996465 -0.0 -0.0840129 
-0.757671 0.356845 -0.364603 0.924005 2.82401e-07 0.38238 
-0.86269 0.785168 -0.444262 -0.0 1.0 -0.0 
-0.297356 0.408125 -0.830229 -0.382987 2.48083e-06 -0.923754 
0.816964 0.135205 -0.0152733 -0.923749 -0.0 0.382999 
0.117139 0.785168 0.644906 -0.0 1.0 0.0 
0.675119 0.785168 0.51966 -0.0 1.0 0.0 
-0.255314 0.600834 -0.847659 -0.382987 2.48083e-06 -0.923754 
0.409914 0.785168 -0.255952 0.0 1.0 0.0 
-0.951765 0.0614351 0.0417476 -0.923759 -0.0 0.382974 
0.698439 0.292126 -0.62756 0.923768 0.0 -0.382953 
-0.202823 0.194644 -0.82471 0.382654 0.000120565 0.923892 
-0.708733 0.206621 -0.646317 -0.924001 -0.0 -0.382391 
0.519656 0.729824 -0.545266 0.0 -1.0 0.0 
0.123223 0.729824 0.550753 0.0 -1.0 0.0 
0.803456 -0.0284186 -0.0478519 -0.923749 -0.0 0.382999 
-0.718574 0.402435 -0.567087 -0.92417 5.24867e-05 -0.38198 
0.177636 0.540868 0.854635 0.382987 -1.02864e-06 0.923754 
-0.0955441 0.0590754 -0.926466 -0.923758 0.0 0.382976 
-0.82426 0.438917 0.293928 -0.923755 8.06771e-07 0.382985 
-0.841606 0.561916 -0.269792 -0.924003 4.65914e-06 -0.382384 
0.556829 0.326344 -0.670735 -0.382362 -0.0 0.924013 
-0.319848 0.785168 -0.529719 0.0 1.0 0.0 
0.795976 0.575479 -0.2291 -0.923755 4.7386e-06 0.382984 
-0.587242 0.785168 -0.584953 -0.0 1.0 -0.0 
-0.54527 0.785168 -0.117741 -0.0 1.0 -0.0 
0.426377 0.729824 -0.358709 -0.0 -1.0 -0.0 
-0.521951 0.729824 -0.0633285 0.0 -1.0 0.0 
-0.251244 0.290207 0.831445 -0.382314 -3.98875e-05 0.924032 
-0.459765 0.533095 0.745154 -0.38238 0.0 0.924005 
-0.584136 0.626373 0.71663 -0.382383 7.21533e-06 0.924004 
-0.395766 0.768544 -0.920905 -0.339062 -0.0 -0.940764 
0.706212 0.729824 -0.65409 0.0 -1.0 -0.0 
-0.770693 0.785168 0.270918 -0.0 1.0 0.0 
0.012748 0.193188 -0.963537 0.382366 -0.0 -0.924011 
0.239821 0.785168 -0.117741 -0.0 1.0 0.0 
-0.695616 0.680785 0.659577 -0.923752 0.0 0.382991 
0.185409 0.785168 0.869453 -0.0 1.0 0.0 
0.504109 0.785168 -0.840647 -0.0 1.0 -0.0 
0.293395 0.551391 -0.824452 0.382378 2.27829e-06 -0.924006 
-0.952049 0.630874 0.0410631 -0.923759 0.0 0.382974 
0.770838 0.369858 -0.397575 0.923755 2.65965e-06 -0.382985 
-0.727191 0.121707 0.480886 -0.331565 -0.500414 -0.799782 
0.698439 -0.00325492 -0.62756 0.923768 0.0 -0.382953 
-0.252403 0.785168 -0.861447 0.0 1.0 0.0 
-0.000654614 0.785168 0.743115 -0.0 1.0 0.0 
0.817283 0.415403 0.267615 0.924006 -1.31101e-06 0.382378 
0.162906 0.535456 0.816031 -0.382984 -0.0 -0.923755 
-0.529724 0.729824 -0.607451 0.0 -1.0 0.0 
0.255367 0.729824 -0.537493 -0.0 -1.0 -0.0 
-0.369958 0.785168 -0.119857 -0.0 1.0 0.0 
0.154316 0.785168 -0.739595 -0.0 1.0 -0.0 
-0.388786 0.510294 0.774527 -0.38238 0.0 0.924005 
-0.599683 0.729824 0.294238 0.0 -1.0 0.0 
-0.731827 0.494229 -0.535065 -0.923986 -2.0627e-05 -0.382426 
-0.578152 0.0767244 0.696162 -0.382259 -0.000137151 0.924055 
0.691491 0.136067 0.463571 -0.923984 1.30345e-05 -0.382431 
-0.0701232 0.10526 -0.865148 -0.923752 0.0 0.382992 
0.799541 0.245922 0.260759 -0.341566 -0.449769 0.825252 
0.841651 0.25326 0.208733 0.923996 1.07539e-05 0.382402 
-0.868822 0.187662 0.186444 -0.923749 1.94891e-06 0.382998 
0.263141 0.729824 0.20096 0.0 -1.0 -0.0 
-0.759774 0.470909 -0.467534 -0.924003 4.65914e-06 -0.382384 
-0.795159 0.362085 -0.382029 -0.924003 4.65914e-06 -0.382384 
0.574068 0.785168 -0.0633285 -0.0 1.0 -0.0 
0.895931 0.5553 0.0775656 0.923967 1.31689e-05 0.382472 
-0.965022 -0.186066 -0.0166894 -0.893569 -0.379982 -0.239057 
-0.519572 0.510991 0.720405 -0.38238 0.0 0.924005 
-0.961109 0.58141 -0.0364694 -0.924011 0.0 -0.382366 
-0.665649 0.0822501 0.682897 -0.382391 -0.0 0.924001 
-0.145971 0.785168 -0.955681 -0.0 1.0 -0.0 
-0.0954139 0.0822501 -0.926152 -0.923758 0.0 0.382976 
-0.0457969 0.470909 0.939412 -0.382377 -0.0 0.924006 
-0.902837 0.711878 0.159762 -0.923755 9.4151e-06 0.382984 
-0.695414 0.758043 -0.721575 -0.673261 0.0 -0.739405 
-0.0126281 0.110433 0.817849 0.3824 0.0 -0.923997 
-0.0046755 0.0871846 0.817845 -0.382999 -0.0 -0.923749 
0.177636 0.729824 0.473021 -0.0 -1.0 -0.0 
0.870569 0.419333 0.138854 0.923982 2.49696e-05 0.382435 
0.78879 0.553484 0.33647 0.924006 -1.31101e-06 0.382378 
-0.39758 0.377631 -0.788676 -0.382987 2.48083e-06 -0.923754 
0.022172 0.377631 -0.959637 0.382366 -0.0 -0.924011 
0.165399 0.383828 0.814997 -0.382984 -0.0 -0.923755 
-0.0575277 -0.207396 0.881178 -0.795877 -0.605458 0.000332592 
0.949314 0.747188 -0.257131 0.976973 -0.0 -0.213361 
0.896637 0.181198 0.075862 0.924014 2.2814e-06 0.382359 
0.381586 0.215347 -0.757083 -0.825265 -0.449791 -0.341506 
-0.53471 0.517548 -0.731822 -0.38304 -3.45308e-05 -0.923732 
0.0349003 0.701262 -0.95437 0.382381 1.39027e-05 -0.924005 
-0.303598 0.785168 0.789111 0.0 1.0 0.0 
0.902766 0.615302 0.110416 0.0 -1.0 0.0 
0.00892315 0.304458 -0.82983 -0.3824 -0.0 0.923997 
0.51497 0.785168 -0.0282658 -0.0 1.0 0.0 
-0.514178 0.136662 0.722635 -0.382259 -0.000137151 0.924055 
-0.745965 0.266247 -0.39289 0.924019 -1.98905e-05 0.382346 
-0.0555598 0.729824 0.488567 0.0 -1.0 0.0 
-0.521951 0.222167 0.71942 -0.38238 0.0 0.924005 
0.815037 0.59528 -0.290967 0.923755 2.65965e-06 -0.382985 
0.67615 0.548217 -0.681326 0.923768 -0.0 -0.382953 
0.877188 0.27658 -0.14106 0.923722 1.49298e-05 -0.383064 
0.224275 0.729824 0.892773 0.0 -1.0 0.0 
0.536037 0.653248 0.728995 0.382985 -1.89887e-05 0.923755 
-0.832878 0.665239 0.328503 -0.923755 9.32711e-06 0.382984 
-0.630775 0.785168 -0.5064 -0.0 1.0 -0.0 
-0.134553 0.322942 0.835036 0.382366 4.74218e-06 -0.924011 
0.70917 0.590762 -0.601149 0.385416 -0.0 0.922743 
0.107677 0.785168 -0.0322358 -0.0 1.0 0.0 
-0.700041 0.553098 -0.667322 -0.924001 0.0 -0.382391 
0.0768083 0.546 0.919389 0.382974 -0.0 0.923759 
-0.439674 0.477173 0.753469 -0.38238 0.0 0.924005 
-0.654095 0.785168 0.20096 -0.0 1.0 0.0 
-0.0270133 -0.104306 0.947185 -0.382377 -0.0 0.924006 
0.681942 0.145423 0.650107 0.924005 -0.0 0.38238 
-0.897753 0.519647 0.116666 -0.923757 -5.72932e-07 0.382979 
0.620707 0.729824 0.107681 0.0 -1.0 0.0 
0.508581 0.785168 0.691668 -0.0 1.0 0.0 
-0.526909 0.285383 0.717368 -0.38238 0.0 0.924005 
-0.0631874 0.00451827 -0.84842 -0.923752 0.0 0.382992 
