ply
format ascii 1.0
comment VCGLIB generated
element vertex 2000
property float x
property float y
property float z
property float nx
property float ny
property float nz
element face 0
property list uchar int vertex_indices
end_header
-0.563147 0.265218 -0.0391765 -0.00324323 -0.999995 -0.0 
-0.606565 0.0935688 -0.192506 -0.707107 -0.0 0.707107 
-0.996078 0.277077 -0.00784313 -0.0 1.0 -0.0 
0.486709 -0.244614 0.072649 0.707111 -0.0 -0.707103 
0.619452 0.277077 0.0620571 0.0 1.0 0.0 
-0.542597 -0.240398 -0.165753 0.707107 0.0 -0.707107 
0.690194 0.261153 -0.415686 -0.00324323 -0.999995 -0.0 
-0.631486 -0.228116 0.217427 -0.707107 0.0 -0.707107 
-0.57916 -0.503981 -0.202317 0.707107 0.0 -0.707107 
-0.142362 0.263853 -0.318859 -0.00324323 -0.999995 -0.0 
0.571922 -0.168991 0.157862 0.707111 0.0 -0.707103 
0.410473 0.277077 -0.416073 -0.0 1.0 -0.0 
0.768625 0.26655 -0.52549 0.0 -1.0 0.0 
-0.580393 0.265274 -0.0705881 -0.00324323 -0.999995 -0.0 
0.138648 0.262942 0.393326 -0.00324323 -0.999995 0.0 
-0.769789 0.265888 -0.417614 -0.00324323 -0.999995 -0.0 
-0.0898082 0.277077 0.516767 0.0 1.0 0.0 
0.623878 0.0194496 0.247035 -0.707104 -0.0 0.70711 
0.511492 0.277077 -0.0577402 0.0 1.0 0.0 
0.47843 -0.361375 -0.101588 -0.707104 0.0 -0.70711 
-0.606276 -0.357825 -0.229433 0.707107 -0.0 -0.707107 
-0.47529 -0.3956 -0.0984461 0.707107 0.0 -0.707107 
0.588233 -0.439806 -0.211391 -0.707104 0.0 -0.70711 
0.0470576 0.263239 -0.337254 -0.00324323 -0.999995 -0.0 
0.455822 0.239293 0.0417617 0.707111 -0.0 -0.707103 
-0.706118 0.277077 0.470232 0.0 1.0 0.0 
0.4549 0.261916 -0.298039 -0.00324323 -0.999995 -0.0 
-0.643138 0.265478 0.0313725 -0.00324323 -0.999995 -0.0 
0.0156851 0.263341 0.133333 -0.00324323 -0.999995 0.0 
-0.420119 -0.509136 0.00605972 -0.707107 0.0 -0.707107 
-0.163406 0.277077 0.407492 0.0 1.0 0.0 
0.537163 0.26165 0.282704 -0.00324323 -0.999995 0.0 
-0.917647 0.266368 0.196078 -0.00324323 -0.999995 -0.0 
-0.403919 -0.517365 -0.0270757 0.707107 0.0 -0.707107 
-0.760784 0.277077 -0.447058 -0.0 1.0 -0.0 
-0.541177 0.277077 0.149019 -0.0 1.0 -0.0 
0.434205 -0.116837 -0.0201438 0.707111 0.0 0.707103 
0.340479 0.277077 0.418227 0.0 1.0 0.0 
0.525488 0.26655 -0.50196 -0.0 -1.0 -0.0 
0.539001 -0.132362 0.124941 0.707111 0.0 -0.707103 
-0.517526 -0.332711 0.103467 -0.707107 0.0 -0.707107 
0.49905 -0.375326 0.0849894 0.707111 0.0 -0.707103 
0.454236 -0.441345 0.0773942 -0.707104 -0.0 0.70711 
0.658821 0.277077 0.219608 0.0 1.0 0.0 
-0.550628 -0.412004 0.136569 -0.707107 0.0 -0.707107 
0.0549007 0.263214 -0.298039 -0.00324323 -0.999995 -0.0 
-0.534717 -0.235881 0.120658 -0.707107 0.0 -0.707107 
0.4549 0.261916 -0.478431 -0.00324323 -0.999995 -0.0 
0.650978 0.26128 -0.305882 -0.00324323 -0.999995 0.0 
0.574871 0.277077 -0.218658 0.0 1.0 0.0 
-0.437588 -0.322159 -0.0235294 -0.707107 0.0 0.707107 
0.596076 0.261458 0.101961 -0.00324323 -0.999995 0.0 
-0.872196 0.277077 -0.239934 -0.0 1.0 -0.0 
0.909801 0.277077 0.0549019 0.0 1.0 0.0 
0.982181 0.277077 -0.290786 0.0 1.0 0.0 
0.501924 -0.150772 0.125082 -0.707104 0.0 0.70711 
-0.590748 -0.113298 0.213905 0.707107 -0.0 0.707107 
0.27927 0.277077 0.220273 0.0 1.0 0.0 
0.516816 0.277077 -0.508939 -0.0 1.0 -0.0 
-0.64 -0.461719 -0.254371 -1.0 0.0 -0.0 
0.336424 0.277077 -0.455996 -0.0 1.0 -0.0 
-0.149021 0.277077 0.431372 0.0 1.0 0.0 
0.737253 0.261001 -0.0784313 -0.00324323 -0.999995 0.0 
-0.201728 0.264046 -0.153316 -0.00324323 -0.999995 -0.0 
0.164704 0.277077 0.509803 0.0 1.0 0.0 
-0.195995 0.264027 0.374146 -0.00324323 -0.999995 0.0 
0.422538 -0.436988 0.0456965 -0.707104 -0.0 0.70711 
0.583534 0.277077 -0.306118 0.0 1.0 0.0 
-0.488619 -0.160694 -0.0745598 -0.707107 0.0 0.707107 
0.139184 0.26294 -0.267898 -0.00324323 -0.999995 -0.0 
0.290194 0.262451 0.305882 -0.00324323 -0.999995 0.0 
-0.560124 -0.349459 -0.183281 0.707107 0.0 -0.707107 
0.551296 -0.0902561 0.174454 -0.707104 -0.0 0.70711 
-0.64 -0.504097 -0.238414 -1.0 0.0 -0.0 
-0.313726 0.277077 0.133333 -0.0 1.0 -0.0 
-0.619608 -0.377061 -0.242765 0.707107 -0.0 -0.707107 
-0.82457 0.26758 -0.526315 0.0 -0.0 -1.0 
0.258822 0.277077 -0.37647 -0.0 1.0 -0.0 
0.58039 0.277077 0.149019 0.0 1.0 0.0 
0.282351 0.277077 0.12549 0.0 1.0 0.0 
0.587544 0.0403614 0.210701 -0.707104 -0.0 0.70711 
0.117646 0.277077 -0.227451 -0.0 1.0 -0.0 
0.454297 0.261918 0.306633 -0.00324323 -0.999995 0.0 
-0.636246 -0.0578087 -0.222187 -0.707107 -0.0 0.707107 
0.606776 0.261424 0.0684516 -0.00324323 -0.999995 0.0 
0.541175 0.277077 -0.117647 0.0 1.0 0.0 
-0.470589 -0.235885 0.0937457 0.707107 0.0 0.707107 
-0.207391 0.264064 0.310622 -0.00324323 -0.999995 0.0 
0.0392144 0.277077 -0.156863 -0.0 1.0 -0.0 
-0.0432902 0.263532 0.0949971 -0.00324323 -0.999995 0.0 
0.56195 -0.529238 0.182301 0.0 -1.0 0.0 
0.0235282 0.277077 -0.00784313 0.0 1.0 0.0 
-0.752941 0.277077 0.478431 0.0 1.0 0.0 
-0.42638 -0.0509671 0.0123208 -0.707107 0.0 -0.707107 
0.95686 0.260288 -0.211764 -0.00324323 -0.999995 0.0 
-0.44789 0.0299516 -0.0338312 -0.707107 0.0 0.707107 
-0.709948 0.277077 -0.5194 -0.0 1.0 -0.0 
-0.604087 -0.084784 -0.190029 -0.707107 -0.0 0.707107 
-0.744883 0.277077 0.243844 -0.0 1.0 -0.0 
0.233171 0.26655 -0.517212 0.0 -1.0 0.0 
0.474155 -0.19076 0.0973134 -0.707104 0.0 0.70711 
0.855765 0.260616 0.307549 -0.00324323 -0.999995 0.0 
-0.0392168 0.263519 0.0313725 -0.00324323 -0.999995 0.0 
0.969649 0.277077 -0.426102 0.0 1.0 0.0 
0.425525 -0.529238 0.0232206 -0.0 -1.0 0.0 
0.976996 0.261029 0.169645 0.233387 -0.972384 -0.0 
-0.31569 0.264416 -0.156204 -0.00324323 -0.999995 -0.0 
-0.555608 -0.171169 0.141549 -0.707107 0.0 -0.707107 
0.999998 0.268771 -0.243387 1.0 0.0 0.0 
0.719802 0.268989 -0.526315 0.0 0.0 -1.0 
-0.421322 -0.0677456 -0.00726287 -0.707107 0.0 0.707107 
0.59851 -0.0865746 0.221667 -0.707104 -0.0 0.70711 
-0.705883 0.265681 -0.470588 -0.00324323 -0.999995 -0.0 
0.593015 0.277077 -0.208039 0.0 1.0 0.0 
-0.497768 -0.157992 0.0837094 -0.707107 0.0 -0.707107 
-0.274511 0.277077 -0.258823 -0.0 1.0 -0.0 
0.699809 0.277077 0.246183 0.0 1.0 0.0 
0.368626 0.277077 0.243137 0.0 1.0 0.0 
0.617352 -0.365883 -0.240509 -0.707104 -0.0 -0.70711 
0.878429 0.277077 -0.0941175 0.0 1.0 0.0 
0.276861 0.262494 0.337825 -0.00324323 -0.999995 0.0 
-0.509804 -0.345688 -0.132961 0.707107 0.0 -0.707107 
0.415718 -0.0218443 -0.00165731 0.707111 0.0 0.707103 
0.635292 -0.463335 -0.258449 -0.707104 -0.0 -0.70711 
-0.133334 0.263824 0.454901 -0.00324323 -0.999995 0.0 
-0.313726 0.277077 0.258823 0.0 1.0 0.0 
-0.635223 0.0263193 -0.25838 0.707107 -0.0 -0.707107 
0.949017 0.277077 -0.172549 0.0 1.0 0.0 
0.481668 0.173071 0.0676077 0.707111 -0.0 -0.707103 
0.433777 -0.248198 0.0197162 0.707111 -0.0 -0.707103 
0.413835 0.262049 0.469762 -0.00324323 -0.999995 0.0 
0.434018 -0.264106 -0.0571767 -0.707104 0.0 -0.70711 
0.492492 -0.353531 0.0784313 0.707111 0.0 -0.707103 
-0.266667 0.264257 0.494117 -0.00324323 -0.999995 0.0 
0.444855 -0.0120215 0.0307934 0.707111 -0.0 -0.707103 
-0.541177 0.277077 -0.50196 -0.0 1.0 -0.0 
-0.526947 -0.196232 -0.112888 -0.707107 -0.0 0.707107 
0.485047 -0.239078 -0.108205 -0.707104 0.0 -0.70711 
0.503842 -0.420974 0.0897816 0.707111 0.0 -0.707103 
-0.619608 0.265401 -0.133333 -0.00324323 -0.999995 -0.0 
-0.491823 -0.416589 -0.114979 0.707107 0.0 -0.707107 
-0.546714 0.257361 -0.169871 0.707107 -0.0 -0.707107 
0.312116 0.277077 0.446176 0.0 1.0 0.0 
-0.611765 -0.2751 -0.234922 0.707107 -0.0 -0.707107 
-0.776046 0.265909 -0.193538 -0.00324323 -0.999995 -0.0 
0.525488 -0.212355 -0.148646 -0.707104 0.0 -0.70711 
-0.847059 0.277077 0.0549019 -0.0 1.0 -0.0 
-0.901961 0.277077 0.0862744 -0.0 1.0 -0.0 
0.297221 0.262428 0.147882 -0.00324323 -0.999995 0.0 
-0.588236 0.0229387 0.211393 0.707107 -0.0 0.707107 
0.759339 0.277077 -0.461803 -0.0 1.0 -0.0 
0.912945 0.277077 -0.496956 -0.0 1.0 -0.0 
-0.632011 -0.401405 -0.217952 -0.707107 -0.0 0.707107 
0.32941 0.277077 -0.454901 -0.0 1.0 -0.0 
0.586608 -0.14961 -0.172549 0.707111 -0.0 0.707103 
0.224596 0.262663 0.487823 -0.00324323 -0.999995 0.0 
-0.454903 -0.243728 0.0780595 0.707107 0.0 0.707107 
-0.641387 0.277077 -0.143241 -0.0 1.0 -0.0 
0.64 0.084725 0.227806 1.0 0.0 0.0 
0.516021 -0.377061 -0.101961 0.707111 -0.0 0.707103 
-1.0 0.270356 -0.489956 -1.0 -0.0 0.0 
-0.593304 0.277077 -0.00833857 -0.0 1.0 -0.0 
-0.529128 -0.313859 0.115069 -0.707107 0.0 -0.707107 
-0.839216 0.277077 0.101961 -0.0 1.0 -0.0 
0.474973 -0.0654428 0.0609129 0.707111 -0.0 -0.707103 
0.64 -0.0745298 0.23429 1.0 0.0 0.0 
-0.433777 -0.00396437 0.0197178 -0.707107 0.0 -0.707107 
0.0235282 0.263315 -0.368627 -0.00324323 -0.999995 -0.0 
0.40852 -0.223986 -0.0316789 -0.707104 0.0 -0.70711 
-0.563078 0.250389 0.149019 -0.707107 0.0 -0.707107 
0.60392 0.277077 -0.517646 -0.0 1.0 -0.0 
-0.485726 -0.278875 -0.108883 0.707107 0.0 -0.707107 
-0.64 -0.226054 -0.254288 -1.0 0.0 0.0 
0.149018 0.277077 0.0156863 0.0 1.0 0.0 
-0.768628 0.277077 -0.462745 -0.0 1.0 -0.0 
-0.705883 0.265681 0.352941 -0.00324323 -0.999995 -0.0 
0.225287 0.262661 -0.00193978 -0.00324323 -0.999995 0.0 
0.501959 -0.529238 -0.109804 -0.0 -1.0 -0.0 
-0.384314 0.234703 -0.00747121 0.707107 0.0 -0.707107 
-0.0518416 0.277077 -0.521559 -0.0 1.0 -0.0 
-0.426514 -0.506433 -0.0496708 0.707107 0.0 -0.707107 
0.63313 0.0539777 0.219071 0.707111 0.0 -0.707103 
0.916008 0.260421 -0.459271 -0.00324323 -0.999995 0.0 
-0.949019 0.277077 0.478431 -0.0 1.0 -0.0 
-0.894118 0.277077 0.101961 -0.0 1.0 -0.0 
0.516784 -0.0458583 -0.102724 0.707111 0.0 0.707103 
0.901958 0.277077 0.494117 0.0 1.0 0.0 
-0.282733 0.277077 0.288292 0.0 1.0 0.0 
0.467413 -0.106374 -0.0533521 0.707111 0.0 0.707103 
0.47159 0.202836 0.0947488 -0.707104 0.0 0.70711 
0.839213 0.26067 0.407843 -0.00324323 -0.999995 0.0 
-0.870588 0.266215 -0.0392156 -0.00324323 -0.999995 -0.0 
0.682351 0.261179 -0.149019 -0.00324323 -0.999995 0.0 
-0.0941187 0.263697 0.00784313 -0.00324323 -0.999995 -0.0 
-0.143399 0.277077 0.0889158 0.0 1.0 0.0 
-0.421902 -0.0633357 0.00784313 -0.707107 0.0 -0.707107 
-0.603922 0.277077 -0.141176 -0.0 1.0 -0.0 
0.35294 0.262247 0.219608 -0.00324323 -0.999995 0.0 
0.95042 0.277077 0.198906 0.0 1.0 0.0 
-0.542059 -0.204965 0.128 -0.707107 0.0 -0.707107 
0.0941163 0.263086 0.211764 -0.00324323 -0.999995 0.0 
-0.504376 -0.523116 -0.0903173 -0.707107 -0.0 0.707107 
-0.403095 0.170787 0.0262517 0.707107 0.0 0.707107 
0.64 -0.11855 0.24558 1.0 0.0 0.0 
-0.552653 0.241468 0.175809 0.707107 0.0 0.707107 
0.190845 0.277077 0.278306 0.0 1.0 0.0 
-0.497978 -0.277276 -0.0839194 -0.707107 -0.0 0.707107 
0.549018 0.261611 0.0549019 -0.00324323 -0.999995 0.0 
-0.612987 -0.233906 -0.236144 0.707107 -0.0 -0.707107 
-0.367184 0.277077 -0.503692 -0.0 1.0 -0.0 
0.243136 0.262603 -0.00784313 -0.00324323 -0.999995 0.0 
-0.180393 0.277077 0.062745 -0.0 1.0 -0.0 
-0.437588 -0.455492 0.0235294 -0.707107 0.0 -0.707107 
0.0941163 0.277077 0.0862744 0.0 1.0 0.0 
0.0627438 0.277077 0.243137 0.0 1.0 0.0 
-0.64 -0.276398 0.244008 -1.0 0.0 -0.0 
-0.934866 0.266424 0.269663 -0.00324323 -0.999995 -0.0 
-0.597092 -0.529238 0.211136 -0.0 -1.0 -0.0 
0.0705869 0.277077 0.384313 0.0 1.0 0.0 
-0.556863 0.277077 0.313725 0.0 1.0 0.0 
0.235293 0.277077 0.368627 0.0 1.0 0.0 
-0.54902 0.265172 -0.25098 -0.00324323 -0.999995 -0.0 
-0.404936 -0.130448 0.0280932 0.707107 0.0 0.707107 
-0.176308 0.277077 -0.470372 -0.0 1.0 -0.0 
-0.827551 0.266076 0.0313725 -0.00324323 -0.999995 -0.0 
-0.988471 0.277077 0.0509964 -0.0 1.0 -0.0 
-0.586664 -0.326702 0.209821 0.707107 -0.0 0.707107 
0.611763 0.277077 -0.290196 0.0 1.0 0.0 
0.447057 0.261942 -0.0313725 -0.00324323 -0.999995 0.0 
-0.486275 0.277077 -0.25098 -0.0 1.0 -0.0 
-0.64 -0.166628 0.237114 -1.0 0.0 0.0 
-0.501961 -0.0398063 -0.125118 0.707107 -0.0 -0.707107 
-0.101962 0.26655 -0.517646 0.0 -1.0 0.0 
0.953328 0.277077 0.0798314 0.0 1.0 0.0 
-0.480485 -0.308593 0.0664257 -0.707107 0.0 -0.707107 
0.494116 0.277077 0.0313725 0.0 1.0 0.0 
-0.827076 0.266074 0.266005 -0.00324323 -0.999995 -0.0 
0.619183 -0.432694 -0.24234 -0.707104 -0.0 -0.70711 
-0.476579 -0.529238 -0.0807641 0.0 -1.0 -0.0 
0.250979 0.262578 0.407843 -0.00324323 -0.999995 0.0 
0.996076 0.265608 -0.0862744 0.233387 -0.972384 0.0 
-0.64 -0.0374471 -0.226035 -1.0 0.0 -0.0 
0.513789 -0.233645 0.0997288 0.707111 0.0 -0.707103 
-0.298 0.264358 0.449923 -0.00324323 -0.999995 0.0 
0.480795 -0.317408 0.103953 -0.707104 -0.0 0.70711 
0.473952 -0.309582 -0.09711 -0.707104 0.0 -0.70711 
-0.37885 0.123439 0.00200617 0.707107 0.0 0.707107 
-0.500804 0.277077 0.39537 0.0 1.0 0.0 
-0.439252 -0.282962 0.0251927 -0.707107 0.0 -0.707107 
-0.0220049 0.277077 -0.432677 -0.0 1.0 -0.0 
0.847056 0.277077 -0.203921 0.0 1.0 0.0 
-0.274511 0.277077 -0.211764 -0.0 1.0 -0.0 
0.101959 0.277077 -0.290196 -0.0 1.0 -0.0 
0.416448 0.262041 0.115757 -0.00324323 -0.999995 0.0 
0.431371 0.195487 0.0545296 -0.707104 0.0 0.70711 
-0.579557 0.159061 0.165498 -0.707107 0.0 -0.707107 
-0.524971 -0.14041 0.148128 0.707107 -0.0 0.707107 
0.46112 0.00725241 -0.0470588 0.707111 0.0 0.707103 
-0.937308 0.266432 -0.288385 -0.00324323 -0.999995 -0.0 
0.64 -0.48869 0.241697 1.0 0.0 0.0 
0.555056 0.261591 -0.49432 -0.00324323 -0.999995 -0.0 
-0.106152 0.263736 0.486285 -0.00324323 -0.999995 0.0 
-0.64 -0.15218 -0.242048 -1.0 0.0 -0.0 
0.20392 0.26273 0.321568 -0.00324323 -0.999995 0.0 
0.542356 -0.298792 -0.165513 -0.707104 0.0 -0.70711 
-0.235295 0.264155 -0.235294 -0.00324323 -0.999995 -0.0 
-0.51602 -0.455492 0.101961 -0.707107 0.0 -0.707107 
0.462743 0.261891 -0.180392 -0.00324323 -0.999995 0.0 
-0.54902 0.277077 0.0 -0.0 1.0 -0.0 
0.588233 0.156272 0.211391 -0.707104 0.0 0.70711 
0.623027 0.219306 -0.246184 -0.707104 -0.0 -0.70711 
-0.436871 -0.320157 0.0228119 -0.707107 0.0 -0.707107 
-0.149021 0.26655 -0.52549 0.0 -1.0 0.0 
-0.462746 -0.463335 0.0859026 0.707107 -0.0 0.707107 
-0.414017 0.264734 -0.213402 -0.00324323 -0.999995 -0.0 
-0.131094 0.263817 0.0218413 -0.00324323 -0.999995 -0.0 
-0.470306 -0.262677 0.0934625 0.707107 -0.0 0.707107 
0.828678 0.277077 0.438835 0.0 1.0 0.0 
-0.447059 0.277077 0.227451 -0.0 1.0 -0.0 
-0.917043 0.277077 0.353142 -0.0 1.0 -0.0 
0.523506 -0.522603 -0.109445 0.707111 -0.0 0.707103 
-0.760784 0.277077 0.52549 0.0 1.0 0.0 
0.384312 -0.471178 -0.00747122 -0.707104 0.0 -0.70711 
-0.582105 -0.174201 0.205262 0.707107 -0.0 0.707107 
0.635292 -0.000590697 -0.258449 -0.707104 -0.0 -0.70711 
-0.627451 0.195487 -0.250608 0.707107 -0.0 -0.707107 
-0.329413 0.277077 -0.196078 -0.0 1.0 -0.0 
0.259528 0.277077 -0.42458 -0.0 1.0 -0.0 
0.313571 0.277077 0.516229 0.0 1.0 0.0 
-0.055808 0.263573 0.276199 -0.00324323 -0.999995 0.0 
-0.970716 0.277077 0.197505 -0.0 1.0 -0.0 
0.564286 -0.34533 0.150226 0.707111 0.0 -0.707103 
0.0904989 0.263098 0.128847 -0.00324323 -0.999995 0.0 
0.274508 0.262501 0.235294 -0.00324323 -0.999995 0.0 
-0.588236 -0.259414 0.211393 0.707107 -0.0 0.707107 
-0.341496 0.264499 0.340438 -0.00324323 -0.999995 0.0 
0.778558 0.260867 -0.487521 -0.00324323 -0.999995 -0.0 
-0.180393 0.263977 -0.368627 -0.00324323 -0.999995 -0.0 
0.998023 0.266076 -0.243137 0.233387 -0.972384 0.0 
0.484649 -0.251571 -0.0705881 0.707111 0.0 0.707103 
-0.531706 -0.0711789 0.117647 -0.707107 0.0 -0.707107 
-0.304644 0.277077 -0.0745226 -0.0 1.0 -0.0 
-0.886275 0.266266 0.470588 -0.00324323 -0.999995 0.0 
-0.464537 -0.0699945 0.0504777 -0.707107 0.0 -0.707107 
-0.550252 -0.476975 0.173409 0.707107 -0.0 0.707107 
-0.622621 -0.503664 0.208562 -0.707107 0.0 -0.707107 
-0.615202 -0.0679356 0.238359 0.707107 -0.0 0.707107 
0.527575 -0.0746535 0.113514 0.707111 -0.0 -0.707103 
-0.484475 0.251926 0.107631 0.707107 0.0 0.707107 
0.917645 0.277077 -0.298039 0.0 1.0 0.0 
-0.180393 0.263977 -0.415686 -0.00324323 -0.999995 -0.0 
-0.0805734 0.263653 0.191598 -0.00324323 -0.999995 0.0 
-0.479667 -0.276278 -0.065608 -0.707107 0.0 0.707107 
0.526869 -0.217627 -0.112809 0.707111 -0.0 0.707103 
0.321567 0.262349 0.478431 -0.00324323 -0.999995 0.0 
-0.620917 0.113084 0.206858 -0.707107 0.0 -0.707107 
0.901958 0.277077 0.478431 0.0 1.0 0.0 
0.909801 0.260441 -0.0705881 -0.00324323 -0.999995 0.0 
0.0784301 0.277077 -0.345098 -0.0 1.0 -0.0 
-0.00752703 0.277077 -0.196426 -0.0 1.0 -0.0 
-0.46386 0.0836247 0.0498007 -0.707107 0.0 -0.707107 
-0.832807 0.266093 -0.406321 -0.00324323 -0.999995 -0.0 
0.52126 0.277077 0.231194 0.0 1.0 0.0 
0.584745 -0.0856734 -0.170685 0.707111 -0.0 0.707103 
-0.935701 0.26655 -0.502141 0.0 -1.0 0.0 
-0.51602 -0.518237 0.101961 -0.707107 0.0 -0.707107 
-0.633666 -0.431963 0.219608 -0.707107 0.0 -0.707107 
-0.64 -0.222892 -0.246771 -1.0 0.0 -0.0 
0.516021 0.187644 -0.101961 0.707111 0.0 0.707103 
-0.688425 0.277077 0.380041 0.0 1.0 0.0 
-0.180393 0.263977 -0.266666 -0.00324323 -0.999995 -0.0 
0.61352 0.0660825 0.199461 0.707111 0.0 -0.707103 
0.525488 0.277077 0.298039 0.0 1.0 0.0 
0.436949 -0.319538 0.0601079 -0.707104 0.0 0.70711 
0.988233 0.277077 -0.384313 0.0 1.0 0.0 
-0.405677 -0.115858 -0.028834 0.707107 0.0 -0.707107 
0.431371 0.261993 0.180392 -0.00324323 -0.999995 0.0 
-0.870588 0.266215 0.423529 -0.00324323 -0.999995 -0.0 
0.839213 0.277077 0.164706 0.0 1.0 0.0 
-0.445226 0.277077 0.149036 -0.0 1.0 -0.0 
0.38807 0.277077 -0.286245 -0.0 1.0 -0.0 
-0.419903 -0.435892 -0.0430599 0.707107 0.0 -0.707107 
0.338861 0.277077 -0.384954 -0.0 1.0 -0.0 
0.253528 0.277077 -0.147959 -0.0 1.0 -0.0 
-0.279968 0.277077 0.309369 0.0 1.0 0.0 
0.839035 0.260671 0.219035 -0.00324323 -0.999995 0.0 
0.735451 0.261006 0.0762279 -0.00324323 -0.999995 0.0 
0.949017 0.260314 -0.447058 -0.00324323 -0.999995 0.0 
0.610137 -0.345688 0.196078 0.707111 0.0 -0.707103 
0.289283 0.277077 0.0575447 0.0 1.0 0.0 
0.453973 0.251044 0.0399125 0.707111 -0.0 -0.707103 
-0.64 0.163894 0.257807 -1.0 0.0 0.0 
-0.980177 0.277077 -0.147135 -0.0 1.0 -0.0 
-0.454903 0.264867 0.188235 -0.00324323 -0.999995 -0.0 
-0.509204 -0.31305 0.132361 0.707107 -0.0 0.707107 
0.486273 0.26655 0.50196 -0.0 -1.0 0.0 
-0.489759 -0.299011 0.112916 0.707107 -0.0 0.707107 
-0.972549 0.266546 -0.282353 -0.00324323 -0.999995 -0.0 
-0.755142 0.265841 0.00488094 -0.00324323 -0.999995 -0.0 
-0.482316 -0.375404 0.0682567 -0.707107 0.0 -0.707107 
-0.776471 0.277077 -0.462745 -0.0 1.0 -0.0 
-0.143527 0.263857 -0.089791 -0.00324323 -0.999995 -0.0 
0.0458187 0.277077 -0.113236 -0.0 1.0 -0.0 
-0.030442 0.277077 -0.137085 -0.0 1.0 -0.0 
-0.630683 -0.425855 0.25384 0.707107 -0.0 0.707107 
0.528148 -0.077766 -0.151306 -0.707104 -0.0 -0.70711 
-0.321569 0.264435 0.0862744 -0.00324323 -0.999995 -0.0 
-0.368628 0.277077 0.305882 0.0 1.0 0.0 
0.437666 -0.179335 0.0608242 -0.707104 0.0 0.70711 
0.59709 0.277077 0.211136 0.0 1.0 0.0 
-0.786523 0.265943 0.337543 -0.00324323 -0.999995 -0.0 
-0.352942 0.264536 -0.203921 -0.00324323 -0.999995 -0.0 
0.847056 0.277077 -0.062745 0.0 1.0 0.0 
-0.595181 -0.428329 -0.218337 0.707107 0.0 -0.707107 
-0.638847 0.277077 0.0630613 -0.0 1.0 -0.0 
0.259528 0.277077 -0.42458 -0.0 1.0 -0.0 
-0.525491 0.277077 -0.227451 -0.0 1.0 -0.0 
-0.00784432 0.277077 -0.313725 -0.0 1.0 -0.0 
0.592888 -0.363931 -0.178829 0.707111 -0.0 0.707103 
-0.442053 0.277077 -0.177469 -0.0 1.0 -0.0 
0.25191 0.277077 0.282151 0.0 1.0 0.0 
-0.635294 -0.0319632 0.258451 0.707107 -0.0 0.707107 
-0.476871 0.264938 -0.400577 -0.00324323 -0.999995 -0.0 
-0.818092 0.277077 -0.441063 -0.0 1.0 -0.0 
0.586343 -0.284196 0.209501 -0.707104 -0.0 0.70711 
0.368626 0.277077 0.486274 0.0 1.0 0.0 
-0.581147 -0.205479 0.204303 0.707107 -0.0 0.707107 
-0.603922 0.26535 -0.298039 -0.00324323 -0.999995 -0.0 
-0.862745 0.277077 -0.439215 -0.0 1.0 -0.0 
-0.60254 0.277077 0.273903 -0.0 1.0 -0.0 
-0.622712 -0.141309 0.208653 -0.707107 0.0 -0.707107 
0.2429 0.277077 0.0376244 0.0 1.0 0.0 
0.463142 0.277077 -0.353302 -0.0 1.0 -0.0 
0.728969 0.277077 -0.409999 -0.0 1.0 -0.0 
0.369619 0.277077 -0.337258 -0.0 1.0 -0.0 
0.384312 0.262145 -0.399999 -0.00324323 -0.999995 -0.0 
0.999998 0.273353 0.445171 1.0 -0.0 0.0 
-0.517907 -0.199231 -0.103848 -0.707107 -0.0 0.707107 
-0.438624 -0.0744889 0.0617807 0.707107 0.0 0.707107 
-0.767656 0.265881 -0.0876505 -0.00324323 -0.999995 -0.0 
0.588233 -0.0554926 -0.211391 -0.707104 -0.0 -0.70711 
0.320949 0.262351 -0.353556 -0.00324323 -0.999995 -0.0 
-0.616157 0.277077 0.342219 0.0 1.0 0.0 
-0.901438 0.277077 0.429614 -0.0 1.0 -0.0 
-0.407844 -0.408433 -0.0310007 0.707107 0.0 -0.707107 
-0.467759 -0.307242 0.0909157 0.707107 -0.0 0.707107 
0.619606 0.261382 -0.0862744 -0.00324323 -0.999995 0.0 
0.666665 0.277077 -0.00784313 0.0 1.0 0.0 
-0.350802 0.277077 -0.208314 -0.0 1.0 -0.0 
0.996076 0.277077 0.243137 0.0 1.0 0.0 
0.399998 0.277077 0.494117 0.0 1.0 0.0 
0.594368 0.261464 -0.426732 -0.00324323 -0.999995 -0.0 
0.662123 0.261244 0.444837 -0.00324323 -0.999995 0.0 
-0.650981 0.265503 -0.392156 -0.00324323 -0.999995 -0.0 
0.304273 0.277077 0.441632 0.0 1.0 0.0 
-0.282354 0.264307 -0.164706 -0.00324323 -0.999995 -0.0 
0.4549 0.277077 0.180392 0.0 1.0 0.0 
-0.244439 0.277077 0.170429 0.0 1.0 0.0 
0.422869 -0.234788 0.046028 -0.707104 0.0 0.70711 
-0.550034 0.277077 0.141264 -0.0 1.0 -0.0 
0.250979 0.277077 -0.321568 -0.0 1.0 -0.0 
-0.828699 0.266079 0.461504 -0.00324323 -0.999995 0.0 
-0.971557 0.266543 0.326386 -0.00324323 -0.999995 -0.0 
0.931662 0.277077 -0.295773 0.0 1.0 0.0 
-0.470589 -0.529238 0.0705881 -0.0 -1.0 0.0 
-0.28736 0.277077 0.358125 0.0 1.0 0.0 
-0.434067 -0.0978078 0.0572238 0.707107 0.0 0.707107 
0.30553 0.262401 0.418724 -0.00324323 -0.999995 0.0 
0.46799 0.177855 0.0911482 -0.707104 0.0 0.70711 
-0.182125 0.263982 -0.100716 -0.00324323 -0.999995 -0.0 
0.0313713 0.277077 0.258823 0.0 1.0 0.0 
-0.593925 -0.074714 -0.179866 -0.707107 -0.0 0.707107 
0.538016 -0.343552 0.161174 -0.707104 -0.0 0.70711 
0.348342 0.277077 -0.414958 -0.0 1.0 -0.0 
0.523817 -0.342315 0.146975 -0.707104 -0.0 0.70711 
0.172548 0.277077 0.141176 0.0 1.0 0.0 
-0.788397 0.265949 -0.34146 -0.00324323 -0.999995 -0.0 
0.636472 0.171129 -0.259629 -0.707104 -0.0 -0.70711 
-0.596079 0.277077 -0.235294 -0.0 1.0 -0.0 
-0.479056 0.277077 0.286133 0.0 1.0 0.0 
0.494015 -0.353357 0.0799551 0.707111 0.0 -0.707103 
-0.0392068 0.277077 -0.290147 -0.0 1.0 -0.0 
0.413749 -0.449098 -0.0369079 -0.707104 0.0 -0.70711 
-0.478432 -0.52608 0.101589 0.707107 -0.0 0.707107 
-0.450724 -0.374964 0.0366651 -0.707107 0.0 -0.707107 
-0.99411 0.269693 -0.526315 0.0 -0.0 -1.0 
0.751782 0.277077 0.24997 0.0 1.0 0.0 
-0.470589 0.264918 0.12549 -0.00324323 -0.999995 -0.0 
0.463655 0.277077 -0.493423 -0.0 1.0 -0.0 
-0.243138 0.26418 0.486274 -0.00324323 -0.999995 0.0 
0.925488 0.26039 -0.321568 -0.00324323 -0.999995 0.0 
-0.301573 0.277077 -0.0261468 -0.0 1.0 -0.0 
-0.486275 0.264969 0.109804 -0.00324323 -0.999995 -0.0 
-0.563678 -0.163696 -0.149619 -0.707107 -0.0 0.707107 
0.775604 0.260876 -0.0400424 -0.00324323 -0.999995 0.0 
0.630142 0.277077 0.209575 0.0 1.0 0.0 
0.60392 -0.377061 0.227077 -0.707104 -0.0 0.70711 
-0.827044 0.26655 -0.505546 -0.0 -1.0 -0.0 
0.282351 0.262476 0.431372 -0.00324323 -0.999995 0.0 
-0.438448 0.161106 0.061605 0.707107 0.0 0.707107 
-0.933333 0.277077 -0.423529 -0.0 1.0 -0.0 
0.635292 0.277077 0.0313725 0.0 1.0 0.0 
-0.495596 -0.351573 -0.0815368 -0.707107 -0.0 0.707107 
0.00784193 0.263366 0.352941 -0.00324323 -0.999995 0.0 
-0.376471 0.264613 -0.384313 -0.00324323 -0.999995 -0.0 
0.589389 -0.479488 0.17533 0.707111 0.0 -0.707103 
0.623559 -0.314117 0.246715 -0.707104 -0.0 0.70711 
-0.368628 0.277077 -0.321568 -0.0 1.0 -0.0 
-0.49249 -0.282943 -0.0784313 -0.707107 -0.0 0.707107 
-0.468216 -0.302253 -0.0541567 -0.707107 0.0 0.707107 
-0.734438 0.265774 0.415638 -0.00324323 -0.999995 0.0 
-0.884278 0.277077 -0.0510541 -0.0 1.0 -0.0 
-0.537032 -0.227698 -0.122973 -0.707107 -0.0 0.707107 
0.533331 -0.180983 -0.156489 -0.707104 -0.0 -0.70711 
-0.941176 0.277077 0.447058 -0.0 1.0 -0.0 
-0.421902 -0.0947082 0.00784313 -0.707107 0.0 -0.707107 
-0.407266 -0.485207 0.0304229 0.707107 -0.0 0.707107 
-0.0049259 0.277077 0.522302 0.0 1.0 0.0 
0.605168 0.212594 0.191109 0.707111 -0.0 -0.707103 
0.616719 0.221981 -0.20266 0.707111 0.0 0.707103 
-0.418629 -0.48695 0.0417859 0.707107 -0.0 0.707107 
-0.666667 0.277077 0.243137 -0.0 1.0 -0.0 
0.603651 -0.0227753 0.189592 0.707111 0.0 -0.707103 
-0.588236 0.277077 -0.180392 -0.0 1.0 -0.0 
-0.778468 0.277077 -0.500824 -0.0 1.0 -0.0 
-0.00437325 0.277077 -0.157321 -0.0 1.0 -0.0 
-0.999981 0.26655 -0.0688821 0.0 -1.0 0.0 
0.0156851 0.277077 -0.37647 -0.0 1.0 -0.0 
0.205753 0.277077 -0.484061 -0.0 1.0 -0.0 
0.315606 0.262368 0.0119319 -0.00324323 -0.999995 0.0 
0.64 -0.0554926 -0.235294 1.0 0.0 -0.0 
-0.847059 0.277077 -0.399999 -0.0 1.0 -0.0 
0.988233 0.263726 0.243137 0.233387 -0.972384 0.0 
0.617527 0.277077 0.467796 0.0 1.0 0.0 
-0.0313737 0.263493 0.164706 -0.00324323 -0.999995 0.0 
0.635843 0.261329 -0.184555 -0.00324323 -0.999995 0.0 
-0.421902 0.124899 0.00784313 -0.707107 0.0 -0.707107 
-0.14086 0.277077 -0.394398 -0.0 1.0 -0.0 
0.471293 -0.120504 0.0572326 0.707111 -0.0 -0.707103 
0.337253 0.277077 0.313725 0.0 1.0 0.0 
0.303639 0.277077 -0.517428 -0.0 1.0 -0.0 
-0.313726 0.277077 -0.258823 -0.0 1.0 -0.0 
-0.643138 0.277077 -0.352941 -0.0 1.0 -0.0 
-0.588184 0.125374 0.21134 0.707107 0.0 0.707107 
0.578765 0.140586 -0.164706 0.707111 0.0 0.707103 
0.525458 0.261687 -0.0681908 -0.00324323 -0.999995 0.0 
-0.164707 0.263926 -0.0705881 -0.00324323 -0.999995 -0.0 
0.439214 0.277077 -0.172549 0.0 1.0 0.0 
0.805086 0.277077 -0.0384963 0.0 1.0 0.0 
-0.321569 0.264435 -0.0470588 -0.00324323 -0.999995 -0.0 
-0.447059 0.277077 0.235294 -0.0 1.0 -0.0 
0.439214 -0.408433 -0.0623726 -0.707104 0.0 -0.70711 
0.594451 -0.322159 -0.180392 0.707111 -0.0 0.707103 
-0.00660545 0.263413 0.0950688 -0.00324323 -0.999995 0.0 
0.0636553 0.277077 -0.466499 -0.0 1.0 -0.0 
-0.49249 -0.0554926 0.0784313 -0.707107 0.0 -0.707107 
-0.125491 0.277077 0.117647 0.0 1.0 0.0 
-0.485839 -0.0206383 0.108996 0.707107 0.0 0.707107 
-0.290197 0.264333 0.360784 -0.00324323 -0.999995 0.0 
-0.442053 0.277077 -0.177469 -0.0 1.0 -0.0 
-0.385719 0.264643 0.198844 -0.00324323 -0.999995 0.0 
-0.488801 -0.0806702 0.111958 0.707107 0.0 0.707107 
-0.37885 -0.375601 0.00200617 0.707107 0.0 0.707107 
0.429022 -0.240238 0.0521811 -0.707104 0.0 0.70711 
-0.572549 0.277077 0.52549 0.0 1.0 0.0 
0.47843 -0.345688 -0.101588 -0.707104 0.0 -0.70711 
0.344165 0.277077 -0.144102 0.0 1.0 0.0 
0.638335 -0.124203 -0.261491 -0.707104 -0.0 -0.70711 
0.502331 -0.227506 -0.125489 -0.707104 0.0 -0.70711 
-0.442865 0.164686 0.0660221 0.707107 0.0 0.707107 
0.384037 0.0172467 -0.00719591 -0.707104 0.0 -0.70711 
-0.320645 0.264432 0.165154 -0.00324323 -0.999995 0.0 
0.95686 0.277077 -0.345098 0.0 1.0 0.0 
-0.431373 -0.408433 0.05453 0.707107 -0.0 0.707107 
0.4549 -0.306473 -0.0780587 -0.707104 0.0 -0.70711 
0.64 -0.392525 0.252312 1.0 0.0 0.0 
-0.611765 -0.361375 0.234922 0.707107 -0.0 0.707107 
0.64 -0.305704 -0.228283 1.0 0.0 -0.0 
-0.194533 0.277077 -0.287361 -0.0 1.0 -0.0 
-0.491233 -0.429867 -0.077174 -0.707107 -0.0 0.707107 
0.482904 0.277077 -0.318513 -0.0 1.0 -0.0 
0.470586 -0.079022 -0.0937447 -0.707104 0.0 -0.70711 
0.64 0.0195548 0.233506 1.0 0.0 0.0 
-0.807854 0.277077 0.38325 -0.0 1.0 -0.0 
-0.507149 -0.490882 -0.130306 0.707107 0.0 -0.707107 
-0.0235306 0.263468 0.454901 -0.00324323 -0.999995 0.0 
0.894115 0.260492 -0.196078 -0.00324323 -0.999995 0.0 
0.42629 -0.443778 0.0122283 0.707111 -0.0 -0.707103 
0.843586 0.260656 -0.195528 -0.00324323 -0.999995 0.0 
-0.463823 0.24075 0.0497644 -0.707107 0.0 -0.707107 
0.525101 -0.250234 -0.111041 0.707111 -0.0 0.707103 
0.541185 0.277077 0.228762 0.0 1.0 0.0 
0.164704 0.262857 -0.266666 -0.00324323 -0.999995 -0.0 
-0.752112 0.277077 0.161212 -0.0 1.0 -0.0 
-0.547392 -0.463335 -0.133333 -0.707107 -0.0 0.707107 
0.557167 0.261585 0.468506 -0.00324323 -0.999995 0.0 
-0.478432 0.277077 0.431372 0.0 1.0 0.0 
-0.48569 -0.130412 -0.108846 0.707107 0.0 -0.707107 
-0.500561 -0.373953 0.123718 0.707107 -0.0 0.707107 
0.598744 -0.302801 0.184685 0.707111 0.0 -0.707103 
0.32941 0.277077 -0.141176 0.0 1.0 0.0 
0.564704 0.0935268 0.187861 -0.707104 0.0 0.70711 
-0.62852 0.26543 -0.0200386 -0.00324323 -0.999995 -0.0 
0.904283 0.277077 0.27045 0.0 1.0 0.0 
0.000930463 0.277077 -0.0905028 -0.0 1.0 -0.0 
-0.605974 -0.511312 0.191915 -0.707107 0.0 -0.707107 
-0.51602 -0.290786 -0.101961 -0.707107 -0.0 0.707107 
-0.887106 0.266269 -0.0260612 -0.00324323 -0.999995 -0.0 
0.611763 0.277077 -0.439215 -0.0 1.0 -0.0 
0.39035 0.152844 -0.0135085 -0.707104 0.0 -0.70711 
-0.52409 -0.0775721 0.147247 0.707107 0.0 0.707107 
0.741113 0.277077 -0.262289 0.0 1.0 0.0 
0.508239 -0.30574 0.131397 -0.707104 -0.0 0.70711 
-0.49249 -0.079022 -0.0784313 -0.707107 0.0 0.707107 
-0.559018 -0.48311 -0.182175 0.707107 0.0 -0.707107 
-0.710746 0.277077 -0.226988 -0.0 1.0 -0.0 
-0.57769 0.249374 0.163631 -0.707107 0.0 -0.707107 
-0.938523 0.266436 0.410522 -0.00324323 -0.999995 -0.0 
-0.445431 0.203331 -0.0313725 -0.707107 0.0 0.707107 
-0.608711 -0.473095 -0.231868 0.707107 0.0 -0.707107 
0.677958 0.277077 -0.407504 -0.0 1.0 -0.0 
-0.901961 0.277077 0.305882 -0.0 1.0 -0.0 
-0.279336 0.264298 -0.326609 -0.00324323 -0.999995 -0.0 
-0.66336 0.277077 -0.11984 -0.0 1.0 -0.0 
-0.635294 0.277077 0.0156863 -0.0 1.0 -0.0 
0.718587 0.277077 -0.215342 0.0 1.0 0.0 
-0.580393 0.265274 -0.219608 -0.00324323 -0.999995 -0.0 
-0.0747366 0.277077 0.217293 0.0 1.0 0.0 
-0.485365 -0.386542 0.108522 0.707107 -0.0 0.707107 
-0.452449 -0.122549 -0.03839 -0.707107 0.0 0.707107 
0.476806 -0.00843384 -0.062745 0.707111 0.0 0.707103 
0.503449 -0.0200065 -0.0893883 0.707111 0.0 0.707103 
0.529133 -0.313862 0.115073 0.707111 0.0 -0.707103 
-0.520791 0.1688 -0.106732 -0.707107 0.0 0.707107 
0.754403 0.277077 0.211804 0.0 1.0 0.0 
-0.661066 0.277077 0.0414564 -0.0 1.0 -0.0 
0.445811 -0.0966391 -0.0317497 0.707111 0.0 0.707103 
-0.776471 0.26591 0.25098 -0.00324323 -0.999995 -0.0 
0.468963 0.148429 0.0549019 0.707111 -0.0 -0.707103 
0.816851 0.260742 0.271663 -0.00324323 -0.999995 0.0 
0.576725 -0.395496 -0.162665 0.707111 -0.0 0.707103 
-0.64 -0.219853 0.259033 -1.0 0.0 -0.0 
-0.494118 0.148429 0.117275 0.707107 0.0 0.707107 
0.71867 0.261061 -0.41196 -0.00324323 -0.999995 -0.0 
0.572805 -0.462984 -0.158745 0.707111 -0.0 0.707103 
0.376469 0.277077 0.164706 0.0 1.0 0.0 
0.000848648 0.277077 0.49291 0.0 1.0 0.0 
-0.658824 0.265528 0.470588 -0.00324323 -0.999995 0.0 
-0.321569 0.264435 -0.384313 -0.00324323 -0.999995 -0.0 
-0.31157 0.264402 -0.457303 -0.00324323 -0.999995 -0.0 
-0.457401 -0.229635 -0.0805581 0.707107 0.0 -0.707107 
-0.548522 -0.330607 -0.171679 0.707107 0.0 -0.707107 
-0.200472 0.277077 0.135747 0.0 1.0 0.0 
0.575931 -0.131689 0.161871 0.707111 0.0 -0.707103 
0.792155 0.260823 0.423529 -0.00324323 -0.999995 0.0 
-0.475494 -0.161569 -0.0614354 -0.707107 0.0 0.707107 
-0.133334 0.277077 -0.203921 -0.0 1.0 -0.0 
-0.622854 0.277077 -0.424167 -0.0 1.0 -0.0 
0.501533 -0.175482 0.0874731 0.707111 -0.0 -0.707103 
-0.57255 -0.29863 0.195706 0.707107 -0.0 0.707107 
-0.633753 -0.276035 0.219694 -0.707107 0.0 -0.707107 
-0.696514 0.277077 0.0853338 -0.0 1.0 -0.0 
0.282351 0.277077 0.0784313 0.0 1.0 0.0 
-0.436749 0.277077 -0.506952 -0.0 1.0 -0.0 
0.432304 -0.0294488 0.0554622 -0.707104 0.0 0.70711 
-0.360785 0.277077 0.37647 0.0 1.0 0.0 
-0.182328 0.277077 -0.282575 -0.0 1.0 -0.0 
-0.564706 0.277077 -0.203921 -0.0 1.0 -0.0 
0.133332 0.277077 -0.0549019 0.0 1.0 0.0 
0.62343 0.267708 -0.526315 0.0 0.0 -1.0 
-0.503316 -0.193244 0.0892571 -0.707107 0.0 -0.707107 
-0.41922 0.277077 0.325928 0.0 1.0 0.0 
-0.622694 -0.189415 0.208635 -0.707107 0.0 -0.707107 
0.501959 0.261764 -0.298039 -0.00324323 -0.999995 -0.0 
-0.0481001 0.263548 -0.364726 -0.00324323 -0.999995 -0.0 
0.527205 0.185794 0.150363 -0.707104 0.0 0.70711 
0.0442011 0.277077 -0.460955 -0.0 1.0 -0.0 
0.457449 0.277077 -0.0298209 0.0 1.0 0.0 
0.60917 0.261416 -0.481954 -0.00324323 -0.999995 -0.0 
0.457142 0.277077 0.190074 0.0 1.0 0.0 
0.658821 0.277077 0.345098 0.0 1.0 0.0 
0.83137 0.277077 0.133333 0.0 1.0 0.0 
-0.728198 0.26886 -0.526315 0.0 -0.0 -1.0 
-0.543517 0.172286 -0.129458 -0.707107 0.0 0.707107 
-0.481737 -0.0840118 -0.0676782 -0.707107 0.0 0.707107 
0.83137 0.260695 0.133333 -0.00324323 -0.999995 0.0 
0.472636 -0.139926 0.0957938 -0.707104 0.0 0.70711 
-0.501961 0.277077 0.117647 -0.0 1.0 -0.0 
0.47843 0.26184 -0.431372 -0.00324323 -0.999995 -0.0 
0.345096 0.277077 0.164706 0.0 1.0 0.0 
-0.646824 0.265489 -0.467502 -0.00324323 -0.999995 -0.0 
-0.599258 -0.390632 0.185199 -0.707107 0.0 -0.707107 
0.559291 -0.108176 0.145232 0.707111 0.0 -0.707103 
-0.124309 0.263795 0.469319 -0.00324323 -0.999995 0.0 
-0.807843 0.277077 -0.298039 -0.0 1.0 -0.0 
0.538413 -0.112815 0.161571 -0.707104 -0.0 0.70711 
-0.868121 0.277077 -0.214231 -0.0 1.0 -0.0 
-0.54902 0.265172 -0.188235 -0.00324323 -0.999995 -0.0 
-0.548733 -0.426142 0.171889 0.707107 -0.0 0.707107 
0.629767 -0.393896 -0.252924 -0.707104 -0.0 -0.70711 
0.64 -0.420247 0.262599 1.0 0.0 0.0 
0.500167 0.114402 0.0861071 0.707111 -0.0 -0.707103 
0.847056 0.260644 -0.196078 -0.00324323 -0.999995 0.0 
-0.282354 0.264307 0.188235 -0.00324323 -0.999995 0.0 
0.474716 -0.138088 0.0978747 -0.707104 0.0 0.70711 
0.376469 0.277077 0.203921 0.0 1.0 0.0 
-0.968378 0.266532 0.44128 -0.00324323 -0.999995 -0.0 
-0.0818831 0.277077 -0.0621769 -0.0 1.0 -0.0 
0.219606 0.277077 -0.227451 -0.0 1.0 -0.0 
0.423528 0.277077 0.345098 0.0 1.0 0.0 
-0.956863 0.277077 -0.399999 -0.0 1.0 -0.0 
0.98039 0.277077 -0.258823 0.0 1.0 0.0 
0.306874 0.277077 0.18094 0.0 1.0 0.0 
0.447057 0.261942 -0.141176 -0.00324323 -0.999995 0.0 
0.974338 0.277077 -0.302432 0.0 1.0 0.0 
-0.627451 -0.204512 -0.250608 0.707107 -0.0 -0.707107 
-0.67451 0.26655 -0.52549 0.0 -1.0 0.0 
-0.517648 0.187644 -0.140804 0.707107 -0.0 -0.707107 
-0.29804 0.277077 -0.486274 -0.0 1.0 -0.0 
0.988233 0.277077 0.274509 0.0 1.0 0.0 
0.393437 0.26655 -0.5111 -0.0 -1.0 -0.0 
0.671426 0.277077 -0.00691557 0.0 1.0 0.0 
-0.588236 0.277077 0.0156863 -0.0 1.0 -0.0 
-0.513062 -0.4245 -0.0990026 -0.707107 -0.0 0.707107 
-0.486275 -0.204512 -0.109432 0.707107 0.0 -0.707107 
0.679678 0.277077 -0.22643 0.0 1.0 0.0 
-0.639135 -0.289668 -0.225076 -0.707107 -0.0 0.707107 
0.527048 -0.299721 -0.112988 0.707111 -0.0 0.707103 
0.0784301 0.277077 0.0862744 0.0 1.0 0.0 
-0.870588 0.277077 -0.415686 -0.0 1.0 -0.0 
-0.894118 0.266291 0.219608 -0.00324323 -0.999995 -0.0 
0.48728 -0.131503 0.110438 -0.707104 0.0 0.70711 
0.466314 0.120331 0.0522528 0.707111 -0.0 -0.707103 
-0.407844 0.277077 -0.235294 -0.0 1.0 -0.0 
-0.435827 0.277077 -0.365536 -0.0 1.0 -0.0 
-0.395997 0.264676 0.149146 -0.00324323 -0.999995 -0.0 
-0.894046 0.277077 0.23788 -0.0 1.0 -0.0 
0.949017 0.277077 0.0784313 0.0 1.0 0.0 
0.445433 0.0543112 0.0313725 0.707111 -0.0 -0.707103 
0.474233 0.100297 0.0973909 -0.707104 0.0 0.70711 
0.63626 -0.175107 0.222201 0.707111 0.0 -0.707103 
-0.266667 0.264257 -0.0784313 -0.00324323 -0.999995 -0.0 
-0.64 -0.357377 0.253182 -1.0 0.0 -0.0 
0.596076 0.261458 -0.305882 -0.00324323 -0.999995 0.0 
-0.415687 0.00725242 -0.0388438 0.707107 0.0 -0.707107 
-0.524641 0.277077 0.334878 0.0 1.0 0.0 
0.96625 0.277077 0.48079 0.0 1.0 0.0 
0.999998 0.271041 0.442071 1.0 -0.0 0.0 
0.412413 -0.256085 -0.0355721 -0.707104 0.0 -0.70711 
-0.376471 0.264613 -0.258823 -0.00324323 -0.999995 -0.0 
-0.433284 -0.229679 -0.0564408 0.707107 0.0 -0.707107 
0.415685 0.277077 -0.290196 -0.0 1.0 -0.0 
0.582669 -0.260699 0.16861 0.707111 0.0 -0.707103 
0.577683 -0.267977 -0.163623 0.707111 -0.0 0.707103 
-0.498298 -0.319782 -0.0842388 -0.707107 -0.0 0.707107 
-0.453275 -0.345688 0.0392156 -0.707107 0.0 -0.707107 
0.00570183 0.277077 -0.40824 -0.0 1.0 -0.0 
0.34224 0.277077 -0.446425 -0.0 1.0 -0.0 
-0.634445 0.277077 -0.450369 -0.0 1.0 -0.0 
0.635292 0.261331 0.345098 -0.00324323 -0.999995 0.0 
0.44277 0.105765 -0.0287095 0.707111 0.0 0.707103 
-0.64 -0.494708 -0.258823 -1.0 0.0 -0.0 
0.589279 -0.467538 -0.175219 0.707111 -0.0 0.707103 
-0.415687 -0.52608 0.0388438 0.707107 -0.0 0.707107 
0.64 -0.188826 -0.243137 1.0 0.0 -0.0 
0.433733 0.0152719 0.0196721 0.707111 -0.0 -0.707103 
0.894115 0.277077 0.235294 0.0 1.0 0.0 
0.0392144 0.277077 0.101961 0.0 1.0 0.0 
0.132031 0.277077 0.38853 0.0 1.0 0.0 
0.64 0.113672 0.255488 1.0 0.0 0.0 
-0.500333 -0.369218 0.0862744 -0.707107 0.0 -0.707107 
-0.634731 -0.460565 -0.220672 -0.707107 -0.0 0.707107 
-0.67622 0.277077 -0.161545 -0.0 1.0 -0.0 
-0.373615 0.277077 -0.4646 -0.0 1.0 -0.0 
0.470874 -0.0438761 0.0940322 -0.707104 0.0 0.70711 
-0.438359 0.144112 -0.0615159 0.707107 -0.0 -0.707107 
0.150953 0.277077 -0.30075 -0.0 1.0 -0.0 
-0.424767 0.230671 -0.0107083 -0.707107 0.0 0.707107 
0.136189 0.277077 -0.169255 -0.0 1.0 -0.0 
0.578105 0.26655 0.495233 -0.0 -1.0 0.0 
-0.484 -0.185737 0.0699414 -0.707107 0.0 -0.707107 
0.847056 0.277077 0.266666 0.0 1.0 0.0 
0.418376 -0.488693 0.0415346 -0.707104 -0.0 0.70711 
0.569743 0.0122303 0.155683 0.707111 0.0 -0.707103 
-0.831032 0.266087 -0.37534 -0.00324323 -0.999995 -0.0 
0.480392 -0.21324 0.103551 -0.707104 0.0 0.70711 
-0.807843 0.266012 0.141176 -0.00324323 -0.999995 -0.0 
0.447374 0.277077 0.479009 0.0 1.0 0.0 
0.436762 0.151217 0.0227013 0.707111 -0.0 -0.707103 
0.579232 -0.18973 -0.202389 -0.707104 -0.0 -0.70711 
-0.561615 -0.475233 0.184772 0.707107 -0.0 0.707107 
-0.637875 -0.480557 0.261032 0.707107 -0.0 0.707107 
-0.576229 -0.383283 -0.199386 0.707107 0.0 -0.707107 
-0.364679 0.264574 0.14957 -0.00324323 -0.999995 -0.0 
-0.435267 -0.0894808 0.058424 0.707107 0.0 0.707107 
-0.618635 -0.14855 -0.241791 0.707107 -0.0 -0.707107 
-0.0910573 0.277077 -0.49884 -0.0 1.0 -0.0 
0.448443 -0.497652 -0.0343817 0.707111 -0.0 0.707103 
-0.885806 0.266265 -0.4221 -0.00324323 -0.999995 -0.0 
-0.483543 0.269284 0.526315 -0.0 -0.0 1.0 
-0.420814 -0.0873799 0.00675489 -0.707107 0.0 -0.707107 
0.95686 0.277077 -0.399999 0.0 1.0 0.0 
0.792155 0.260823 -0.235294 -0.00324323 -0.999995 0.0 
-0.622609 0.277077 0.174082 -0.0 1.0 -0.0 
-0.815686 0.266037 -0.486274 -0.00324323 -0.999995 -0.0 
-0.588236 0.277077 -0.211764 -0.0 1.0 -0.0 
0.561675 0.0238556 -0.147615 0.707111 0.0 0.707103 
-0.563078 -0.471178 -0.149019 -0.707107 -0.0 0.707107 
0.0470576 0.277077 0.494117 0.0 1.0 0.0 
-0.470589 0.264918 0.392156 -0.00324323 -0.999995 0.0 
0.639937 -0.0937903 -0.225878 0.707111 -0.0 0.707103 
-0.578847 -0.529238 -0.186694 -0.0 -1.0 -0.0 
0.034822 0.277077 -0.213616 -0.0 1.0 -0.0 
0.64 -0.22469 0.26246 1.0 0.0 0.0 
-0.586965 -0.00829317 -0.172907 -0.707107 -0.0 0.707107 
0.507256 -0.232654 -0.130414 -0.707104 0.0 -0.70711 
0.634302 -0.144868 -0.220243 0.707111 -0.0 0.707103 
-0.917647 0.277077 -0.282353 -0.0 1.0 -0.0 
-0.40724 0.277077 0.0577965 -0.0 1.0 -0.0 
-0.536791 -0.0671843 -0.159948 0.707107 -0.0 -0.707107 
-0.0602788 0.277077 0.0520282 0.0 1.0 0.0 
-0.570935 0.0251416 -0.156876 -0.707107 0.0 0.707107 
0.678982 0.277077 -0.204918 0.0 1.0 0.0 
0.457811 -0.17299 -0.0437506 0.707111 0.0 0.707103 
-0.423376 -0.522047 0.00931753 -0.707107 0.0 -0.707107 
-0.440388 -0.238495 0.0635442 0.707107 0.0 0.707107 
0.970775 0.277077 0.216465 0.0 1.0 0.0 
-0.250981 0.264206 -0.321568 -0.00324323 -0.999995 -0.0 
0.570922 0.258232 0.156863 0.707111 -0.0 -0.707103 
0.70588 0.261102 -0.352941 -0.00324323 -0.999995 0.0 
0.625147 -0.226121 0.211088 0.707111 0.0 -0.707103 
0.795155 0.277077 -0.0821178 0.0 1.0 0.0 
-0.345099 0.264511 0.00784313 -0.00324323 -0.999995 -0.0 
0.407841 0.262069 -0.274509 -0.00324323 -0.999995 -0.0 
0.61904 -0.361733 0.242197 -0.707104 -0.0 0.70711 
-0.592301 0.277077 -0.451244 -0.0 1.0 -0.0 
-0.623448 0.277077 0.160929 -0.0 1.0 -0.0 
0.66266 0.261242 -0.23237 -0.00324323 -0.999995 0.0 
-0.956863 0.277077 0.0784313 -0.0 1.0 -0.0 
0.429715 -0.289062 -0.0528739 -0.707104 0.0 -0.70711 
-0.256377 0.277077 -0.224731 -0.0 1.0 -0.0 
-0.878431 0.266241 0.258823 -0.00324323 -0.999995 -0.0 
0.633666 -0.479021 0.219608 0.707111 0.0 -0.707103 
-0.564706 0.277077 0.274509 -0.0 1.0 -0.0 
-0.64 -0.176927 -0.254669 -1.0 0.0 0.0 
-0.398294 -0.38964 0.0214509 0.707107 0.0 0.707107 
0.64 0.0516188 0.233269 1.0 0.0 0.0 
