ply
format ascii 1.0
comment VCGLIB generated
element vertex 2000
property float x
property float y
property float z
property float nx
property float ny
property float nz
element face 0
property list uchar int vertex_indices
end_header
-0.068243 -0.855443 -0.39312 -0.0 -1.0 -0.0 
-0.429161 0.754501 -0.213746 -0.0 -1.0 0.0 
-0.555515 0.782261 -0.447096 0.0 1.0 0.0 
-0.938013 0.78226 0.111272 -0.0 1.0 -0.0 
-0.0815687 -0.387026 0.0580551 0.39888 1.98555e-05 0.917003 
0.8707 0.754501 0.367884 -0.0 -1.0 -0.0 
0.557246 0.754501 0.117121 -0.0 -1.0 0.0 
-0.726963 0.778389 0.681338 -0.740642 0.0 0.6719 
-0.57201 0.78226 0.141077 -0.0 1.0 -0.0 
-0.637152 0.78226 -0.64925 0.0 1.0 0.0 
-0.171534 0.363062 0.0971072 0.398204 7.31684e-07 0.917297 
-0.505643 0.78226 -0.127063 -0.0 1.0 -0.0 
0.219751 0.770526 0.972424 0.211574 0.0 0.977362 
-0.123881 0.308208 -0.235515 -0.917296 -2.86957e-06 0.398205 
-0.26557 0.78226 -0.635169 0.0 1.0 0.0 
-0.357339 0.464935 -0.290369 -0.791227 -0.0 -0.611523 
-0.861133 0.754501 0.352211 0.0 -1.0 -0.0 
-0.355989 0.435289 -0.129123 -0.0 -1.0 -0.0 
0.309439 0.43529 0.213398 -0.0 -1.0 -0.0 
-0.324019 -0.813806 0.0214413 -0.0 1.0 -0.0 
0.36525 0.754501 0.139374 -0.0 -1.0 0.0 
-0.390829 0.441426 -0.243351 -0.864279 0.0 -0.503013 
-0.313022 -0.813806 -0.28696 -0.0 1.0 -0.0 
0.196774 0.78226 0.908592 -0.0 1.0 -0.0 
-0.0750095 0.754501 0.545831 0.0 -1.0 -0.0 
0.162075 -0.855443 0.298247 -0.0 -1.0 -0.0 
0.00976065 0.43529 -0.364923 -0.0 -1.0 0.0 
0.247229 -0.813806 -0.330293 -0.0 1.0 -0.0 
0.0192773 -0.813806 0.0182375 0.0 1.0 0.0 
0.159769 0.782261 -0.249634 -0.0 1.0 -0.0 
0.416192 0.754501 0.63432 -0.0 -1.0 -0.0 
0.0703134 0.0200873 0.211846 -0.917297 -7.30844e-07 0.398204 
-0.0994643 0.153512 0.0204314 -0.398108 -2.90979e-06 -0.917339 
-0.242061 0.558971 0.0823334 -0.398191 -3.14923e-06 -0.917302 
-0.951245 0.754501 -0.083712 0.0 -1.0 0.0 
-0.131566 -0.334495 0.0797578 0.398144 2.34049e-07 0.917323 
0.317963 0.78226 -0.164624 -0.0 1.0 -0.0 
0.00347772 0.782261 0.113018 -0.0 1.0 -0.0 
-0.124077 -0.603349 0.0765071 0.398156 -0.0 0.917318 
-0.488412 0.754501 0.822864 0.0 -1.0 0.0 
0.727098 0.782261 0.617805 0.0 1.0 0.0 
0.0849509 -0.538803 0.140999 0.917315 4.07324e-07 -0.398163 
-0.571188 0.754501 -0.603823 -0.0 -1.0 0.0 
0.235956 0.78226 -0.729205 -0.0 1.0 -0.0 
-0.11668 -0.624318 0.0732966 0.398156 -0.0 0.917318 
0.24092 -0.813806 0.0440241 -0.0 1.0 -0.0 
0.439701 0.754501 -0.588151 -0.0 -1.0 0.0 
-0.487906 0.782261 0.473507 0.0 1.0 0.0 
-0.252751 -0.674031 0.132363 0.398186 2.96788e-06 0.917305 
0.270365 0.78226 -0.709254 0.0 1.0 0.0 
0.384847 0.78226 -0.35306 0.0 1.0 0.0 
-0.312588 0.535462 0.112949 -0.398191 -3.14923e-06 -0.917302 
-0.289079 0.754501 -0.454933 0.0 -1.0 0.0 
-0.134086 0.613825 -0.259024 -0.917305 5.99067e-06 0.398185 
0.580755 0.754501 -0.368733 -0.0 -1.0 0.0 
-0.696569 0.78226 -0.690023 0.0 1.0 0.0 
0.655571 0.782261 -0.0739684 -0.0 1.0 -0.0 
-0.857279 0.782261 0.00407505 0.0 1.0 0.0 
0.322156 0.78226 -0.870259 0.0 1.0 0.0 
-0.0648542 -0.813806 -0.337637 0.0 1.0 0.0 
0.352383 -0.693818 -0.161783 0.808538 0.472304 -0.350991 
0.259465 0.78226 -0.76055 -0.0 1.0 -0.0 
0.50531 0.782261 0.467559 -0.0 1.0 -0.0 
0.925555 0.75488 0.376609 0.904194 0.0 0.427121 
-0.975765 0.754501 -0.0705336 0.0 -1.0 0.0 
0.141968 0.78226 -0.960138 -0.0 1.0 -0.0 
-0.276019 -0.855443 -0.254514 -0.0 -1.0 0.0 
0.332765 0.78226 0.673711 0.0 1.0 0.0 
-0.32161 0.472771 0.328702 -0.709563 0.0 0.704642 
0.152612 -0.480661 -0.0889905 -0.398163 4.07324e-07 -0.917315 
0.636228 0.754501 0.690769 -0.0 -1.0 -0.0 
0.122209 0.386571 0.22683 0.917296 -2.84873e-06 -0.398205 
0.518064 0.754501 -0.744878 -0.0 -1.0 0.0 
-0.11496 0.371132 -0.214964 -0.917296 -2.86957e-06 0.398205 
-0.99745 0.75488 -0.000424594 -0.998818 0.0 -0.0486014 
0.627773 0.78226 -0.431424 -0.0 1.0 -0.0 
0.310118 0.772766 0.947981 0.337334 -0.0 0.941385 
0.0724572 0.450636 -0.455667 0.134006 0.0 -0.990981 
0.0700143 0.0809537 0.211157 -0.917297 -7.30844e-07 0.398204 
0.074296 -0.851572 0.493265 0.195126 -0.0 0.980778 
-0.688056 0.782261 0.506937 0.0 1.0 0.0 
0.314319 0.754501 0.78321 0.0 -1.0 -0.0 
-0.0304798 -0.855443 0.0309208 0.0 -1.0 0.0 
0.228632 -0.398058 -0.121989 -0.398223 1.36749e-06 -0.917289 
0.180478 0.754501 -0.539016 -0.0 -1.0 0.0 
0.257527 0.218305 -0.134532 -0.398207 4.03744e-06 -0.917296 
0.741416 0.78226 -0.606673 -0.0 1.0 -0.0 
-0.0618252 0.754501 -0.533296 0.0 -1.0 0.0 
-0.452385 -0.855444 -0.186146 0.0 -1.0 0.0 
-0.821951 0.78226 0.273848 -0.0 1.0 -0.0 
0.0586127 0.0130642 -0.0481861 -0.398178 2.30147e-06 -0.917308 
-0.195836 -0.734026 0.0622662 -0.398163 -4.04327e-07 -0.917315 
0.357547 -0.684578 -0.13256 0.398197 -4.93854e-06 0.9173 
-0.161974 -0.813806 0.331599 -0.0 1.0 -0.0 
0.0741172 0.0915656 -0.0095255 0.398195 6.80624e-07 0.917301 
0.533349 0.673621 -0.254263 -0.39819 -6.30935e-06 -0.917303 
0.204611 0.754501 0.579465 -0.0 -1.0 -0.0 
-0.44729 -0.855444 0.191978 -0.0 -1.0 0.0 
-0.0304798 -0.326536 -0.0412434 0.394509 -0.134704 0.908965 
0.040862 0.0537514 0.144 -0.917323 -2.38577e-07 0.398144 
-0.767097 0.754501 0.602974 0.0 -1.0 -0.0 
-0.67306 0.78226 -0.572478 0.0 1.0 0.0 
-0.555515 0.78226 0.46192 -0.0 1.0 -0.0 
-0.0989003 0.284699 -0.282533 0.917309 -6.30761e-06 -0.398176 
0.671368 0.754501 0.356136 0.0 -1.0 0.0 
-0.0846177 0.220601 -0.24963 0.917303 -3.23315e-06 -0.39819 
0.0436001 0.754501 -0.909508 -0.0 -1.0 0.0 
0.190667 0.364592 -0.060119 0.398193 -3.52608e-07 0.917302 
-0.332144 0.770552 0.939937 -0.30545 0.0 0.952208 
-0.782769 0.78226 0.218993 -0.0 1.0 -0.0 
0.059374 -0.70927 0.186645 -0.917297 -7.62323e-07 0.398203 
-0.060702 0.754501 -0.365591 -0.0 -1.0 0.0 
0.379913 0.782261 0.537221 0.0 1.0 0.0 
-0.767097 0.754501 -0.588151 0.0 -1.0 0.0 
-0.0483915 -0.813806 -0.389836 0.0 1.0 0.0 
0.107267 -0.813806 0.0418567 -0.0 1.0 -0.0 
0.149279 0.177561 -0.0421535 0.398142 6.11574e-07 0.917324 
0.54941 0.754501 -0.61166 -0.0 -1.0 0.0 
-0.853103 0.782261 0.248626 -0.0 1.0 -0.0 
0.62966 0.78226 -0.403207 0.0 1.0 0.0 
-0.26557 -0.506772 0.137927 0.398172 4.86438e-06 0.917311 
-0.0536802 -0.315976 0.000558438 -0.397847 -3.98215e-05 -0.917452 
0.0961798 -0.28823 0.166869 0.917315 4.07324e-07 -0.398163 
0.414197 0.629498 -0.157152 0.398191 -7.19072e-06 0.917303 
0.11659 -0.223 0.21389 0.917333 -1.9021e-06 -0.398121 
0.439054 -0.813806 0.10686 0.0 1.0 0.0 
0.05572 0.782261 -0.69786 0.0 1.0 0.0 
0.450488 0.464935 -0.102297 0.966818 0.0 -0.255468 
-0.401046 0.782261 0.764702 0.0 1.0 0.0 
0.142807 -0.855444 0.181532 -0.0 -1.0 -0.0 
-0.0830613 -0.397063 -0.141479 -0.917315 4.04327e-07 0.398163 
0.0563632 -0.813806 0.451898 -0.0 1.0 0.0 
-0.132056 0.43529 0.427865 0.0 -1.0 -0.0 
0.502392 0.78226 -0.188497 0.0 1.0 0.0 
0.466659 -0.813806 0.108615 0.0 1.0 0.0 
0.175184 0.78226 -0.126057 -0.0 1.0 -0.0 
0.202837 0.78226 0.157432 0.0 1.0 0.0 
-0.206217 0.78226 0.893924 -0.0 1.0 -0.0 
-0.903147 0.754501 0.137719 0.0 -1.0 -0.0 
-0.131122 -0.167387 0.0795651 0.398144 2.34049e-07 0.917323 
0.0949017 0.237681 0.268488 -0.917296 -4.02843e-06 0.398206 
-0.0263898 0.43529 0.398323 0.0 -1.0 -0.0 
-0.365185 0.78226 -0.767644 0.0 1.0 0.0 
0.126247 0.78226 -0.494115 0.0 1.0 0.0 
-0.348524 0.43529 0.181826 -0.0 -1.0 0.0 
-0.0354917 0.0687411 0.0380522 0.398372 6.25046e-06 0.917224 
-0.29852 -0.586808 0.140083 -0.863319 0.337976 0.374771 
-0.493403 -0.814744 0.0805984 -0.980778 0.0 0.195125 
-0.498487 -0.843456 -0.0321777 -0.99786 0.0 -0.0653898 
0.337828 0.78226 0.501102 0.0 1.0 0.0 
0.0863289 -0.46201 0.144174 0.917315 4.07324e-07 -0.398163 
0.54303 0.754501 -0.483392 -0.0 -1.0 0.0 
0.362673 0.63094 -0.180174 -0.39819 -6.40214e-06 -0.917303 
0.815846 0.754501 -0.337388 -0.0 -1.0 0.0 
-0.124453 0.158602 0.0766706 0.398144 2.34049e-07 0.917323 
-0.00608393 0.782261 0.125017 -0.0 1.0 -0.0 
-0.143236 0.78226 0.5887 -0.0 1.0 -0.0 
-0.0716871 -0.663499 -0.219842 0.917333 1.86564e-06 -0.398122 
-0.126214 0.754501 0.701012 0.0 -1.0 -0.0 
-0.92306 0.754501 -0.0901393 0.0 -1.0 0.0 
-0.0309817 -0.813806 -0.0932127 0.0 1.0 0.0 
-0.383115 -0.855443 -0.0866244 -0.0 -1.0 -0.0 
0.0516727 0.78226 -0.204205 -0.0 1.0 -0.0 
0.0619946 -0.31291 -0.00426544 0.398148 -2.3085e-07 0.917321 
-0.59975 0.754501 -0.281874 -0.0 -1.0 0.0 
0.400519 0.78226 -0.180661 -0.0 1.0 -0.0 
0.831518 0.78226 -0.227679 -0.0 1.0 -0.0 
-0.732043 0.78226 0.0607859 -0.0 1.0 -0.0 
0.0530058 -0.561627 0.171975 -0.917297 -7.62323e-07 0.398203 
0.017558 0.0167795 0.0321332 -0.39803 0.0270223 -0.916974 
-0.0354137 0.0527535 0.0101396 0.916962 0.0270128 -0.398059 
-0.0838508 0.782261 -0.307306 -0.0 1.0 -0.0 
-0.421264 -0.796269 0.160122 -0.398242 1.47136e-05 -0.917281 
-0.0379884 0.754501 0.153536 0.0 -1.0 -0.0 
-0.34452 0.43529 0.0144652 0.0 -1.0 0.0 
-0.164159 0.364392 -0.350359 -0.341904 -0.512517 -0.787672 
-0.69048 0.754501 0.0330312 -0.0 -1.0 0.0 
-0.641715 0.754501 0.234666 0.0 -1.0 -0.0 
0.257227 0.0973294 -0.107153 0.89017 -0.241392 -0.386428 
-0.0069708 0.78226 0.0701025 0.0 1.0 0.0 
0.408356 0.78226 0.681338 -0.0 1.0 -0.0 
-0.0539889 -0.514609 -0.0745099 -0.917301 -3.5756e-06 0.398196 
-0.0265308 -0.662509 -0.115816 0.917291 2.8107e-06 -0.398217 
-0.684025 0.782261 -0.582462 0.0 1.0 0.0 
0.332351 0.308455 -0.124551 0.848095 -0.381069 -0.368131 
-0.249342 0.627958 -0.549206 -0.268081 -0.73954 -0.617425 
-0.297818 0.78226 -0.348901 0.0 1.0 0.0 
0.204611 -0.855443 0.117121 0.0 -1.0 -0.0 
-0.0639948 0.400942 -0.0975594 -0.917293 1.83635e-06 0.398213 
0.657345 0.782261 0.329952 0.0 1.0 0.0 
0.000913755 0.78226 0.0651217 -0.0 1.0 -0.0 
0.776664 0.754501 0.367884 -0.0 -1.0 -0.0 
0.149756 0.78226 -0.580314 0.0 1.0 0.0 
-0.463527 -0.855444 -0.0317887 -0.0 -1.0 -0.0 
0.254932 -0.813806 0.32964 -0.0 1.0 -0.0 
-0.113675 -0.141574 0.0266002 -0.398207 -0.0 -0.917296 
0.0130555 0.78226 0.951352 -0.0 1.0 -0.0 
0.988563 0.754501 0.0121817 -0.0 -1.0 -0.0 
0.50602 0.782261 0.060259 0.0 1.0 0.0 
-0.131049 0.382028 0.0795332 0.398144 2.34049e-07 0.917323 
-0.00498755 0.78226 -0.0721314 -0.0 1.0 -0.0 
-0.0853343 0.78226 0.681338 0.0 1.0 0.0 
-0.249898 0.425753 0.0857352 -0.398207 3.06661e-06 -0.917296 
0.115403 -0.412736 0.211157 0.917333 -1.9021e-06 -0.398121 
0.000865549 0.754501 -0.619496 -0.0 -1.0 0.0 
-0.479327 -0.828051 -0.141265 -0.946943 0.0 -0.321401 
0.315303 0.78226 -0.116727 0.0 1.0 0.0 
-0.460641 -0.855444 0.0677024 0.0 -1.0 -0.0 
-0.367443 -0.855443 0.281684 0.0 -1.0 -0.0 
-0.375279 0.75488 -0.92486 -0.337341 0.0 -0.941382 
-0.101756 -0.52183 -0.289115 0.917307 -2.00797e-06 -0.39818 
0.134083 0.754501 -0.721369 -0.0 -1.0 0.0 
0.0949017 0.754501 0.610811 0.0 -1.0 -0.0 
-0.529179 0.696449 0.252357 0.39819 2.68072e-05 0.917303 
-0.696569 0.754501 -0.172824 0.0 -1.0 0.0 
-0.120479 -0.459754 -0.227679 -0.917289 1.36477e-06 0.398223 
0.760991 0.754501 0.454084 -0.0 -1.0 -0.0 
0.659119 0.78226 0.328702 0.0 1.0 0.0 
0.46321 0.754501 -0.26686 -0.0 -1.0 0.0 
0.0713927 -0.702681 0.109769 0.917274 -0.0 -0.398257 
-0.223259 0.565844 -0.464446 -0.917299 -1.07917e-05 0.398199 
0.0965787 -0.855443 0.0858416 -0.0 -1.0 0.0 
-0.669062 0.78226 0.44136 -0.0 1.0 -0.0 
-0.0376878 -0.855443 -0.482862 -0.0 -1.0 -0.0 
0.329992 0.754501 -0.415751 -0.0 -1.0 0.0 
0.41832 0.78226 0.422434 0.0 1.0 0.0 
0.741094 0.78226 -0.325925 -0.0 1.0 -0.0 
-0.67306 0.754501 -0.20417 0.0 -1.0 0.0 
0.244667 0.653007 0.508938 0.917303 -6.55678e-06 -0.39819 
0.104653 0.136968 0.267963 0.386364 -0.241392 0.890198 
-0.61037 0.78226 -0.721369 0.0 1.0 0.0 
0.732183 0.754501 0.0178819 -0.0 -1.0 0.0 
-0.059198 0.157876 -0.191073 0.917297 -7.34622e-07 -0.398204 
-0.821798 0.75488 -0.564642 -0.840704 0.0 -0.541495 
0.117635 -0.716951 0.32086 -0.917302 -7.70159e-06 0.398192 
-0.24882 0.0670536 0.0852657 -0.398174 4.66765e-06 -0.91731 
-0.583652 0.78226 0.599583 -0.0 1.0 -0.0 
-0.618206 0.78226 0.775374 -0.0 1.0 -0.0 
0.386685 0.782261 0.71576 0.0 1.0 0.0 
-0.947333 0.754501 -0.235515 0.0 -1.0 0.0 
0.0404132 -0.368846 0.142965 -0.917323 -2.38577e-07 0.398144 
-0.418153 0.782261 0.17266 -0.0 1.0 -0.0 
-0.111214 -0.617605 -0.206337 -0.91729 1.13772e-06 0.398219 
0.706137 0.78226 -0.133643 0.0 1.0 0.0 
0.100776 0.0866845 0.177458 0.917308 -1.51124e-07 -0.398178 
0.522644 0.78226 -0.30483 0.0 1.0 0.0 
-0.326389 -0.813806 0.254973 -0.0 1.0 -0.0 
-0.118438 0.630357 0.0470768 0.877066 0.292945 -0.380707 
0.715796 0.782261 0.513978 -0.0 1.0 -0.0 
0.33162 -0.855444 0.0958813 -0.0 -1.0 -0.0 
0.149659 -0.855443 0.149321 -0.0 -1.0 -0.0 
-0.126644 -0.855444 -0.422967 -0.0 -1.0 0.0 
-0.122499 0.363008 -0.336898 0.917301 5.90006e-06 -0.398194 
0.2333 -0.377866 -0.124016 -0.398223 1.36749e-06 -0.917289 
0.0885791 -0.813806 -0.404284 0.0 1.0 0.0 
-0.201136 0.440912 0.064567 -0.398207 3.06661e-06 -0.917296 
-0.466908 0.754501 -0.52502 0.0 -1.0 0.0 
0.329498 0.43529 0.244041 0.0 -1.0 -0.0 
-0.586861 0.666358 0.266011 -0.61743 -0.739543 0.26806 
0.620835 0.754501 -0.37692 -0.0 -1.0 0.0 
-0.472024 0.78226 -0.161243 -0.0 1.0 -0.0 
-0.218552 0.78226 -0.705696 0.0 1.0 0.0 
-0.0177742 0.78226 -0.381019 -0.0 1.0 -0.0 
-0.268043 0.598153 0.0936116 -0.398191 -3.14923e-06 -0.917302 
0.472257 -0.82287 -0.15299 0.946923 0.0 -0.321461 
-0.0645851 -0.210077 -0.0285366 0.0 -1.0 -0.0 
-0.104565 -0.0864068 -0.19102 -0.917308 -1.50704e-07 0.398178 
0.768828 0.78226 -0.556805 0.0 1.0 0.0 
0.0485769 -0.855443 0.265833 -0.0 -1.0 0.0 
-0.146522 0.543298 -0.392242 0.917299 1.0833e-05 -0.398199 
-0.468615 -0.828063 -0.172824 -0.946943 -0.0 -0.321401 
0.0609775 0.159317 0.0857752 0.917293 1.83731e-06 -0.398213 
-0.277039 0.171894 0.10578 -0.848128 -0.381052 0.368073 
0.181102 -0.855443 -0.219842 -0.0 -1.0 0.0 
0.212447 0.60068 0.532447 0.26803 -0.739552 0.617432 
0.110574 -0.855443 0.0309208 0.0 -1.0 -0.0 
-0.0774979 0.754501 0.986955 0.0 -1.0 -0.0 
-0.229597 -0.855444 0.290237 0.0 -1.0 -0.0 
0.0754789 -0.152358 0.223745 -0.917297 -7.30844e-07 0.398204 
-0.508159 0.782261 -0.0229648 -0.0 1.0 -0.0 
0.516227 0.782261 0.278605 0.0 1.0 0.0 
0.575547 0.78226 0.722216 0.0 1.0 0.0 
0.094144 -0.855443 0.409481 -0.0 -1.0 0.0 
0.467548 0.782261 0.273538 0.0 1.0 0.0 
-0.261149 -0.483263 0.132793 -0.863319 0.337976 0.374771 
0.118411 -0.855444 0.352211 -0.0 -1.0 0.0 
0.264302 0.782261 -0.16307 -0.0 1.0 -0.0 
0.0478836 -0.498936 0.0615958 -0.391099 -0.188063 -0.90093 
0.72181 0.78226 0.109284 0.0 1.0 0.0 
-0.272788 0.754501 0.794014 -0.0 -1.0 -0.0 
0.407216 0.43529 -0.0737759 -0.0 -1.0 0.0 
0.178748 0.782261 -0.414347 -0.0 1.0 -0.0 
-0.0528603 0.782261 -0.856267 0.0 1.0 0.0 
0.125229 -0.527402 0.282712 0.374745 0.337975 0.86333 
-0.921185 0.754501 0.365359 0.0 -1.0 -0.0 
0.292945 0.749203 0.710045 0.221945 -0.83024 0.511313 
0.165429 0.78226 -0.11797 -0.0 1.0 -0.0 
0.235956 -0.569463 -0.125169 -0.398197 -2.68273e-06 -0.9173 
-0.79676 0.759461 0.599214 -0.821987 -0.0 0.569506 
0.0768105 0.78226 -0.383645 0.0 1.0 0.0 
-0.146083 0.377326 -0.36662 -0.341851 -0.512502 -0.787705 
-0.268046 0.143644 0.0936116 -0.398174 4.66765e-06 -0.91731 
-0.0069708 0.78226 -0.470605 0.0 1.0 0.0 
0.866766 0.78226 0.00309484 0.0 1.0 0.0 
0.533737 0.78226 -0.321715 0.0 1.0 0.0 
0.064379 0.394408 0.0936116 0.917293 1.83731e-06 -0.398213 
-0.220219 0.43529 -0.190998 0.0 -1.0 0.0 
-0.12201 -0.769925 0.0685674 0.877073 -0.29292 -0.38071 
-0.117083 0.782261 -0.423527 0.0 1.0 0.0 
-0.0478454 -0.855443 0.123194 0.0 -1.0 0.0 
0.0813885 0.143644 0.132793 0.917292 8.68002e-07 -0.398215 
0.14192 -0.855443 -0.11797 -0.0 -1.0 -0.0 
-0.329099 -0.855444 0.0180376 0.0 -1.0 0.0 
0.0478836 -0.855443 -0.055279 -0.0 -1.0 -0.0 
-0.304752 0.78226 0.0936116 -0.0 1.0 -0.0 
-0.148025 0.78226 -0.948623 0.0 1.0 0.0 
0.713973 0.78226 -0.509787 0.0 1.0 0.0 
-0.246399 -0.855443 0.190253 0.0 -1.0 -0.0 
0.0165382 0.78226 0.587301 0.0 1.0 0.0 
-0.767096 0.78226 -0.274697 0.0 1.0 0.0 
0.159626 0.590316 0.313029 0.917306 8.84843e-06 -0.398182 
0.22812 0.78226 -0.807568 0.0 1.0 0.0 
0.322156 0.78226 0.367884 -0.0 1.0 -0.0 
0.0533874 0.754501 0.141334 -0.0 -1.0 0.0 
0.352994 -0.809159 -0.175973 -0.398185 -2.75278e-06 -0.917305 
-0.577267 0.78226 -0.742418 0.0 1.0 0.0 
-0.100823 -0.178682 -0.182398 -0.917308 -1.51124e-07 0.398178 
-0.264973 -0.855444 -0.254568 -0.0 -1.0 0.0 
0.0915933 -0.451918 0.156302 0.917315 4.07324e-07 -0.398163 
-0.345226 0.472771 -0.306042 -0.791227 0.0 -0.611523 
0.729743 0.782261 0.598516 0.0 1.0 0.0 
-0.457791 0.714975 0.221368 0.39819 2.68425e-05 0.917303 
0.0813885 0.0966264 0.132793 0.917292 8.68002e-07 -0.398215 
-0.0771106 -0.855443 -0.438676 -0.0 -1.0 0.0 
-0.119342 -0.813806 0.346674 -0.0 1.0 -0.0 
0.768828 0.754501 -0.486278 -0.0 -1.0 0.0 
-0.218552 0.54702 -0.470605 -0.308297 -0.632849 -0.71025 
0.810138 0.78226 0.27371 0.0 1.0 0.0 
-0.309896 0.782261 -0.258533 0.0 1.0 0.0 
-0.234225 -0.855443 -0.212006 -0.0 -1.0 0.0 
0.413628 0.782261 0.315587 0.0 1.0 0.0 
0.0870654 0.78226 0.344375 -0.0 1.0 -0.0 
-0.171534 -0.855443 0.273848 0.0 -1.0 -0.0 
-0.865777 0.78226 0.345706 -0.0 1.0 -0.0 
0.666955 0.754501 0.501102 -0.0 -1.0 -0.0 
-0.530888 0.754501 0.0277942 0.0 -1.0 0.0 
0.855027 0.754501 0.0857752 -0.0 -1.0 -0.0 
-0.359681 -0.80514 0.178779 0.398167 -1.43368e-05 0.917313 
-0.523767 0.782261 0.56094 -0.0 1.0 -0.0 
0.118411 0.78226 -0.940786 0.0 1.0 0.0 
0.823005 0.78226 0.456371 -0.0 1.0 -0.0 
-0.183713 0.754501 -0.933812 0.0 -1.0 0.0 
0.188938 0.78226 -0.400078 -0.0 1.0 -0.0 
-0.445806 0.754501 0.266011 0.0 -1.0 -0.0 
0.173265 -0.855443 -0.000424594 0.0 -1.0 -0.0 
-0.0512762 0.0260993 -0.172824 0.917297 -7.6205e-07 -0.398203 
-0.179713 -0.835546 -0.464875 -0.321462 -0.0 -0.946923 
0.157593 0.417917 -0.0911521 -0.398177 -1.47766e-07 -0.917308 
-0.321177 0.747043 -0.690023 -0.917303 -7.58361e-06 0.39819 
-0.154496 0.739207 -0.306042 -0.917303 -7.58361e-06 0.39819 
-0.217639 -0.240337 0.117121 -0.91614 0.0504667 0.397668 
0.0535918 -0.855443 -0.13892 0.0 -1.0 -0.0 
-0.132352 0.78226 -0.227679 -0.0 1.0 -0.0 
0.117658 0.754501 0.924857 0.0 -1.0 -0.0 
0.85356 0.782261 0.366629 0.0 1.0 0.0 
0.33233 0.782261 -0.103616 0.0 1.0 0.0 
0.211655 -0.813806 0.0960061 0.0 1.0 0.0 
-0.301328 0.754501 0.522442 0.0 -1.0 -0.0 
-0.0829928 -0.357734 -0.141321 -0.917315 4.04327e-07 0.398163 
0.487472 0.754501 -0.0260843 -0.0 -1.0 0.0 
-0.111094 -0.511564 0.0708721 0.398156 -0.0 0.917318 
-0.0375492 0.182041 0.0389449 0.398372 6.25046e-06 0.917224 
-0.0867798 -0.351927 0.014926 -0.398194 3.28607e-06 -0.917301 
-0.910704 0.754501 0.139202 0.0 -1.0 -0.0 
-0.45325 0.754501 -0.553145 -0.0 -1.0 0.0 
-0.164004 0.782261 -0.3724 0.0 1.0 0.0 
0.0470207 0.21435 0.15819 -0.917297 -7.62323e-07 0.398203 
-0.320425 0.78226 0.579465 0.0 1.0 0.0 
0.222751 0.782261 0.0555893 -0.0 1.0 -0.0 
-0.0876617 0.754501 -0.35436 -0.0 -1.0 0.0 
-0.964172 0.754501 -0.0982726 0.0 -1.0 0.0 
-0.696569 0.78226 0.46192 -0.0 1.0 -0.0 
0.604264 0.78226 0.391393 0.0 1.0 0.0 
0.0946262 -0.308143 0.16329 0.917315 4.07324e-07 -0.398163 
-0.234225 0.78226 0.0857752 -0.0 1.0 -0.0 
-0.0226435 0.78226 0.861574 -0.0 1.0 -0.0 
-0.152142 -0.718931 -0.300622 -0.917301 -6.59113e-06 0.398195 
-0.190757 -0.263398 0.105452 0.398204 7.31684e-07 0.917297 
0.304726 -0.855443 -0.310171 -0.0 -1.0 0.0 
0.148562 0.626986 0.392106 -0.917303 -7.20618e-06 0.398191 
-0.1289 -0.813806 0.173647 -0.0 1.0 -0.0 
0.997624 0.777773 -0.0460602 0.996615 0.0 -0.0822101 
-0.17937 0.78226 -0.854587 0.0 1.0 0.0 
-0.111836 0.65062 -0.207768 -0.917305 5.99067e-06 0.398185 
0.591736 0.782261 -0.628002 -0.0 1.0 -0.0 
-0.315991 0.78226 0.154153 -0.0 1.0 -0.0 
-0.802855 0.754501 0.146188 0.0 -1.0 -0.0 
0.212447 0.206335 -0.0695738 0.398212 1.39742e-06 0.917294 
0.0363068 -0.280695 0.133505 -0.917318 0.0 0.398156 
0.0667201 0.0613326 0.203568 -0.917297 -7.30844e-07 0.398204 
-0.2871 0.778389 -0.956459 -0.337341 0.0 -0.941382 
-0.107318 -0.0760194 -0.224198 -0.396345 -0.0965175 -0.913014 
0.196283 -0.530803 -0.0625572 0.398203 6.45713e-08 0.917297 
0.871684 0.78226 -0.327915 -0.0 1.0 -0.0 
-0.84546 0.754501 -0.462769 0.0 -1.0 0.0 
0.0336405 0.43529 0.374223 0.0 -1.0 -0.0 
0.800173 0.78226 -0.494115 0.0 1.0 0.0 
-0.469315 0.78226 0.814556 0.0 1.0 0.0 
-0.61037 0.754501 0.28952 0.0 -1.0 -0.0 
-0.296916 0.770552 -0.952942 -0.337341 0.0 -0.941382 
-0.272563 0.145512 0.0970867 -0.89021 -0.241392 0.386336 
0.180838 -0.0349615 -0.0558527 0.398203 6.45713e-08 0.917297 
0.737482 0.78226 0.179811 0.0 1.0 0.0 
-0.940749 0.754501 -0.0328415 0.0 -1.0 0.0 
0.139217 0.488444 0.266011 0.917305 5.90018e-06 -0.398185 
0.447537 0.78226 -0.517624 -0.0 1.0 -0.0 
0.14192 0.754501 -0.588151 -0.0 -1.0 0.0 
0.431865 0.464935 0.163127 0.922537 0.0 0.385909 
0.109667 -0.718354 -0.0631154 -0.890325 -0.240835 0.386419 
-0.608451 0.782261 0.171391 -0.0 1.0 -0.0 
0.178488 -0.270663 -0.100222 -0.398177 -1.47766e-07 -0.917308 
-0.679349 0.78226 -0.262518 -0.0 1.0 -0.0 
0.869948 0.754501 0.294992 -0.0 -1.0 -0.0 
0.353114 0.388422 -0.130635 0.398194 5.99678e-06 0.917301 
0.138676 0.715698 -0.0709517 -0.877094 0.292945 0.380644 
-0.406625 0.723534 0.199157 0.39819 2.68072e-05 0.917303 
-0.26557 0.237681 0.137927 0.398184 9.17604e-07 0.917306 
0.161465 -0.271682 -0.0474427 0.398203 6.45713e-08 0.917297 
-0.0475896 -0.813806 -0.0243937 -0.0 1.0 -0.0 
0.690464 0.78226 -0.298206 0.0 1.0 0.0 
-0.376762 -0.855443 0.218748 0.0 -1.0 0.0 
0.42575 -0.802851 -0.17705 0.736286 0.59644 -0.319598 
-0.0383162 0.754501 0.885083 -0.0 -1.0 -0.0 
-0.276905 -0.855444 -0.00903743 0.0 -1.0 -0.0 
0.0202468 0.78226 0.72982 -0.0 1.0 -0.0 
-0.143336 -0.279119 0.0394775 -0.398215 -8.63712e-07 -0.917292 
-0.10086 -0.813806 0.356207 -0.0 1.0 -0.0 
0.0365024 0.0147459 -0.00988238 -0.916962 0.0270347 0.398058 
0.0165382 0.78226 0.164139 0.0 1.0 0.0 
0.0871137 0.782261 -0.873689 -0.0 1.0 -0.0 
0.200013 -0.813806 0.0928638 0.0 1.0 0.0 
-0.0683897 -0.247035 -0.212246 0.917297 -7.34622e-07 -0.398204 
-0.594283 0.754501 -0.524921 0.0 -1.0 0.0 
0.0322109 -0.585136 0.0863931 -0.391099 -0.188063 -0.90093 
-0.123494 0.232334 -0.234624 -0.917296 -2.86957e-06 0.398205 
0.504459 0.653007 -0.196333 0.398191 -7.19072e-06 0.917303 
-0.556182 0.754501 -0.381793 0.0 -1.0 0.0 
0.0496037 -0.122791 0.164139 -0.917297 -7.62323e-07 0.398203 
0.312766 0.754501 0.393727 0.0 -1.0 -0.0 
0.73092 0.782261 -0.555803 0.0 1.0 0.0 
0.737482 0.78226 -0.603823 -0.0 1.0 -0.0 
-0.109145 -0.342209 -0.235515 -0.390518 0.196334 -0.899416 
-0.306639 0.78226 -0.909553 0.0 1.0 0.0 
-0.400019 0.43529 0.16273 0.0 -1.0 -0.0 
0.658356 0.754501 0.329757 -0.0 -1.0 -0.0 
0.0904238 0.433589 0.258175 -0.917303 -3.2488e-06 0.39819 
0.104861 -0.574265 -0.022872 0.398236 -2.00113e-06 0.917283 
-0.492824 0.754501 -0.674351 0.0 -1.0 0.0 
-0.835753 0.778401 -0.542976 -0.840704 -0.0 -0.541495 
0.485832 -0.855443 -0.0564261 -0.0 -1.0 0.0 
0.408356 0.78226 -0.392242 0.0 1.0 0.0 
0.0870654 -0.522445 -0.0605357 -0.398207 -0.0 -0.917296 
0.273663 -0.728284 -0.0961469 0.398197 -4.93854e-06 0.9173 
0.298647 0.754501 -0.541133 -0.0 -1.0 0.0 
-0.114162 -0.813806 0.116726 0.0 1.0 0.0 
0.343907 0.78226 0.841398 -0.0 1.0 -0.0 
0.220241 0.754501 -0.951862 -0.0 -1.0 0.0 
0.0734154 0.488444 0.218993 -0.917303 -3.2488e-06 0.39819 
0.56189 0.78226 0.461711 -0.0 1.0 -0.0 
-0.357478 0.78226 0.716907 0.0 1.0 0.0 
0.519983 0.782261 -0.256934 -0.0 1.0 -0.0 
-0.11148 -0.081 0.0256474 -0.398207 0.0 -0.917296 
0.101798 0.0260993 0.179811 0.917308 -1.51544e-07 -0.398178 
-0.171846 -0.676718 0.0972432 0.398204 7.59053e-07 0.917297 
-0.258411 -0.855443 0.374144 0.0 -1.0 0.0 
0.143966 -0.192408 -0.0853925 0.831418 0.0 -0.555647 
-0.0415194 0.077562 -0.150348 0.917323 -2.39531e-07 -0.398145 
0.243792 -0.498936 -0.128571 -0.398197 -2.68273e-06 -0.9173 
-0.151873 0.754501 0.0312193 0.0 -1.0 -0.0 
0.0768179 -0.679172 0.226829 -0.91731 -9.8153e-07 0.398174 
0.0990456 0.78226 0.277934 -0.0 1.0 -0.0 
-0.0393643 -0.855443 -0.0822419 -0.0 -1.0 0.0 
-0.0335616 -0.813806 -0.164178 -0.0 1.0 -0.0 
0.690464 0.754501 -0.658678 -0.0 -1.0 0.0 
0.0987554 -0.855443 -0.360658 -0.0 -1.0 -0.0 
0.382751 0.687657 -0.188891 -0.39819 -6.30935e-06 -0.917303 
-0.239513 -0.855443 -0.288271 -0.0 -1.0 0.0 
-0.422297 0.543298 0.160571 -0.398177 -1.94539e-05 -0.917308 
-0.0450812 -0.553611 -0.158553 0.917297 -7.6205e-07 -0.398203 
0.109897 0.78226 -0.206301 -0.0 1.0 -0.0 
0.323532 0.43529 0.0517613 0.0 -1.0 0.0 
-0.0148071 0.754501 -0.674351 0.0 -1.0 0.0 
0.00324976 -0.813806 -0.456624 0.0 1.0 0.0 
-0.853296 0.78226 0.28952 -0.0 1.0 -0.0 
0.10403 -0.545954 0.28952 -0.917307 -1.98471e-06 0.39818 
-0.929548 0.78226 0.118327 0.0 1.0 0.0 
0.436881 -0.813806 -0.187692 -0.0 1.0 -0.0 
0.707535 0.754501 -0.0843208 -0.0 -1.0 0.0 
-0.606516 0.782261 0.399272 -0.0 1.0 -0.0 
-0.025546 -0.855443 0.403369 0.0 -1.0 -0.0 
-0.160668 -0.813806 0.0205101 0.0 1.0 0.0 
0.0870654 0.78226 0.266011 0.0 1.0 0.0 
-0.085293 0.433589 -0.251188 0.917303 -3.23315e-06 -0.39819 
-0.111809 -0.180195 -0.217733 -0.397763 0.0504475 -0.9161 
-0.963005 0.754501 0.0152481 0.0 -1.0 -0.0 
-0.0898641 -0.3187 -0.157152 -0.917315 4.04327e-07 0.398163 
-0.140656 0.78226 0.32076 -0.0 1.0 -0.0 
-0.194785 0.782261 0.211356 -0.0 1.0 -0.0 
0.317222 0.782261 0.08901 -0.0 1.0 -0.0 
0.0508602 -0.387554 -0.0314487 -0.908946 -0.134725 0.394545 
0.643446 0.78226 0.148466 0.0 1.0 0.0 
0.901498 0.782261 0.109033 0.0 1.0 0.0 
-0.210716 0.78226 0.14063 0.0 1.0 0.0 
-0.218015 -0.132244 0.0718933 -0.398178 1.50704e-07 -0.917308 
0.149756 -0.855443 -0.259024 0.0 -1.0 -0.0 
0.557246 0.78226 0.336538 0.0 1.0 0.0 
0.0836206 -0.506772 0.242502 -0.91731 -9.8153e-07 0.398174 
0.217864 0.216921 -0.0719257 0.398212 1.39742e-06 0.917294 
0.109672 0.782261 0.293294 0.0 1.0 0.0 
-0.109001 -0.717492 -0.305804 0.917302 -7.68808e-06 -0.398192 
-0.514511 0.78226 -0.00545389 -0.0 1.0 -0.0 
0.102738 0.754501 -0.862423 -0.0 -1.0 0.0 
-0.0483505 -0.113035 -0.166085 0.917297 -7.6205e-07 -0.398203 
0.788548 0.782261 0.114064 0.0 1.0 0.0 
-0.641715 0.78226 -0.752714 0.0 1.0 0.0 
0.499844 0.78226 -0.695817 -0.0 1.0 -0.0 
0.229983 -0.586146 -0.122576 -0.398223 1.36613e-06 -0.917289 
0.25053 -0.606836 -0.0861054 0.398186 2.86856e-07 0.917305 
0.0778851 0.2714 0.229288 -0.917303 -3.2488e-06 0.39819 
0.369351 0.78226 0.244388 -0.0 1.0 -0.0 
0.933391 0.78226 -0.11797 0.0 1.0 0.0 
0.283087 0.78226 -0.4011 0.0 1.0 0.0 
0.839355 0.78226 0.164139 0.0 1.0 0.0 
-0.267844 -0.855444 0.338235 0.0 -1.0 -0.0 
-0.132352 -0.781045 -0.359596 0.917302 -6.52175e-06 -0.398191 
-0.225931 -0.0651274 0.0753295 -0.398202 2.36884e-06 -0.917298 
0.0964549 0.754501 0.5484 -0.0 -1.0 -0.0 
-0.501768 0.754501 0.274443 0.0 -1.0 -0.0 
0.0938633 -0.375939 0.161532 0.917315 4.07324e-07 -0.398163 
-0.0834414 -0.350793 0.0588681 0.398207 -0.0 0.917296 
0.745319 0.754501 -0.415751 -0.0 -1.0 0.0 
0.35599 0.754501 0.709428 0.0 -1.0 -0.0 
0.976606 0.761727 0.207216 0.983933 0.0 0.17854 
-0.195043 -0.855443 -0.290369 -0.0 -1.0 0.0 
0.28534 0.674049 -0.101216 0.398199 1.0802e-05 0.917299 
0.184891 0.78226 -0.254771 -0.0 1.0 -0.0 
0.199315 -0.0529323 -0.0638731 0.398193 -3.52608e-07 0.917302 
-0.283863 0.739207 -0.69786 -0.222003 -0.830232 -0.511302 
0.166961 0.78226 -0.632289 0.0 1.0 0.0 
0.46321 0.78226 -0.470605 0.0 1.0 0.0 
-0.367443 0.78226 -0.76055 0.0 1.0 0.0 
0.9115 0.754501 0.0763321 -0.0 -1.0 -0.0 
0.0779871 -0.679172 0.124957 0.917274 -0.0 -0.398257 
0.7845 0.78226 0.422738 -0.0 1.0 -0.0 
-0.195043 0.754501 0.728356 0.0 -1.0 -0.0 
-0.240481 0.0748883 0.126879 -0.890178 -0.24141 0.386399 
-0.122884 -0.518365 -0.233219 -0.917289 1.36477e-06 0.398223 
-0.257734 -0.475427 0.133593 -0.863319 0.337976 0.374771 
-0.428311 -0.855443 0.0272655 0.0 -1.0 -0.0 
-0.296916 0.78226 0.939937 -0.0 1.0 -0.0 
0.72181 0.78226 0.187648 0.0 1.0 0.0 
0.164687 -0.855443 -0.0751863 -0.0 -1.0 0.0 
-0.0416647 -0.0814644 -0.00465768 -0.398321 2.40083e-06 -0.917246 
0.0550914 0.78226 -0.476913 0.0 1.0 0.0 
0.859086 0.754501 -0.188732 -0.0 -1.0 0.0 
0.104949 0.27467 0.187071 0.917298 -2.38968e-06 -0.398202 
0.158442 -0.613433 -0.0915214 -0.398163 4.07324e-07 -0.917315 
-0.838 0.754501 -0.218973 0.0 -1.0 0.0 
-0.289079 0.519789 0.148132 0.398185 5.93638e-06 0.917305 
-0.492274 0.76693 0.868019 -0.541484 0.0 0.840711 
0.05572 0.112299 -0.0469303 -0.398178 2.30147e-06 -0.917308 
-0.515785 0.78226 0.435927 0.0 1.0 0.0 
0.431865 0.754501 -0.878096 -0.0 -1.0 0.0 
0.165429 -0.177646 0.0241141 0.980788 -0.0 0.195078 
0.0285367 -0.813806 0.0283481 0.0 1.0 0.0 
0.455374 0.754501 -0.76055 -0.0 -1.0 0.0 
-0.469315 0.78226 0.791047 0.0 1.0 0.0 
0.248653 -0.799829 -0.13068 -0.398197 -2.68273e-06 -0.9173 
0.518064 0.78226 -0.494115 0.0 1.0 0.0 
-0.251881 0.78226 0.625612 -0.0 1.0 -0.0 
-0.202493 0.78226 0.409927 -0.0 1.0 -0.0 
-0.306052 0.26142 0.131613 -0.848081 -0.381076 0.368158 
-0.0503178 -0.373554 0.0230845 0.908964 -0.134713 -0.394509 
-0.178645 -0.713636 0.100195 0.398204 7.59053e-07 0.917297 
0.518064 0.754501 -0.11797 -0.0 -1.0 0.0 
-0.116756 -0.464938 -0.219103 -0.917289 1.36613e-06 0.398223 
-0.806741 0.754501 -0.250655 0.0 -1.0 0.0 
0.0097802 -0.813806 0.0476027 -0.0 1.0 -0.0 
0.129585 -0.855444 0.215275 -0.0 -1.0 -0.0 
0.0827119 0.78226 0.282063 0.0 1.0 0.0 
0.37701 0.754501 0.446247 -0.0 -1.0 -0.0 
0.154335 0.782261 -0.165029 -0.0 1.0 -0.0 
0.0322109 0.78226 -0.799732 0.0 1.0 0.0 
0.499248 0.782261 -0.421188 0.0 1.0 0.0 
-0.124516 0.78226 0.0230845 -0.0 1.0 -0.0 
-0.461479 0.543298 0.177579 -0.398177 -1.94539e-05 -0.917308 
0.768828 0.754501 0.414902 -0.0 -1.0 -0.0 
0.762948 0.754501 -0.496269 -0.0 -1.0 0.0 
-0.124516 -0.506772 -0.275048 -0.374744 0.337976 -0.86333 
0.126634 -0.855443 -0.117579 -0.0 -1.0 -0.0 
-0.138956 0.0371262 0.0829651 0.398204 7.59053e-07 0.917297 
0.122894 0.78226 0.283375 0.0 1.0 0.0 
-0.376358 0.558971 0.14063 -0.398177 -1.94539e-05 -0.917308 
0.05572 0.754501 -0.964295 -0.0 -1.0 0.0 
-0.304752 0.754501 0.728356 0.0 -1.0 -0.0 
0.947645 0.782261 0.269845 -0.0 1.0 -0.0 
0.00236272 0.107597 0.0553117 -0.917224 -6.25694e-06 0.398372 
-0.453643 0.754501 0.508938 0.0 -1.0 -0.0 
-0.150451 0.259174 -0.296725 -0.917298 -1.16775e-05 0.398202 
-0.131566 -0.334495 0.0797578 0.398144 2.34049e-07 0.917323 
0.0907923 -0.813806 -0.295515 0.0 1.0 0.0 
0.316303 0.782261 -0.578477 0.0 1.0 0.0 
-0.0793171 -0.728531 -0.132852 -0.917292 8.64189e-07 0.398215 
0.129539 -0.799006 -0.0784332 -0.877085 -0.292933 0.380673 
-0.0723882 -0.280458 0.0540685 0.398196 4.24622e-06 0.917301 
-0.00542281 -0.855444 0.350531 0.0 -1.0 -0.0 
0.196532 -0.855443 0.272187 -0.0 -1.0 -0.0 
-0.26557 0.754501 0.775374 0.0 -1.0 -0.0 
-0.163698 0.653007 0.0937051 0.398192 3.02275e-06 0.917302 
0.673257 0.731453 -0.31383 0.511329 -0.830241 -0.221909 
0.353501 -0.835899 -0.349893 0.751823 -0.0 -0.659365 
0.248565 0.78226 0.612395 -0.0 1.0 -0.0 
-0.151148 0.754501 0.735657 -0.0 -1.0 -0.0 
0.815846 0.754501 -0.478442 -0.0 -1.0 0.0 
0.395037 0.782261 -0.631484 -0.0 1.0 -0.0 
0.0635563 -0.855443 0.187648 -0.0 -1.0 -0.0 
-0.0922169 0.329908 0.0172856 -0.398195 -1.89e-06 -0.917301 
0.459856 0.78226 0.157511 0.0 1.0 0.0 
-0.665224 0.78226 0.399229 -0.0 1.0 -0.0 
0.00930704 -0.447115 0.0682021 -0.394574 -0.134713 -0.908935 
-0.908151 0.754501 -0.0709517 0.0 -1.0 0.0 
-0.0740744 0.754501 0.608701 -0.0 -1.0 -0.0 
0.30285 0.754501 0.296133 -0.0 -1.0 -0.0 
0.137543 -0.326372 -0.0824499 -0.398163 4.07324e-07 -0.917315 
-0.363276 -0.739741 0.134949 -0.398182 8.39072e-06 -0.917306 
-0.340255 0.637334 0.124957 -0.398177 -1.94539e-05 -0.917308 
-0.540455 0.78226 -0.449972 0.0 1.0 0.0 
0.391055 0.782261 0.0334523 0.0 1.0 0.0 
0.831191 0.754501 -0.364603 0.0 -1.0 -0.0 
-0.0607292 -0.206388 -0.1946 0.917297 -7.34622e-07 -0.398204 
0.455374 0.78226 -0.658678 0.0 1.0 0.0 
0.215621 0.151481 -0.0709517 0.398212 1.39742e-06 0.917294 
0.364111 0.78226 0.661813 0.0 1.0 0.0 
0.14192 0.715698 -0.0843488 -0.398215 8.68479e-07 -0.917292 
-0.315276 0.754501 0.501519 0.0 -1.0 0.0 
0.262443 0.754501 0.240912 -0.0 -1.0 0.0 
0.345955 -0.671454 -0.146497 0.808564 0.472325 -0.350903 
-0.995143 0.774026 0.0543035 -0.996615 0.0 0.0822101 
0.768828 0.78226 -0.533296 0.0 1.0 0.0 
-0.148025 0.78226 0.673501 0.0 1.0 0.0 
0.00687969 0.78226 0.187887 0.0 1.0 0.0 
-0.114045 -0.414528 -0.212859 -0.91729 1.13772e-06 0.398219 
0.768828 0.754501 -0.619496 -0.0 -1.0 0.0 
-0.65735 0.754501 -0.362876 -0.0 -1.0 0.0 
-0.155861 -0.663499 -0.336248 -0.351049 0.472304 -0.808513 
0.413487 -0.820226 -0.274697 0.831442 0.0 -0.555612 
0.188938 -0.855443 -0.0396063 -0.0 -1.0 0.0 
-0.84546 0.75488 -0.527904 -0.840704 0.0 -0.541495 
0.314319 0.386571 -0.159184 -0.398186 2.3092e-05 -0.917305 
-0.691566 0.754501 0.21803 0.0 -1.0 -0.0 
-0.273568 0.78226 -0.471471 0.0 1.0 0.0 
-0.130235 -0.240011 0.0791798 0.398144 2.34049e-07 0.917323 
-0.0993787 -0.855444 -0.423494 -0.0 -1.0 0.0 
0.261513 -0.855443 0.289309 -0.0 -1.0 -0.0 
0.0480542 -0.758389 0.160568 -0.917297 -7.62323e-07 0.398203 
-0.0388827 -0.813806 -0.0620202 0.0 1.0 0.0 
0.172738 0.153705 -0.0977264 -0.398178 -1.46926e-07 -0.917308 
-0.165396 0.754501 0.715884 0.0 -1.0 -0.0 
-0.0136979 0.0959551 -0.0862536 0.91729 -1.59563e-06 -0.39822 
-0.0336238 -0.855443 -0.416814 0.0 -1.0 0.0 
0.162516 -0.177646 0.0387571 0.980788 -0.0 0.195078 
-0.155861 0.78226 0.383556 0.0 1.0 0.0 
-0.884642 0.754501 0.258175 0.0 -1.0 -0.0 
0.142675 -0.593648 0.27398 0.917298 -6.58379e-06 -0.398202 
-0.586022 0.782261 0.366052 -0.0 1.0 -0.0 
-0.383728 0.78226 -0.202975 0.0 1.0 0.0 
-0.563352 0.715698 0.267191 0.39819 2.68072e-05 0.917303 
0.334695 0.754501 0.605407 0.0 -1.0 -0.0 
-0.123882 0.535462 -0.235515 -0.917305 5.99067e-06 0.398185 
-0.406625 0.754501 -0.69786 0.0 -1.0 0.0 
-0.0736442 0.78226 -0.0889602 -0.0 1.0 -0.0 
0.390601 -0.813806 -0.113725 0.0 1.0 0.0 
0.079229 -0.569463 -0.0571339 -0.398207 -0.0 -0.917296 
-0.734284 0.78226 0.411246 -0.0 1.0 -0.0 
-0.083367 0.78226 0.298856 -0.0 1.0 -0.0 
0.556279 0.78226 -0.62847 0.0 1.0 0.0 
-0.657388 0.78226 0.46192 -0.0 1.0 -0.0 
0.755187 0.78226 -0.0647211 0.0 1.0 0.0 
0.458631 0.78226 -0.188253 -0.0 1.0 -0.0 
-0.242147 0.43529 -0.18366 0.0 -1.0 0.0 
-0.335759 -0.855444 -0.0884036 -0.0 -1.0 -0.0 
-0.947332 0.782261 -0.274697 0.0 1.0 0.0 
0.789209 0.782261 -0.589213 0.0 1.0 0.0 
-0.833286 0.782261 -0.220225 -0.0 1.0 -0.0 
-0.900314 0.754501 0.399229 0.0 -1.0 -0.0 
-0.296093 0.782261 0.796375 -0.0 1.0 -0.0 
0.184069 -0.855444 -0.318555 -0.0 -1.0 0.0 
-0.060149 -0.425568 -0.193263 0.917297 -7.6205e-07 -0.398203 
0.510228 0.754501 -0.329551 -0.0 -1.0 0.0 
0.232893 -0.855443 0.0811392 -0.0 -1.0 0.0 
-0.00558387 0.78226 -0.234255 -0.0 1.0 -0.0 
-0.375279 -0.855443 0.0387571 0.0 -1.0 -0.0 
-0.082577 0.782261 -0.681722 -0.0 1.0 -0.0 
-0.359606 0.78226 -0.423587 0.0 1.0 0.0 
0.0471416 -0.855443 -0.0305692 -0.0 -1.0 0.0 
0.149756 0.78226 -0.917277 0.0 1.0 0.0 
-0.841571 0.777566 0.534538 -0.821987 0.0 0.569506 
-0.389604 -0.749699 0.156302 -0.736298 0.596421 0.319604 
-0.204557 -0.855444 -0.429652 0.0 -1.0 0.0 
0.329992 -0.796717 -0.120599 0.398191 4.03407e-06 0.917302 
0.540746 0.754501 -0.266331 -0.0 -1.0 0.0 
0.212447 -0.538118 -0.069574 0.398193 -3.52608e-07 0.917302 
-0.0546785 -0.702681 -0.180661 0.917297 -7.6205e-07 -0.398203 
-0.0098785 0.754501 -0.702848 -0.0 -1.0 0.0 
-0.743587 0.78226 0.281684 -0.0 1.0 -0.0 
0.484518 0.74549 -0.187676 0.39819 -1.14283e-05 0.917303 
-0.132393 0.30865 -0.328038 -0.368132 -0.381069 -0.848095 
-0.336097 0.754501 0.69701 -0.0 -1.0 -0.0 
-0.0919897 -0.230766 -0.162049 -0.917315 4.04327e-07 0.398163 
-0.35177 0.78226 0.407066 -0.0 1.0 -0.0 
-0.0966666 -0.154137 -0.172824 -0.917315 4.04327e-07 0.398163 
-0.532006 0.770552 -0.84431 -0.569507 0.0 -0.821987 
0.594416 0.673395 -0.278284 0.511329 -0.830241 -0.221909 
0.125355 -0.475427 -0.03177 0.398112 0.0 0.917337 
-0.353447 -0.855443 -0.195004 -0.0 -1.0 0.0 
0.352709 -0.817344 0.351947 0.75187 -0.0 0.659312 
-0.0526551 -0.428677 -0.176 0.917297 -7.6205e-07 -0.398203 
-0.398788 -0.855443 -0.259024 0.0 -1.0 0.0 
0.0713927 0.78226 -0.470605 0.0 1.0 0.0 
-0.320425 -0.624318 0.137045 -0.808531 0.472319 0.350988 
0.219713 -0.163686 -0.072728 0.398193 -3.52608e-07 0.917302 
-0.0410712 -0.0444278 -0.149315 0.917323 -2.39531e-07 -0.398145 
0.282007 0.782261 0.943038 -0.0 1.0 -0.0 
0.471046 0.551135 -0.181829 0.398199 1.0802e-05 0.917299 
0.624065 0.78226 0.233684 0.0 1.0 0.0 
0.345018 -0.813806 0.255059 0.0 1.0 0.0 
-0.30106 0.782261 0.200597 -0.0 1.0 -0.0 
0.424028 0.78226 -0.603823 0.0 1.0 0.0 
-0.622914 0.78226 -0.329866 0.0 1.0 0.0 
-0.163462 0.45971 0.0482136 -0.398163 -4.04327e-07 -0.917315 
0.0478836 0.78226 0.571629 0.0 1.0 0.0 
0.847191 0.78226 -0.400078 0.0 1.0 0.0 
0.376985 0.547033 -0.140997 0.398199 1.0802e-05 0.917299 
-0.669293 0.754501 0.672719 0.0 -1.0 -0.0 
0.235956 -0.855443 0.0309208 -0.0 -1.0 0.0 
0.14192 -0.855443 -0.423587 -0.0 -1.0 0.0 
0.552243 0.754501 0.387587 -0.0 -1.0 -0.0 
-0.00966867 0.754501 0.726139 0.0 -1.0 -0.0 
-0.0967587 -0.0505531 -0.231474 -0.396345 -0.0965173 -0.913014 
0.643446 0.754501 -0.674351 -0.0 -1.0 0.0 
-0.132352 0.754501 -0.964295 0.0 -1.0 0.0 
0.392231 0.782261 -0.442874 0.0 1.0 0.0 
-0.61037 0.754501 -0.494115 -0.0 -1.0 0.0 
0.503155 0.754501 0.780917 0.0 -1.0 -0.0 
0.0949949 0.637334 0.164139 0.917296 -2.84873e-06 -0.398205 
0.222542 0.690975 0.562535 -0.917303 -1.15694e-05 0.39819 
0.14192 -0.855443 -0.00826094 -0.0 -1.0 0.0 
0.479345 0.754501 0.064809 0.0 -1.0 -0.0 
0.22812 -0.436245 -0.0763775 0.398218 -1.13855e-06 0.917291 
0.308794 0.43529 0.0891243 -0.0 -1.0 -0.0 
0.572091 0.754501 -0.31573 -0.0 -1.0 0.0 
0.122383 -0.730093 0.331798 -0.917302 -7.70835e-06 0.398192 
0.893016 0.782261 -0.0964036 -0.0 1.0 -0.0 
0.596428 0.754501 -0.533296 -0.0 -1.0 0.0 
-0.250259 0.164622 0.131282 0.398167 2.14229e-06 0.917313 
0.669298 0.754501 0.687693 -0.0 -1.0 -0.0 
0.422265 0.754501 -0.0170935 -0.0 -1.0 0.0 
0.115008 0.78226 -0.00944326 0.0 1.0 0.0 
0.0734166 -0.373554 0.218993 -0.917297 -7.30844e-07 0.398204 
0.330288 0.43529 0.252371 -0.0 -1.0 -0.0 
0.153088 0.32388 0.328702 0.341906 -0.512511 0.787676 
-0.915987 0.754501 -0.384406 0.0 -1.0 0.0 
-0.405512 0.78226 -0.252934 0.0 1.0 0.0 
-0.76836 0.754501 0.522777 0.0 -1.0 -0.0 
-0.0618252 -0.256009 -0.197125 0.917297 -7.34622e-07 -0.398204 
-0.0579142 -0.06024 -0.188116 0.917297 -7.34622e-07 -0.398204 
0.518064 0.754501 0.281684 -0.0 -1.0 -0.0 
-0.691081 0.751951 0.277246 -0.39819 2.29977e-05 -0.917303 
-0.0768205 0.78226 -0.156901 -0.0 1.0 -0.0 
-0.0762579 -0.741863 -0.125806 -0.917274 -0.0 0.398257 
0.0942991 -0.507283 0.162536 0.917315 4.07324e-07 -0.398163 
-0.453643 0.78226 0.493265 0.0 1.0 0.0 
0.0818627 -0.0592373 0.133885 0.917292 8.68002e-07 -0.398215 
0.314844 -0.608645 -0.133643 0.808564 0.472325 -0.350903 
0.63561 0.754501 0.532447 -0.0 -1.0 -0.0 
-0.430134 0.782261 -0.486278 0.0 1.0 0.0 
-0.0342687 -0.224664 -0.133643 0.917318 0.0 -0.398156 
0.250837 -0.813806 0.0811338 0.0 1.0 0.0 
-0.493535 -0.851572 -0.0787881 -0.980788 0.0 -0.195077 
-0.0696616 0.598153 -0.110614 -0.917292 8.64189e-07 0.398215 
0.102738 -0.687008 0.286543 -0.917302 -7.70159e-06 0.398192 
0.0768177 -0.545954 0.226829 -0.91731 -9.8153e-07 0.398174 
-0.173737 0.605989 -0.454933 0.917303 -6.98969e-06 -0.398191 
-0.563352 0.78226 0.532447 0.0 1.0 0.0 
0.0243746 -0.855444 0.281684 0.0 -1.0 0.0 
-0.516333 0.78226 0.657829 -0.0 1.0 -0.0 
0.447838 0.476886 -0.112328 0.966818 0.0 -0.255468 
-0.1647 0.723534 -0.329551 -0.917303 -7.58361e-06 0.39819 
-0.0134847 -0.855443 -0.275888 -0.0 -1.0 -0.0 
-0.143715 0.0777785 0.0396418 -0.398215 -8.63474e-07 -0.917292 
0.0394034 0.0590974 -0.00621179 -0.916974 0.0270442 0.39803 
-0.492824 0.754501 0.720519 0.0 -1.0 -0.0 
-0.111292 -0.813806 -0.476077 0.0 1.0 0.0 
0.0665446 0.754501 0.2401 0.0 -1.0 -0.0 
0.381058 0.78226 -0.0406088 -0.0 1.0 -0.0 
-0.213839 0.754501 0.118045 -0.0 -1.0 0.0 
-0.497038 0.754501 0.747995 0.0 -1.0 0.0 
-0.112326 0.78226 0.331463 -0.0 1.0 -0.0 
-0.101636 0.78226 -0.536402 0.0 1.0 0.0 
-0.0931706 0.370899 -0.269335 0.917309 -6.30761e-06 -0.398176 
-0.032012 -0.855443 -0.0786683 -0.0 -1.0 0.0 
-0.0815666 0.754501 0.449633 0.0 -1.0 -0.0 
-0.351447 -0.855444 -0.0895859 -0.0 -1.0 -0.0 
-0.410863 -0.813806 0.20728 -0.0 1.0 0.0 
-0.418019 0.754501 -0.381433 0.0 -1.0 0.0 
