ply
format ascii 1.0
comment VCGLIB generated
element vertex 2000
property float x
property float y
property float z
property float nx
property float ny
property float nz
element face 0
property list uchar int vertex_indices
end_header
-0.95849 0.632445 0.3305 0.0 -1.0 0.0 
-0.937706 0.671718 -0.161143 0.0 1.0 -0.0 
-0.333162 0.632445 0.329555 0.0 -1.0 0.0 
-0.311883 0.671718 -0.0819433 0.0 1.0 -0.0 
-0.777354 0.671718 -0.416684 0.0 1.0 -0.0 
-0.0233647 0.671718 0.391587 0.0 1.0 0.0 
-0.484114 0.112923 0.0144928 0.999122 -0.0 0.0418972 
-0.498641 -0.228285 0.225025 0.0 -1.0 -0.0 
0.164262 0.632445 0.276255 -0.0 -1.0 -0.0 
0.506338 -0.20848 0.141817 0.999122 0.000209626 0.0419068 
-0.863512 0.671718 -0.150313 0.0 1.0 -0.0 
0.469224 0.17149 0.165245 -0.0418287 -0.0 0.999125 
0.384933 0.632445 0.24748 -0.0 -1.0 -0.0 
-0.0864055 0.671718 0.14541 0.0 1.0 0.0 
-0.728901 0.671718 -0.262407 0.0 1.0 -0.0 
-0.483009 -0.170744 -0.0118606 0.999122 -0.0 0.0418972 
-0.513198 0.671718 -0.0242237 0.0 1.0 -0.0 
-0.439849 0.671719 0.370209 0.0 1.0 0.0 
-0.39724 0.632445 0.312939 0.0 -1.0 0.0 
-0.462052 0.671718 0.269145 0.0 1.0 0.0 
0.449882 0.632445 0.545968 0.0 -1.0 0.0 
0.78494 0.632445 0.149365 0.0 -1.0 0.0 
-0.591236 0.671718 -0.250323 0.0 1.0 -0.0 
0.119297 0.671718 -0.0344611 0.0 1.0 -0.0 
-0.513198 0.671718 0.519183 -0.0 1.0 -0.0 
-0.30942 0.671718 0.119175 0.0 1.0 -0.0 
0.912621 0.659461 -0.114792 0.999123 0.0 0.0418794 
0.336978 -0.135013 -0.145536 0.0 -1.0 -0.0 
-0.591342 0.234413 0.0719866 -0.999122 0.0 -0.0418951 
0.794294 0.632445 -0.295839 0.0 -1.0 -0.0 
-0.489677 -0.0130364 0.125052 -0.0418296 -0.0 0.999125 
0.405343 0.0319506 0.0505448 -0.999124 -0.0 -0.0418433 
-0.548174 -0.228285 0.0924338 -0.0 -1.0 -0.0 
0.181304 0.632445 -0.0918897 0.0 -1.0 -0.0 
0.00756679 0.632445 -0.0468657 0.0 -1.0 -0.0 
-0.965915 0.648547 -0.310912 -0.999123 0.0 -0.0418796 
0.837772 0.671718 0.55692 -0.0 1.0 -0.0 
0.602344 0.632445 0.0638937 0.0 -1.0 0.0 
0.472103 -0.174286 -0.0603811 -0.0 1.0 -0.0 
-0.513198 0.463231 0.124067 -0.0418296 0.0 0.999125 
-0.407536 0.632445 -0.122339 -0.0 -1.0 -0.0 
0.305879 0.653012 -0.425694 0.0418738 -0.0 -0.999123 
0.286818 -0.216028 0.157602 -0.0418828 -0.0 0.999123 
-0.653295 0.671718 -0.249803 0.0 1.0 -0.0 
-0.127193 0.632445 0.0139051 0.0 -1.0 0.0 
-0.777354 0.671718 -0.190265 0.0 1.0 -0.0 
-0.48249 0.138696 -0.0242237 0.999122 -0.0 0.0418972 
0.460406 0.632445 0.458805 0.0 -1.0 0.0 
0.226439 0.671718 -0.0166764 -0.0 1.0 -0.0 
0.211705 0.65061 0.553045 -0.0418763 0.0 0.999123 
0.396593 -0.221543 0.259344 -0.999121 -0.0 -0.0419076 
0.29619 -0.174286 0.0033421 -0.0 1.0 0.0 
0.727425 0.671718 -0.0450146 0.0 1.0 0.0 
-0.676828 0.632445 0.28428 0.0 -1.0 0.0 
0.883055 0.671718 -0.0996969 -0.0 1.0 -0.0 
-0.574948 0.423756 -0.0619569 0.041965 0.0 -0.999119 
0.909689 0.668621 -0.0448442 0.999123 0.0 0.0418794 
0.401217 -0.142308 0.149078 -0.999124 -0.0 -0.0418433 
-0.196211 0.671718 -0.416684 0.0 1.0 -0.0 
-0.89188 0.671718 0.495947 0.0 1.0 0.0 
0.467953 -0.228285 0.338048 0.0 -1.0 -0.0 
0.78494 0.632445 -0.378948 -0.0 -1.0 -0.0 
-0.578129 -0.20695 0.357188 -0.0418972 0.0 0.999122 
0.352219 0.671719 0.164267 0.0 1.0 0.0 
-0.611313 0.632445 -0.137433 -0.0 -1.0 -0.0 
-0.890564 0.632445 -0.243096 0.0 -1.0 0.0 
-0.481155 0.11979 -0.0560685 0.999122 -0.0 0.0418972 
0.573615 0.632445 0.0663441 0.0 -1.0 0.0 
0.462719 0.642246 0.563566 -0.0418763 0.0 0.999123 
-0.888644 0.671718 -0.136457 0.0 1.0 -0.0 
0.499127 0.0173062 -0.0169363 0.0420229 0.0 -0.999117 
-0.390164 0.632445 0.0891933 0.0 -1.0 0.0 
-0.852827 0.671718 0.224838 0.0 1.0 -0.0 
0.505555 0.312064 0.160569 0.999124 -0.0 0.0418456 
-0.188663 -0.228285 0.0512495 -0.0 -1.0 -0.0 
0.405061 0.0356121 0.0572837 -0.999124 -0.0 -0.0418433 
0.51214 0.445656 0.00334451 0.999124 0.0 0.0418456 
-0.769807 0.632445 0.0814387 0.0 -1.0 0.0 
-0.483009 0.402852 -0.0118606 0.999122 -0.0 0.0418972 
-0.249042 0.671718 -0.197812 0.0 1.0 -0.0 
0.0914318 0.671718 0.0242928 0.0 1.0 0.0 
-0.587402 0.0223301 -0.0219766 -0.999122 -0.0 -0.0418951 
0.458957 0.671718 0.103493 -0.0 1.0 -0.0 
0.402592 0.385978 0.116246 -0.999124 -0.0 -0.0418433 
0.504066 -0.226786 0.196059 0.999122 0.000209626 0.0419068 
-0.747165 0.671718 0.458805 -0.0 1.0 -0.0 
0.495885 -0.228285 -0.109862 0.0 -1.0 -0.0 
-0.0041942 0.671718 0.086242 0.0 1.0 0.0 
0.51124 -0.22346 0.0248516 0.999124 -0.000265242 0.0418456 
0.807582 0.671718 -0.122339 -0.0 1.0 -0.0 
-0.118695 0.664051 0.539197 -0.0418763 -0.0 0.999123 
0.0780884 0.671718 0.488498 0.0 1.0 0.0 
-0.136268 0.671718 -0.42857 0.0 1.0 -0.0 
-0.485968 -0.0678733 0.0587131 0.999122 -0.0 0.0418972 
0.152434 0.632445 -0.374169 -0.0 -1.0 -0.0 
-0.0603591 0.671718 0.52673 -0.0 1.0 -0.0 
-0.830185 0.671718 0.398426 0.0 1.0 -0.0 
-0.828481 0.632445 0.0361709 0.0 -1.0 0.0 
-0.413429 0.671718 -0.344452 0.0 1.0 -0.0 
0.8307 0.671718 -0.344104 -0.0 1.0 -0.0 
-0.600063 0.671718 -0.117933 0.0 1.0 -0.0 
-0.347157 -0.228285 0.0210602 -0.0 -1.0 -0.0 
0.510083 -0.0085531 0.0524598 0.999124 0.0 0.0418456 
0.41864 0.632445 0.335262 -0.0 -1.0 -0.0 
0.81513 0.632445 0.421068 0.0 -1.0 0.0 
0.573615 0.632445 -0.258191 0.0 -1.0 -0.0 
-0.926687 0.671718 -0.292764 0.0 1.0 -0.0 
-0.158474 0.671718 -0.3714 0.0 1.0 -0.0 
-0.860375 0.632445 0.383331 -0.0 -1.0 0.0 
0.275937 0.671719 0.280803 0.0 1.0 0.0 
0.883055 0.671718 0.481447 -0.0 1.0 -0.0 
-0.676243 0.671718 0.0248299 0.0 1.0 -0.0 
0.18505 0.632445 0.057667 0.0 -1.0 -0.0 
0.256628 0.632445 -0.326116 -0.0 -1.0 -0.0 
0.512807 -0.142379 -0.0125735 0.999124 0.0 0.0418456 
0.334389 -0.115377 -0.121984 0.0 1.0 0.0 
-0.629596 0.632445 -0.0646647 0.0 -1.0 0.0 
-0.481682 0.632445 -0.138106 -0.0 -1.0 -0.0 
-0.577086 -0.212736 -0.268144 -0.999123 0.0 -0.0418746 
-0.503819 0.0997245 0.12446 -0.0418296 -0.0 0.999125 
0.667926 0.671718 0.221729 -0.0 1.0 -0.0 
0.19625 0.671718 0.360689 -0.0 1.0 -0.0 
-0.263064 -0.174286 -0.0368097 0.0 1.0 0.0 
0.419168 -0.134253 0.163149 -0.0418287 -0.0 0.999125 
-0.353364 0.666706 0.529362 -0.0418763 -0.0 0.999123 
-0.853436 0.671718 0.343148 0.0 1.0 -0.0 
-0.455109 0.671718 -0.148792 0.0 1.0 -0.0 
0.431882 0.632445 -0.0641705 0.0 -1.0 -0.0 
0.415993 -0.194492 -0.203636 -0.999123 -0.0 -0.0418662 
-0.739618 0.632445 0.255027 -0.0 -1.0 -0.0 
-0.998351 0.671718 0.499336 0.0 1.0 -0.0 
0.488975 -0.160327 0.166072 -0.0418287 -0.0 0.999125 
0.898068 0.651914 0.232385 0.999123 0.0 0.0418794 
0.656636 0.671718 0.0738914 -0.0 1.0 -0.0 
-0.105643 0.671718 0.255027 -0.0 1.0 -0.0 
0.406044 -0.0483082 0.0338304 -0.999124 -0.0 -0.0418433 
0.415122 -0.228285 -0.031771 0.0 -1.0 -0.0 
0.445716 0.671718 0.302077 0.0 1.0 0.0 
-0.643639 0.632445 0.290975 -0.0 -1.0 -0.0 
0.766391 0.632445 0.545779 -0.0 -1.0 -0.0 
0.0483897 0.632445 0.00270922 0.0 -1.0 0.0 
0.0495093 -0.174286 0.114924 -0.0 1.0 0.0 
-0.0370574 0.632445 -0.427261 -0.0 -1.0 -0.0 
-0.520659 0.632445 0.15517 0.0 -1.0 0.0 
0.285164 0.671718 -0.314845 0.0 1.0 -0.0 
0.266963 -0.135013 -0.144951 0.0 -1.0 -0.0 
-0.407536 0.671718 0.00596556 0.0 1.0 -0.0 
-0.369799 0.632445 -0.250643 -0.0 -1.0 -0.0 
-0.485742 0.151962 0.0533142 0.999122 -0.0 0.0418972 
-0.252079 -0.115377 -0.134072 0.0 1.0 0.0 
-0.882448 0.671718 0.235804 0.0 1.0 -0.0 
0.520784 0.632445 0.0512495 0.0 -1.0 0.0 
0.507012 0.448597 0.125769 0.999124 -0.0 0.0418456 
0.0528507 0.671718 -0.0619603 0.0 1.0 -0.0 
0.686825 0.632445 0.398426 -0.0 -1.0 -0.0 
-0.560543 -0.174286 -0.107491 -0.0 1.0 -0.0 
0.564619 0.671718 -0.0512188 -0.0 1.0 -0.0 
-0.0132572 0.671718 0.35016 0.0 1.0 0.0 
-0.618252 0.671718 -0.439326 0.0 1.0 -0.0 
-0.316968 0.632445 0.368237 0.0 -1.0 0.0 
-0.166021 0.632445 0.338048 0.0 -1.0 0.0 
0.0228691 -0.174286 0.0849701 -0.0 1.0 0.0 
0.406983 0.0752201 0.0114039 -0.999124 0.0 -0.0418433 
-0.527507 0.368829 -0.0599663 0.04192 -2.3622e-06 -0.999121 
-0.158474 -0.12546 -0.175525 0.0418693 0.0 -0.999123 
0.222328 -0.228285 0.111485 0.0 -1.0 -0.0 
-0.591022 -0.0483756 0.064352 -0.999122 0.0 -0.0418951 
0.0679453 0.671718 0.496541 -0.0 1.0 -0.0 
0.0302087 0.671718 0.172007 -0.0 1.0 -0.0 
0.509908 0.576312 0.056641 0.999124 -0.0 0.0418456 
0.50571 0.300537 0.156858 0.999124 -0.0 0.0418456 
-0.805123 0.667419 -0.472257 0.0418738 0.0 -0.999123 
0.519611 -0.225201 -0.174811 0.999122 0.0 0.0419063 
0.416069 0.671718 -0.297718 0.0 1.0 -0.0 
0.707771 0.632445 0.549076 -0.0 -1.0 -0.0 
-0.905658 0.632445 0.126723 0.0 -1.0 0.0 
-0.920753 0.671718 0.202196 0.0 1.0 -0.0 
-0.218853 0.671718 -0.114792 0.0 1.0 -0.0 
0.404361 0.0231168 0.0740024 -0.999124 -0.0 -0.0418433 
0.0869502 0.633683 -0.43487 0.0418738 0.0 -0.999123 
-0.825489 0.632445 -0.251136 0.0 -1.0 0.0 
-0.361733 0.632445 -0.0308501 0.0 -1.0 0.0 
0.0146787 0.671718 -0.207554 0.0 1.0 -0.0 
-0.484113 0.0313679 0.0144685 0.999122 -0.0 0.0418972 
0.226439 0.671718 0.0814387 -0.0 1.0 -0.0 
-0.6659 0.671718 -0.359269 0.0 1.0 -0.0 
-0.980779 0.651914 0.0437021 -0.999123 -0.0 -0.0418796 
-0.603189 -0.215332 0.354675 -0.999123 -0.0 -0.0418746 
-0.425666 0.671718 -0.374435 0.0 1.0 -0.0 
-0.45695 0.632445 -0.164067 -0.0 -1.0 -0.0 
0.508869 0.621724 0.0814387 0.999124 -0.0 0.0418456 
-0.481522 0.553874 -0.0473164 0.999122 -0.0 0.0418972 
-0.520745 0.591535 0.123751 -0.0418296 0.0 0.999125 
0.701924 0.671718 -0.216729 0.0 1.0 0.0 
0.923221 0.646005 -0.367675 0.999123 0.0 0.0418794 
0.878882 0.671718 0.122016 0.0 1.0 0.0 
-0.856365 0.671718 -0.129016 0.0 1.0 -0.0 
-0.709428 0.671718 0.466352 -0.0 1.0 -0.0 
0.514674 0.632445 0.391367 0.0 -1.0 0.0 
0.508732 0.205515 -0.0165323 0.0420229 0.0 -0.999117 
-0.431421 -0.115377 -0.153998 0.0 1.0 -0.0 
0.272587 0.632445 0.55403 0.0 -1.0 0.0 
-0.592866 0.435334 0.108327 -0.999122 0.0 -0.0418951 
-0.0793082 -0.199241 -0.0411809 0.0418726 0.0 -0.999123 
0.596257 0.632445 0.285216 -0.0 -1.0 -0.0 
0.516418 0.632445 0.242043 -0.0 -1.0 -0.0 
0.337238 0.632445 -0.102499 0.0 -1.0 -0.0 
-0.162267 0.632445 -0.375932 -0.0 -1.0 -0.0 
-0.582141 -0.174286 -0.139505 -0.0 1.0 -0.0 
-0.592185 0.590428 0.0920988 -0.999122 -0.0 -0.0418951 
0.39248 0.632445 -0.054413 0.0 -1.0 -0.0 
0.597542 0.671718 -0.250102 0.0 1.0 -0.0 
-0.662676 0.632445 0.0826267 -0.0 -1.0 -0.0 
-0.588724 0.604699 0.00955801 -0.999122 -0.0 -0.0418951 
-0.920753 0.671718 0.156912 0.0 1.0 -0.0 
-0.590789 0.282095 0.0587968 -0.999122 0.0 -0.0418951 
-0.374464 0.632445 -0.437192 -0.0 -1.0 -0.0 
-0.135832 0.632445 0.44371 0.0 -1.0 0.0 
-0.520745 0.671718 0.504088 -0.0 1.0 -0.0 
-0.592267 -0.186874 0.0940713 -0.999123 0.0 -0.0418746 
-0.109315 0.671718 0.248036 0.0 1.0 0.0 
-0.855792 0.671718 -0.426837 0.0 1.0 -0.0 
-0.181254 0.671718 -0.312299 0.0 1.0 -0.0 
-0.898111 0.632445 0.24748 0.0 -1.0 0.0 
-0.249042 0.671718 -0.0166764 0.0 1.0 -0.0 
0.113229 0.632445 0.277669 -0.0 -1.0 -0.0 
-0.332062 0.632445 -0.341211 -0.0 -1.0 -0.0 
-0.531684 0.577675 0.123293 -0.0418296 0.0 0.999125 
0.400283 -0.224892 0.171349 -0.999121 -0.0 -0.0419076 
0.904611 0.667674 0.0763092 0.999123 0.0 0.0418794 
0.396364 -0.193145 0.264798 -0.999121 0.0 -0.0419076 
0.907421 0.65333 0.00926467 0.999123 0.0 0.0418794 
0.718597 0.671718 0.0793963 0.0 1.0 0.0 
-0.979907 0.632445 0.160094 0.0 -1.0 0.0 
0.28196 -0.174286 -0.0136463 0.0 1.0 0.0 
0.717014 0.632445 0.3305 0.0 -1.0 0.0 
-0.559429 -0.228285 -0.259651 -0.0 -1.0 -0.0 
-0.54798 0.0713332 0.122611 -0.0418296 -0.0 0.999125 
0.309648 0.632445 -0.342809 -0.0 -1.0 -0.0 
-0.483743 0.0577121 0.0056559 0.999122 -0.0 0.0418972 
-0.399988 0.671718 -0.326116 0.0 1.0 -0.0 
0.483186 -0.228285 0.179777 -0.0 -1.0 -0.0 
0.113736 0.671719 0.494985 0.0 1.0 0.0 
0.43571 0.671718 0.489806 0.0 1.0 0.0 
-0.588671 -0.12546 0.00829171 -0.999122 0.0 -0.0418951 
-0.754712 0.671718 -0.303474 0.0 1.0 -0.0 
0.0503379 0.632445 0.0548295 0.0 -1.0 -0.0 
-0.445272 0.632445 0.322953 0.0 -1.0 0.0 
0.50569 -0.00470285 -0.0166603 0.0420229 0.0 -0.999117 
0.51131 0.247207 0.0231535 0.999124 0.0 0.0418456 
-0.769807 0.632445 0.0663441 0.0 -1.0 0.0 
0.890603 0.671718 -0.356306 -0.0 1.0 -0.0 
-0.371146 0.671718 -0.0357853 0.0 1.0 -0.0 
0.284623 -0.174286 0.108065 -0.0 1.0 0.0 
-0.00752784 0.632445 -0.394042 -0.0 -1.0 -0.0 
-0.199779 -0.115377 -0.127735 -0.0 1.0 0.0 
-0.32746 0.632445 -0.0454994 0.0 -1.0 0.0 
0.341793 0.632445 0.395782 -0.0 -1.0 -0.0 
-0.540226 -0.174286 -0.195658 -0.0 1.0 -0.0 
-0.966037 0.671718 0.481447 0.0 1.0 -0.0 
0.462791 0.65562 -0.419118 0.0418738 -0.0 -0.999123 
0.369838 0.632445 -0.0695076 0.0 -1.0 -0.0 
-0.591688 0.113179 0.0802286 -0.999122 0.0 -0.0418951 
0.437764 0.671718 0.541825 -0.0 1.0 -0.0 
0.349913 0.632445 0.513147 0.0 -1.0 0.0 
-0.362252 0.632445 0.172007 0.0 -1.0 0.0 
-0.84528 0.632445 -0.386495 -0.0 -1.0 -0.0 
0.407524 -0.100447 -0.00152872 -0.999124 -0.0 -0.0418433 
-0.591954 0.632445 -0.335309 -0.0 -1.0 -0.0 
0.823776 0.632445 0.105763 0.0 -1.0 -0.0 
-0.776612 0.671718 0.188712 0.0 1.0 -0.0 
0.399799 0.634704 0.560929 -0.0418763 0.0 0.999123 
-0.263291 -0.115377 -0.160997 0.0 1.0 -0.0 
-0.592197 0.0681331 0.0923766 -0.999122 0.0 -0.0418951 
0.353601 0.671718 -0.129426 0.0 1.0 0.0 
0.529105 0.671718 0.026304 -0.0 1.0 -0.0 
1.94758e-05 0.671718 -0.0242237 0.0 1.0 -0.0 
-0.7148 0.632445 0.479254 -0.0 -1.0 -0.0 
-0.48499 -0.0496682 0.0353864 0.999122 -0.0 0.0418972 
0.436676 0.235924 0.163882 -0.0418287 0.0 0.999125 
0.521675 -0.209558 -0.224028 0.999122 0.0 0.0419063 
-0.0164219 0.671718 0.483603 -0.0 1.0 -0.0 
0.506096 0.114022 0.147657 0.999124 -0.0 0.0418456 
0.399285 0.671718 -0.227259 0.0 1.0 -0.0 
0.40104 0.016426 0.153293 -0.999124 -0.0 -0.0418433 
-0.709428 0.671718 0.0587968 0.0 1.0 -0.0 
0.551378 0.671718 0.147365 0.0 1.0 0.0 
0.508825 0.401072 -0.0165285 0.0420229 0.0 -0.999117 
0.652277 0.632445 -0.208325 0.0 -1.0 -0.0 
-0.0146396 0.671718 -0.107011 0.0 1.0 -0.0 
0.445311 0.671718 -0.273285 0.0 1.0 -0.0 
-0.778218 0.632445 0.312943 -0.0 -1.0 0.0 
0.413979 0.671718 -0.259067 0.0 1.0 -0.0 
0.522159 -0.216028 -0.235549 0.999122 0.0 0.0419063 
0.355976 0.632445 -0.348861 -0.0 -1.0 -0.0 
-0.338836 0.671718 0.512707 0.0 1.0 0.0 
0.611352 0.632445 -0.386495 -0.0 -1.0 -0.0 
0.405627 0.4967 0.0437828 -0.999124 0.0 -0.0418433 
0.143418 0.667008 0.550183 -0.0418763 -0.0 0.999123 
0.33239 -0.21665 -0.023927 0.0418726 -0.0 -0.999123 
0.811776 0.632445 0.0348244 0.0 -1.0 -0.0 
-0.905658 0.632445 -0.0770549 0.0 -1.0 0.0 
0.686825 0.671718 0.466352 -0.0 1.0 -0.0 
-0.513198 -0.170744 0.124067 -0.0418296 -0.0 0.999125 
-0.0132767 0.632445 0.403142 -0.0 -1.0 -0.0 
0.408929 -0.174286 0.353325 0.0 1.0 -0.0 
0.721802 0.671718 0.23201 0.0 1.0 0.0 
0.815994 0.632445 0.249499 0.0 -1.0 -0.0 
0.473992 -0.117913 -0.0242237 0.999123 0.0 0.0418682 
0.110143 0.632445 0.133826 0.0 -1.0 -0.0 
-0.700196 0.671718 9.43038e-05 0.0 1.0 -0.0 
0.511082 0.60663 0.0286075 0.999124 -0.0 0.0418456 
-0.836653 0.671718 -0.282971 0.0 1.0 -0.0 
0.505412 0.0932593 0.163976 0.999124 -0.0 0.0418456 
0.324554 0.671718 -0.333664 0.0 1.0 -0.0 
-0.592669 0.630223 0.103636 -0.999122 -0.0 -0.0418951 
0.076337 -0.228285 0.0893031 0.0 -1.0 -0.0 
0.361058 0.632445 0.0952455 0.0 -1.0 -0.0 
-0.486887 0.128138 0.0806218 0.999122 -0.0 0.0418972 
0.4755 -0.228285 -0.114792 0.0 -1.0 -0.0 
0.506624 0.234538 0.135051 0.999124 -0.0 0.0418456 
-0.0702664 0.671718 0.302466 0.0 1.0 0.0 
0.304201 0.671718 -0.106496 0.0 1.0 0.0 
-0.33961 0.632445 0.172007 -0.0 -1.0 -0.0 
0.914458 0.671718 -0.224974 -0.0 1.0 -0.0 
0.261906 0.632445 0.40308 0.0 -1.0 0.0 
-0.641502 0.632445 -0.0846022 0.0 -1.0 0.0 
-0.905658 0.632445 0.488994 0.0 -1.0 0.0 
0.902569 0.650513 0.125018 0.999123 0.0 0.0418794 
0.507289 0.214169 0.119175 0.999124 -0.0 0.0418456 
-0.0607325 0.671718 -0.409858 0.0 1.0 -0.0 
0.634603 0.671718 0.262786 -0.0 1.0 -0.0 
-0.130582 -0.174286 0.0775293 -0.0 1.0 0.0 
-0.135832 0.671718 0.44371 -0.0 1.0 -0.0 
0.218892 0.632445 0.390879 0.0 -1.0 0.0 
-0.1981 0.671718 0.0501148 0.0 1.0 -0.0 
0.669226 0.632445 0.411392 -0.0 -1.0 -0.0 
0.507705 0.170977 0.109238 0.999124 -0.0 0.0418456 
0.822201 0.640691 -0.404055 0.0418738 -0.0 -0.999123 
-0.083001 0.632445 0.322953 0.0 -1.0 0.0 
-0.128285 0.632445 0.315406 0.0 -1.0 0.0 
-0.547508 0.169457 0.122631 -0.0418296 -0.0 0.999125 
0.294259 -0.174286 0.0823532 -0.0 1.0 0.0 
-0.0452288 0.671718 -0.0165212 0.0 1.0 -0.0 
0.490524 0.252203 0.166136 -0.0418287 -0.0 0.999125 
0.509995 0.159554 0.0545505 0.999124 0.0 0.0418456 
-0.496541 0.632445 -0.248146 -0.0 -1.0 -0.0 
0.317007 0.632445 0.390879 -0.0 -1.0 -0.0 
0.407885 0.0572642 -0.0101344 -0.999124 0.0 -0.0418433 
-0.42263 0.632445 0.428615 0.0 -1.0 0.0 
0.0528507 0.632445 -0.333664 -0.0 -1.0 -0.0 
0.173796 0.632445 -0.284247 -0.0 -1.0 -0.0 
0.460406 -0.228285 -0.212907 -0.0 -1.0 -0.0 
0.404056 0.405445 0.0812945 -0.999124 0.0 -0.0418433 
-0.339339 0.671718 0.155014 0.0 1.0 -0.0 
0.627322 0.671718 -0.242582 0.0 1.0 0.0 
0.506375 0.125072 0.140977 0.999124 -0.0 0.0418456 
-0.229569 0.671718 0.232455 0.0 1.0 0.0 
0.211344 0.667008 -0.429656 0.0418738 -0.0 -0.999123 
-0.998475 0.650201 0.465891 -0.999123 -0.0 -0.0418796 
-0.132498 0.671718 0.158145 0.0 1.0 0.0 
0.840163 0.671718 0.170555 -0.0 1.0 -0.0 
0.914835 0.636819 -0.167623 0.999123 0.0 0.0418794 
0.506918 -0.128683 0.128017 0.999124 0.0 0.0418456 
0.241534 0.671718 0.428615 -0.0 1.0 -0.0 
-0.588102 0.0486629 -0.00529364 -0.999122 0.0 -0.0418951 
0.88562 0.671718 -0.353147 0.0 1.0 0.0 
-0.82384 0.632445 0.188511 0.0 -1.0 0.0 
0.767678 0.632445 0.239934 0.0 -1.0 0.0 
0.407993 0.269969 -0.0127269 -0.999124 0.0 -0.0418433 
-0.262178 -0.174286 0.104124 -0.0 1.0 0.0 
0.233986 0.671718 0.541825 -0.0 1.0 -0.0 
0.509108 0.205841 0.0757315 0.999124 0.0 0.0418456 
-0.859715 0.632445 0.0337639 0.0 -1.0 0.0 
0.829102 0.632445 0.169909 0.0 -1.0 -0.0 
0.621362 0.671718 0.0761694 0.0 1.0 0.0 
-0.158765 0.632445 0.361431 0.0 -1.0 0.0 
0.401492 0.596947 0.142519 -0.999124 0.0 -0.0418433 
-0.326171 0.669468 -0.452184 0.0418738 -0.0 -0.999123 
-0.875469 0.632445 -0.461968 -0.0 -1.0 -0.0 
0.437764 0.671718 0.141817 -0.0 1.0 -0.0 
0.445311 0.561346 0.164244 -0.0418287 0.0 0.999125 
-0.581124 0.0481284 0.121223 -0.0418296 0.0 0.999125 
0.180146 0.671718 0.326675 0.0 1.0 0.0 
-0.700412 0.632445 0.103774 -0.0 -1.0 -0.0 
0.609554 0.632445 0.0267089 0.0 -1.0 -0.0 
-0.489995 -0.0967782 -0.0583938 0.0420152 0.0 -0.999117 
-0.486261 0.214177 0.0656857 0.999122 -0.0 0.0418972 
-0.268924 0.671718 -0.064061 0.0 1.0 -0.0 
-0.603597 0.671718 -0.117303 0.0 1.0 -0.0 
-0.486605 0.0834745 0.0738946 0.999122 -0.0 0.0418972 
-0.55062 0.354601 0.1225 -0.0418296 0.0 0.999125 
-0.556216 0.0461541 -0.06117 0.041965 -0.0 -0.999119 
-0.588311 -0.184976 -0.00032506 -0.999123 0.0 -0.0418746 
0.641541 0.632445 0.0738914 0.0 -1.0 0.0 
0.188702 0.671718 0.504088 -0.0 1.0 -0.0 
-0.48249 0.214169 -0.0242237 0.999122 -0.0 0.0418972 
-0.279231 0.671718 0.088986 0.0 1.0 -0.0 
-0.966037 0.632445 0.345595 0.0 -1.0 0.0 
0.509105 -0.0478484 0.0758163 0.999124 0.0 0.0418456 
0.377385 0.632445 0.421068 0.0 -1.0 0.0 
-0.2159 -0.118585 -0.177932 0.0418693 -0.0 -0.999123 
0.321648 -0.135013 -0.119481 0.0 -1.0 -0.0 
-0.784261 0.671718 -0.103084 0.0 1.0 -0.0 
0.824688 0.632445 0.236104 0.0 -1.0 -0.0 
0.10331 0.632445 0.0578877 0.0 -1.0 -0.0 
0.403507 0.244961 0.0943882 -0.999124 -0.0 -0.0418433 
-0.369799 0.632445 -0.386495 -0.0 -1.0 -0.0 
-0.299698 0.632445 -0.128542 -0.0 -1.0 -0.0 
-0.799765 0.671718 -0.323296 0.0 1.0 -0.0 
0.417287 -0.220168 0.39891 -0.0418739 -0.0 0.999123 
0.08304 0.671718 0.24748 -0.0 1.0 -0.0 
0.489032 0.632445 -0.0451243 0.0 -1.0 -0.0 
-0.025956 0.671718 0.11162 0.0 1.0 0.0 
0.015951 -0.174286 0.0164752 0.0 1.0 0.0 
0.066948 0.632445 0.0697983 0.0 -1.0 -0.0 
0.505587 -0.040203 0.159799 0.999124 -0.0 0.0418456 
-0.590156 0.629272 0.0437021 -0.999122 -0.0 -0.0418951 
-0.303998 0.671718 0.294076 -0.0 1.0 -0.0 
-0.124244 0.671718 -0.376595 0.0 1.0 -0.0 
0.509147 0.292312 0.0748112 0.999124 -0.0 0.0418456 
0.684096 0.671718 -0.106694 -0.0 1.0 -0.0 
-0.515954 0.555308 0.123952 -0.0418296 0.0 0.999125 
0.690587 0.632445 0.518885 0.0 -1.0 0.0 
0.401112 -0.0354615 0.151594 -0.999124 -0.0 -0.0418433 
0.415897 0.193387 0.163012 -0.0418287 0.0 0.999125 
-0.386578 0.671718 0.379653 0.0 1.0 0.0 
-0.591738 0.0858649 0.0814387 -0.999122 0.0 -0.0418951 
0.511398 0.116054 0.0210602 0.999124 0.0 0.0418456 
-0.985688 0.655913 0.160826 -0.999123 -0.0 -0.0418796 
0.289527 0.632445 0.305499 -0.0 -1.0 -0.0 
0.633994 0.671718 -0.205359 -0.0 1.0 -0.0 
-0.484442 0.406295 0.022317 0.999122 -0.0 0.0418972 
1.94758e-05 0.671718 -0.00912907 0.0 1.0 -0.0 
0.234768 -0.174286 0.0733675 -0.0 1.0 0.0 
0.704629 0.632445 0.0687694 0.0 -1.0 0.0 
-0.0931556 0.632445 0.261229 0.0 -1.0 0.0 
-0.957029 0.632445 -0.344987 0.0 -1.0 0.0 
-0.0174351 -0.228285 0.0643342 0.0 -1.0 -0.0 
-0.00830133 0.671718 0.360442 0.0 1.0 0.0 
0.50569 0.538704 0.157353 0.999124 -0.0 0.0418456 
-0.979802 0.632604 0.0203998 -0.999123 0.0 -0.0418796 
-0.279993 0.632445 0.014744 0.0 -1.0 0.0 
0.768519 0.632445 -0.341126 0.0 -1.0 -0.0 
-0.487445 -0.0588791 0.0939188 0.999122 -0.0 0.0418972 
-0.913744 0.671718 -0.00760239 0.0 1.0 -0.0 
-0.996807 0.643249 0.426075 -0.999123 -0.0 -0.0418796 
-0.486482 0.262605 0.0709634 0.999122 -0.0 0.0418972 
0.401668 0.146343 0.138305 -0.999124 -0.0 -0.0418433 
-0.0731763 0.632445 0.117193 0.0 -1.0 -0.0 
-0.0718134 0.671719 0.163571 0.0 1.0 0.0 
-0.362252 0.671718 0.239932 -0.0 1.0 -0.0 
-0.218417 -0.228285 0.00718792 -0.0 -1.0 -0.0 
0.0302087 0.671718 0.0663441 -0.0 1.0 -0.0 
0.507262 0.575485 0.11982 0.999124 -0.0 0.0418456 
0.406191 -0.0605891 0.0303049 -0.999124 -0.0 -0.0418433 
0.0958457 0.671718 0.159968 0.0 1.0 0.0 
0.507939 0.121242 0.103654 0.999124 -0.0 0.0418456 
0.506077 0.373127 0.148106 0.999124 -0.0 0.0418456 
-0.718979 0.632445 -0.383588 -0.0 -1.0 -0.0 
0.249081 -0.228285 0.149365 0.0 -1.0 -0.0 
-0.0301698 0.632445 0.3305 0.0 -1.0 0.0 
-0.981581 0.647844 0.0628353 -0.999123 0.0 -0.0418796 
0.153817 0.632445 0.0830016 0.0 -1.0 -0.0 
-0.589207 0.576441 0.0210602 -0.999122 -0.0 -0.0418951 
-0.126487 0.632445 0.339699 -0.0 -1.0 -0.0 
0.508151 -0.180717 0.0985497 0.999122 -0.0 0.0418895 
-0.297362 0.671718 -0.401865 0.0 1.0 -0.0 
0.280626 -0.219324 0.157343 -0.0418828 -0.0 0.999123 
0.437764 0.632445 -0.326116 -0.0 -1.0 -0.0 
-0.324889 0.671718 -0.09243 0.0 1.0 -0.0 
-0.966037 0.632445 0.360689 0.0 -1.0 0.0 
-0.0955 0.671718 0.391217 0.0 1.0 0.0 
0.924442 0.63717 -0.396798 0.999123 0.0 0.0418794 
-0.543387 0.671718 -0.0921496 0.0 1.0 -0.0 
-0.469241 0.632445 0.352527 -0.0 -1.0 -0.0 
0.203797 0.671718 -0.378948 0.0 1.0 -0.0 
0.407393 -0.163931 0.00161013 -0.999124 -0.0 -0.0418433 
0.693497 0.671718 0.0587377 0.0 1.0 0.0 
0.45046 0.365116 0.164459 -0.0418287 0.0 0.999125 
0.852866 0.671718 -0.0242237 -0.0 1.0 -0.0 
0.725744 0.671719 0.0152022 0.0 1.0 0.0 
0.520784 0.671718 0.088986 -0.0 1.0 -0.0 
0.513237 0.632445 0.405973 -0.0 -1.0 -0.0 
-0.458745 -0.174286 -0.0460949 0.0 1.0 0.0 
0.178076 0.632445 0.366538 0.0 -1.0 0.0 
-0.775085 0.632445 -0.237868 0.0 -1.0 0.0 
0.558352 0.671718 0.567413 0.0 1.0 0.0 
0.435812 0.671718 -0.0875462 0.0 1.0 0.0 
0.512506 0.174648 -0.0053952 0.999124 0.0 0.0418456 
0.498142 -0.193386 0.337279 0.999122 -0.0 0.0418895 
-0.0934109 0.671718 0.112037 0.0 1.0 0.0 
0.851048 0.671718 0.385549 0.0 1.0 0.0 
-0.587351 -0.107343 -0.0231863 -0.999122 0.0 -0.0418951 
0.461152 0.0604834 -0.0185271 0.0419191 -1.74899e-06 -0.999121 
0.406682 0.187865 0.018584 -0.999124 0.0 -0.0418433 
-0.135832 0.632445 -0.228001 -0.0 -1.0 -0.0 
-0.0679419 0.671718 0.0387329 0.0 1.0 -0.0 
0.257811 0.671718 -0.247032 0.0 1.0 -0.0 
-0.254065 0.671718 0.0723269 0.0 1.0 -0.0 
0.401325 -0.150346 0.146508 -0.999124 -0.0 -0.0418433 
-0.736539 0.632445 -0.340715 -0.0 -1.0 -0.0 
-0.490556 0.229264 -0.0584175 0.0420152 0.0 -0.999117 
-0.550935 -0.102818 -0.0609483 0.041965 -0.0 -0.999119 
0.512172 -0.0629169 0.00258644 0.999124 0.0 0.0418456 
-0.469096 0.671718 -0.1709 0.0 1.0 -0.0 
-0.909177 0.632445 -0.0181598 0.0 -1.0 0.0 
0.0688519 0.671718 -0.43255 0.0 1.0 -0.0 
-0.213449 0.632445 0.524749 -0.0 -1.0 -0.0 
-0.514195 -0.146438 0.124025 -0.0418296 -0.0 0.999125 
0.249081 -0.228285 0.0738914 0.0 -1.0 -0.0 
0.230099 0.632445 0.199538 -0.0 -1.0 -0.0 
-0.0352433 0.632445 -0.309407 -0.0 -1.0 -0.0 
-0.479433 -0.204697 -0.0971537 0.999123 -0.0 0.0418662 
0.454689 -0.135013 -0.0923665 -0.0 -1.0 -0.0 
0.671511 0.632445 -0.230285 0.0 -1.0 -0.0 
-0.641502 0.632445 -0.197812 -0.0 -1.0 -0.0 
-0.645512 0.671718 -0.0990321 0.0 1.0 -0.0 
0.727598 0.671718 0.33854 0.0 1.0 0.0 
-0.592894 0.0456592 0.108998 -0.999122 0.0 -0.0418951 
-0.598936 0.632445 0.258978 0.0 -1.0 0.0 
-0.484826 -0.115377 -0.146888 0.0 1.0 -0.0 
0.626447 0.671718 -0.160075 -0.0 1.0 -0.0 
0.0754926 -0.185838 -0.0346933 0.0418726 -0.0 -0.999123 
0.193567 -0.205607 -0.029745 0.0418726 -0.0 -0.999123 
-0.551716 -0.174286 -0.280259 -0.0 1.0 0.0 
0.0640581 0.632445 0.292589 0.0 -1.0 0.0 
0.487045 0.632445 0.192894 -0.0 -1.0 -0.0 
0.407575 -0.12546 0.162664 -0.0418287 -0.0 0.999125 
0.481492 0.0251993 -0.0176781 0.0420229 0.0 -0.999117 
-0.193144 0.671718 0.284578 0.0 1.0 0.0 
-0.547468 0.671718 -0.326086 0.0 1.0 -0.0 
-0.445272 0.671718 0.209743 0.0 1.0 -0.0 
0.335855 0.632445 0.353422 -0.0 -1.0 -0.0 
-0.284418 -0.215666 0.133656 -0.0418828 0.0 0.999123 
0.754751 0.632445 -0.348758 0.0 -1.0 -0.0 
0.309459 0.632445 -0.265738 -0.0 -1.0 -0.0 
0.743615 0.632445 -0.204353 0.0 -1.0 -0.0 
-0.285717 -0.213373 -0.0498314 0.0418726 0.0 -0.999123 
0.394288 -0.221978 0.314288 -0.999121 -0.0 -0.0419076 
-0.701881 0.632445 0.504088 0.0 -1.0 0.0 
-0.777354 0.632445 -0.348758 -0.0 -1.0 -0.0 
-0.601227 -0.216028 0.307858 -0.999123 -0.0 -0.0418746 
0.713363 0.632445 -0.210663 0.0 -1.0 -0.0 
0.508356 0.0415599 0.0936807 0.999124 0.0 0.0418456 
0.0226614 0.632445 -0.40159 -0.0 -1.0 -0.0 
-0.760932 0.632445 -0.2946 -0.0 -1.0 -0.0 
0.845319 0.632445 0.541825 -0.0 -1.0 -0.0 
0.226439 0.671718 0.390879 -0.0 1.0 -0.0 
-0.898111 0.632445 0.262574 0.0 -1.0 0.0 
-0.591422 0.334926 0.0738914 -0.999122 0.0 -0.0418951 
0.884844 0.668032 0.547881 0.999123 0.0 0.0418794 
0.78727 0.671718 0.00778759 -0.0 1.0 -0.0 
-0.590156 -0.20848 0.0437021 -0.999123 -0.0 -0.0418746 
0.233986 -0.228285 -0.00912907 -0.0 -1.0 -0.0 
-0.128285 -0.135013 -0.152528 -0.0 -1.0 -0.0 
-0.483009 0.00284447 -0.0581001 0.0420152 0.0 -0.999117 
0.226439 0.632445 0.390879 0.0 -1.0 0.0 
-0.776141 0.671718 -0.389853 0.0 1.0 -0.0 
-0.481978 0.531005 -0.0364514 0.999122 -0.0 0.0418972 
0.523985 0.671718 -0.190828 0.0 1.0 0.0 
0.347196 0.671718 -0.0619603 -0.0 1.0 -0.0 
0.511082 0.00284447 0.0286075 0.999124 0.0 0.0418456 
-0.963824 0.666027 -0.360803 -0.999123 0.0 -0.0418796 
0.314011 0.671718 -0.135894 0.0 1.0 -0.0 
0.792488 0.632445 -0.326116 0.0 -1.0 -0.0 
-0.729812 0.671718 -0.34193 0.0 1.0 -0.0 
-0.513198 0.632445 -0.386495 -0.0 -1.0 -0.0 
0.227448 0.671718 -0.373868 0.0 1.0 -0.0 
-0.867824 0.671718 -0.0669129 0.0 1.0 -0.0 
-0.244019 0.671718 -0.169871 0.0 1.0 -0.0 
-0.400935 0.671718 -0.348473 0.0 1.0 -0.0 
-0.75357 0.671718 -0.111031 0.0 1.0 -0.0 
0.664183 0.671718 -0.220454 -0.0 1.0 -0.0 
-0.585959 -0.105299 -0.0563962 -0.999122 -0.0 -0.0418951 
0.50001 -0.223575 0.292764 0.999122 0.000209626 0.0419068 
0.27927 0.632445 -0.424231 -0.0 -1.0 -0.0 
-0.981132 0.671718 0.232385 0.0 1.0 -0.0 
0.526525 0.632445 0.486635 -0.0 -1.0 -0.0 
-0.483392 0.204201 -0.0581162 0.0420152 0.0 -0.999117 
-0.309138 0.632445 -0.093214 0.0 -1.0 -0.0 
-0.920753 0.671718 -0.363853 0.0 1.0 -0.0 
-0.135832 0.671718 0.519183 -0.0 1.0 -0.0 
-0.544148 -0.138891 -0.0606635 0.04192 4.49832e-05 -0.999121 
0.329259 0.632445 0.163879 -0.0 -1.0 -0.0 
0.452858 -0.228285 -0.17517 -0.0 -1.0 -0.0 
-0.640615 0.632445 0.416968 -0.0 -1.0 -0.0 
0.401837 0.342474 0.13427 -0.999124 -0.0 -0.0418433 
-0.0301698 0.632445 0.277669 0.0 -1.0 0.0 
-0.64905 0.632445 -0.00912907 0.0 -1.0 0.0 
0.377385 0.671718 -0.0996969 -0.0 1.0 -0.0 
-0.652792 0.671718 0.170973 0.0 1.0 -0.0 
0.318896 0.671718 0.337436 0.0 1.0 0.0 
-0.2264 -0.228285 -0.031771 -0.0 -1.0 -0.0 
0.082031 0.671718 0.27169 0.0 1.0 0.0 
0.498817 -0.21847 -0.252794 0.0419152 0.0 -0.999121 
-0.184921 0.671718 -0.256215 0.0 1.0 -0.0 
0.852866 0.632445 -0.333664 0.0 -1.0 -0.0 
-0.195069 -0.115377 -0.137903 0.0 1.0 0.0 
-0.51401 0.00289079 -0.0594037 0.0420152 0.0 -0.999117 
-0.0899371 0.666407 -0.442283 0.0418738 -0.0 -0.999123 
0.0905873 0.671718 -0.416684 0.0 1.0 -0.0 
0.430217 0.0858649 0.163612 -0.0418287 0.0 0.999125 
-0.0608655 0.671718 0.307121 0.0 1.0 0.0 
-0.520745 0.671718 -0.394042 0.0 1.0 -0.0 
-0.815091 0.632445 -0.424231 -0.0 -1.0 -0.0 
0.686825 0.671718 0.345595 -0.0 1.0 -0.0 
-0.793396 0.671718 0.364252 0.0 1.0 -0.0 
0.506518 -0.108105 0.137575 0.999124 0.0 0.0418456 
-0.847978 0.671718 0.300268 0.0 1.0 -0.0 
0.505708 0.063223 0.156912 0.999124 -0.0 0.0418456 
-0.675886 0.632445 -0.274599 -0.0 -1.0 -0.0 
0.755513 0.632445 -0.294016 0.0 -1.0 -0.0 
0.508518 0.271587 0.0898336 0.999124 -0.0 0.0418456 
0.0683811 0.671718 -0.153536 0.0 1.0 -0.0 
0.460406 0.671718 0.262574 -0.0 1.0 -0.0 
0.405646 0.214362 0.0433122 -0.999124 0.0 -0.0418433 
-0.590519 0.252014 0.0523686 -0.999122 0.0 -0.0418951 
-0.53584 -0.228285 -0.107244 -0.0 -1.0 -0.0 
0.260186 0.632445 -0.394733 -0.0 -1.0 -0.0 
-0.846136 0.632445 0.284993 0.0 -1.0 0.0 
0.270714 0.671719 0.465995 0.0 1.0 0.0 
0.105718 0.671718 0.204495 -0.0 1.0 -0.0 
-0.490356 0.671718 0.29896 0.0 1.0 0.0 
0.185954 0.632445 0.114025 0.0 -1.0 -0.0 
-0.593321 0.439171 0.119183 -0.999122 0.0 -0.0418951 
0.347016 0.632445 0.318283 -0.0 -1.0 -0.0 
-0.0226225 0.671718 0.458805 -0.0 1.0 -0.0 
0.510979 0.671718 0.554139 -0.0 1.0 -0.0 
0.679278 0.632445 -0.295927 0.0 -1.0 -0.0 
0.19625 0.632445 -0.0996969 0.0 -1.0 -0.0 
-0.437725 0.671718 -0.311022 0.0 1.0 -0.0 
-0.850703 0.671718 -0.310755 0.0 1.0 -0.0 
0.717014 0.671718 0.239932 -0.0 1.0 -0.0 
-0.697758 0.632445 -0.303842 -0.0 -1.0 -0.0 
-0.0140229 -0.192034 0.144991 -0.0418828 0.0 0.999123 
0.399701 -0.180265 0.185242 -0.999121 -0.0 -0.0419076 
0.00914929 0.671718 0.244426 0.0 1.0 0.0 
0.200799 0.646099 -0.430098 0.0418738 0.0 -0.999123 
0.0109005 -0.228285 0.0777829 0.0 -1.0 -0.0 
0.620941 0.632445 -0.338065 -0.0 -1.0 -0.0 
-0.78928 0.671718 -0.296244 0.0 1.0 -0.0 
-0.87876 0.632445 0.147918 0.0 -1.0 0.0 
-0.256589 -0.228285 0.0135129 -0.0 -1.0 -0.0 
0.0966545 0.671718 -0.0676135 0.0 1.0 -0.0 
-0.483009 0.671718 0.353142 -0.0 1.0 -0.0 
-0.2264 0.671718 0.104081 0.0 1.0 -0.0 
-0.347157 0.671718 -0.318569 0.0 1.0 -0.0 
-0.0158369 0.632445 0.16278 -0.0 -1.0 -0.0 
-0.716976 0.671718 0.436163 -0.0 1.0 -0.0 
-0.558482 -0.0197975 0.122171 -0.0418296 -0.0 0.999125 
-0.591106 0.553799 0.0663441 -0.999122 -0.0 -0.0418951 
-0.496961 0.671718 -0.254837 0.0 1.0 -0.0 
0.407672 -0.00845033 -0.0050542 -0.999124 0.0 -0.0418433 
-0.264137 0.671718 -0.212907 0.0 1.0 -0.0 
0.579972 0.652128 0.568481 -0.0418763 0.0 0.999123 
-0.36535 0.671718 -0.425512 0.0 1.0 -0.0 
0.896301 0.671718 0.247075 -0.0 1.0 -0.0 
0.121786 0.671718 0.115195 0.0 1.0 0.0 
0.785478 0.671718 0.0220047 -0.0 1.0 -0.0 
0.135871 0.632445 0.375784 0.0 -1.0 0.0 
-0.48249 0.176433 -0.0242237 0.999122 -0.0 0.0418972 
0.581163 0.671718 -0.311022 0.0 1.0 -0.0 
0.724562 0.671718 0.549372 -0.0 1.0 -0.0 
-0.628164 0.671718 -0.0369674 0.0 1.0 -0.0 
0.460406 0.632445 0.534278 0.0 -1.0 0.0 
0.724617 0.632445 0.141422 0.0 -1.0 0.0 
0.661117 0.671718 0.310716 0.0 1.0 0.0 
-0.816744 0.671718 0.302675 0.0 1.0 -0.0 
-0.591762 0.534754 0.0820081 -0.999122 -0.0 -0.0418951 
-0.225308 0.632445 -0.129756 0.0 -1.0 -0.0 
0.226439 0.632445 0.345595 -0.0 -1.0 -0.0 
0.867961 0.671718 0.0210602 -0.0 1.0 -0.0 
-0.11319 -0.12546 -0.121219 -0.041874 0.0 0.999123 
0.226439 0.671718 0.209743 -0.0 1.0 -0.0 
-0.48626 0.147702 0.0656614 0.999122 -0.0 0.0418972 
0.215672 0.632445 -0.121211 0.0 -1.0 -0.0 
0.126199 0.671718 -0.285351 0.0 1.0 -0.0 
-0.447561 0.671718 -0.144563 0.0 1.0 -0.0 
0.241836 -0.228285 0.0231891 0.0 -1.0 -0.0 
-0.14338 -0.228285 0.0587968 -0.0 -1.0 -0.0 
0.499059 -0.178291 0.315406 0.999122 -0.0 0.0418895 
-0.589148 -0.21694 0.0196486 -0.999123 -0.0 -0.0418746 
0.750813 0.671718 0.0738718 -0.0 1.0 -0.0 
0.174279 0.671718 -0.352257 0.0 1.0 -0.0 
-0.488551 -0.0400985 0.120292 0.999122 -0.0 0.0418972 
-0.603585 0.632445 0.0530637 -0.0 -1.0 -0.0 
0.566068 0.671718 -0.160075 -0.0 1.0 -0.0 
-0.415723 0.671718 0.317068 0.0 1.0 0.0 
-0.430178 0.632445 -0.386495 -0.0 -1.0 -0.0 
-0.743934 0.671718 0.371472 0.0 1.0 -0.0 
-0.898111 0.671718 0.458805 -0.0 1.0 -0.0 
0.0453034 0.632445 0.368237 0.0 -1.0 0.0 
0.797613 0.671718 -0.163539 -0.0 1.0 -0.0 
-0.543387 0.632445 0.360689 0.0 -1.0 0.0 
0.256628 0.671718 0.44371 -0.0 1.0 -0.0 
0.902974 0.643246 0.11536 0.999123 0.0 0.0418794 
0.141129 0.671718 0.156792 0.0 1.0 0.0 
0.511541 0.632445 0.336223 -0.0 -1.0 -0.0 
-0.449506 0.632445 0.417514 -0.0 -1.0 -0.0 
0.271723 0.632445 0.360689 -0.0 -1.0 -0.0 
-0.751736 0.632445 0.214444 -0.0 -1.0 -0.0 
-0.550935 0.463231 0.122487 -0.0418296 0.0 0.999125 
-0.485327 0.204886 0.0434257 0.999122 -0.0 0.0418972 
-0.352989 0.671718 -0.036861 0.0 1.0 -0.0 
-0.127429 0.632445 -0.125815 0.0 -1.0 -0.0 
-0.77823 0.671718 0.506376 0.0 1.0 0.0 
0.498142 -0.163197 0.166455 -0.0418287 -0.0 0.999125 
0.684556 0.632445 0.263427 0.0 -1.0 0.0 
-0.587031 0.0206539 -0.0308166 -0.999122 -0.0 -0.0418951 
0.757551 0.671718 -0.285543 -0.0 1.0 -0.0 
0.135871 0.632445 0.421068 0.0 -1.0 0.0 
0.141122 -0.174286 0.146354 -0.0 1.0 0.0 
0.0981346 -0.228285 0.0814387 0.0 -1.0 -0.0 
0.452858 0.433042 -0.0188757 0.0419191 -1.74899e-06 -0.999121 
-0.0194534 -0.228285 -0.0385126 -0.0 -1.0 -0.0 
-0.43048 0.671718 -0.142573 0.0 1.0 -0.0 
0.505408 0.095814 -0.0166721 0.0420229 0.0 -0.999117 
-0.460367 0.671718 0.0663441 0.0 1.0 -0.0 
-0.697549 0.655826 -0.467749 0.0418738 0.0 -0.999123 
0.27651 0.671719 -0.0175355 0.0 1.0 0.0 
-0.573577 0.334926 -0.0618993 0.041965 -0.0 -0.999119 
0.901912 0.632445 -0.275182 0.0 -1.0 -0.0 
0.386013 0.671718 0.402223 -0.0 1.0 -0.0 
-0.875469 0.671718 -0.122339 0.0 1.0 -0.0 
-0.56707 0.125825 0.121812 -0.0418296 0.0 0.999125 
-0.852827 0.671718 0.436163 -0.0 1.0 -0.0 
0.400925 0.398387 0.156041 -0.999124 -0.0 -0.0418433 
-0.584695 -0.0288569 0.121074 -0.0418296 0.0 0.999125 
-0.583924 0.671718 -0.121654 0.0 1.0 -0.0 
0.514757 0.671718 -0.231941 0.0 1.0 -0.0 
0.729942 0.632445 0.295189 0.0 -1.0 0.0 
-0.158474 0.671718 -0.394042 0.0 1.0 -0.0 
0.483682 0.243243 0.16585 -0.0418287 -0.0 0.999125 
0.464919 0.60354 -0.01837 0.0419191 -1.74899e-06 -0.999121 
0.460406 -0.0650814 -0.0185599 0.0417135 1.6263e-05 -0.99913 
0.360637 0.671718 -0.357141 0.0 1.0 -0.0 
-0.615056 0.671718 0.149825 0.0 1.0 -0.0 
0.407575 0.671718 -0.212907 0.0 1.0 -0.0 
0.180884 0.671718 0.20154 0.0 1.0 0.0 
-0.482557 0.603172 -0.0226338 0.999122 -0.0 0.0418972 
0.439908 0.632445 0.340798 -0.0 -1.0 -0.0 
-0.586358 0.206622 -0.0468657 -0.999122 -0.0 -0.0418951 
-0.316889 -0.223013 0.132295 -0.0418828 -0.0 0.999123 
-0.5208 0.632445 0.297917 0.0 -1.0 0.0 
0.0778643 0.632445 0.155559 -0.0 -1.0 -0.0 
-0.544581 0.632445 0.309661 0.0 -1.0 0.0 
-0.292857 0.632445 0.279566 -0.0 -1.0 -0.0 
-0.766359 0.632445 0.471781 0.0 -1.0 0.0 
-0.161631 -0.127733 -0.175657 0.0418693 0.0 -0.999123 
-0.409519 -0.174286 0.100845 0.0 1.0 0.0 
0.405039 -0.0369445 0.0578055 -0.999124 -0.0 -0.0418433 
0.314953 0.671718 0.422132 -0.0 1.0 -0.0 
-0.152038 0.671718 0.424408 -0.0 1.0 -0.0 
0.227212 0.671718 0.195488 0.0 1.0 0.0 
-0.0465916 0.632445 0.11567 0.0 -1.0 -0.0 
-0.133645 0.633795 0.538571 -0.0418763 0.0 0.999123 
0.452858 0.0556757 0.16456 -0.0418287 -0.0 0.999125 
-0.545308 0.671718 0.00786615 0.0 1.0 -0.0 
-0.535404 0.671718 0.444445 0.0 1.0 0.0 
0.0718525 -0.228285 0.0530626 0.0 -1.0 -0.0 
0.504139 0.671718 0.139849 0.0 1.0 0.0 
-0.974136 0.659461 -0.114792 -0.999123 -0.0 -0.0418796 
-0.468452 0.671718 -0.337547 0.0 1.0 -0.0 
-0.589637 0.468641 0.0313155 -0.999122 -0.0 -0.0418951 
0.867961 0.632445 -0.0996969 0.0 -1.0 0.0 
0.820643 0.632445 0.0477872 0.0 -1.0 0.0 
0.623368 0.632445 0.138431 0.0 -1.0 -0.0 
0.407528 0.632445 -0.258287 0.0 -1.0 -0.0 
0.403579 0.146584 0.092689 -0.999124 -0.0 -0.0418433 
0.499725 0.671718 0.202054 0.0 1.0 0.0 
0.762774 0.671718 -0.38217 0.0 1.0 -0.0 
-0.384894 0.632445 -0.40159 -0.0 -1.0 -0.0 
0.717014 0.671718 -0.107244 -0.0 1.0 -0.0 
-0.559169 0.140167 -0.0612941 0.04192 -2.3622e-06 -0.999121 
0.416878 0.671718 -0.235882 0.0 1.0 -0.0 
0.506015 0.336996 0.14959 0.999124 -0.0 0.0418456 
0.709467 0.671718 0.549372 -0.0 1.0 -0.0 
0.739656 0.671718 -0.326116 0.0 1.0 -0.0 
-0.150153 0.671719 0.406967 0.0 1.0 0.0 
0.233986 0.632445 0.179554 -0.0 -1.0 -0.0 
-0.537548 0.162089 -0.060387 0.04192 -2.3622e-06 -0.999121 
-0.776078 0.671718 -0.338067 0.0 1.0 -0.0 
0.694373 0.632445 0.353142 0.0 -1.0 0.0 
0.564117 0.671718 -0.0156432 -0.0 1.0 -0.0 
0.45046 0.236811 0.164459 -0.0418287 0.0 0.999125 
-0.38028 0.671718 0.17754 0.0 1.0 -0.0 
-0.589185 0.17999 0.0205417 -0.999122 0.0 -0.0418951 
0.401205 -0.110365 0.149365 -0.999124 -0.0 -0.0418433 
-0.59311 0.0790003 0.114141 -0.999122 0.0 -0.0418951 
-0.483751 0.270609 0.00584478 0.999122 -0.0 0.0418972 
-0.325607 0.632445 0.132658 -0.0 -1.0 -0.0 
-0.586042 0.214169 -0.054413 -0.999122 -0.0 -0.0418951 
-0.595695 -0.205952 0.175873 -0.999123 -0.0 -0.0418746 
0.4755 0.116054 -0.0179268 0.0417135 1.6263e-05 -0.99913 
0.548233 0.632445 0.262588 -0.0 -1.0 -0.0 
-0.58167 -0.174286 0.139509 0.0 1.0 -0.0 
0.859036 0.671718 -0.149028 -0.0 1.0 -0.0 
-0.240403 0.632445 -0.151857 -0.0 -1.0 -0.0 
-0.544581 0.632445 0.309661 0.0 -1.0 0.0 
-0.898111 0.671718 -0.144981 0.0 1.0 -0.0 
0.319807 0.671718 -0.397924 0.0 1.0 -0.0 
0.505344 0.506392 0.165599 0.999124 -0.0 0.0418456 
-0.0452644 0.632445 0.292764 0.0 -1.0 0.0 
-0.0980956 0.632445 -0.333664 -0.0 -1.0 -0.0 
-0.248842 0.671718 0.164233 0.0 1.0 0.0 
0.528332 0.671718 0.511636 -0.0 1.0 -0.0 
-0.482078 -0.0614472 -0.0340545 0.999122 -0.0 0.0418972 
0.014042 -0.174286 0.0967677 -0.0 1.0 0.0 
-0.460367 0.671718 -0.326116 0.0 1.0 -0.0 
0.792488 0.632445 -0.054413 0.0 -1.0 0.0 
0.500222 -0.222546 0.287693 0.999122 0.000209626 0.0419068 
0.437764 0.671718 0.451257 -0.0 1.0 -0.0 
0.508588 0.0379658 0.0881389 0.999124 0.0 0.0418456 
0.264089 0.632445 -0.11005 0.0 -1.0 -0.0 
0.828528 0.632445 -0.127911 0.0 -1.0 -0.0 
-0.430178 0.671718 0.292764 -0.0 1.0 -0.0 
-0.33961 0.632445 -0.0921496 0.0 -1.0 -0.0 
0.209876 0.632445 0.268515 0.0 -1.0 0.0 
-0.526749 -0.174286 -0.144149 -0.0 1.0 -0.0 
0.491142 -0.123872 -0.120868 0.999128 -0.0 0.0417576 
-0.0825654 0.671718 -0.0689448 0.0 1.0 -0.0 
0.490595 0.632445 -0.318569 -0.0 -1.0 -0.0 
-0.716976 0.632445 -0.3714 -0.0 -1.0 -0.0 
-0.488586 0.111272 0.121142 0.999122 -0.0 0.0418972 
0.376726 0.632445 -0.194634 0.0 -1.0 -0.0 
0.913245 0.671718 -0.333664 -0.0 1.0 -0.0 
-0.103589 -0.228285 0.130749 0.0 -1.0 -0.0 
0.490595 -0.0348921 0.166139 -0.0418287 -0.0 0.999125 
-0.995574 0.632445 0.449973 0.0 -1.0 0.0 
0.844043 0.671718 -0.128101 0.0 1.0 0.0 
0.0453034 0.632445 0.255027 -0.0 -1.0 -0.0 
0.352148 0.671718 -0.337437 0.0 1.0 -0.0 
0.0528507 0.671718 0.262574 -0.0 1.0 -0.0 
0.614635 0.632445 -0.280325 0.0 -1.0 -0.0 
0.597369 0.671718 -0.338099 0.0 1.0 -0.0 
0.39248 -0.228285 0.111628 0.0 -1.0 -0.0 
-0.211305 0.632445 -0.311022 -0.0 -1.0 -0.0 
-0.349772 0.632445 0.154835 -0.0 -1.0 -0.0 
0.049517 -0.228285 0.0425636 0.0 -1.0 -0.0 
-0.00752784 0.632445 -0.273285 -0.0 -1.0 -0.0 
-0.42263 0.671718 -0.243096 0.0 1.0 -0.0 
0.445311 0.0254864 -0.0191916 0.0419191 -1.74899e-06 -0.999121 
-0.485081 -0.0984775 0.0375532 0.999122 -0.0 0.0418972 
0.51088 0.0948307 0.0334371 0.999124 0.0 0.0418456 
-0.233947 -0.117913 -0.12628 -0.041874 0.0 0.999123 
0.512217 0.154511 0.00150182 0.999124 0.0 0.0418456 
0.633994 0.671718 0.156912 -0.0 1.0 -0.0 
0.505708 0.176433 0.156912 0.999124 -0.0 0.0418456 
-0.188663 0.671718 0.52673 -0.0 1.0 -0.0 
-0.33961 0.632445 0.202196 0.0 -1.0 0.0 
0.490595 0.671718 -0.0695076 -0.0 1.0 -0.0 
-0.12563 0.657614 0.538907 -0.0418763 -0.0 0.999123 
-0.2264 0.671718 0.285216 -0.0 1.0 -0.0 
-0.170718 0.632445 0.264874 0.0 -1.0 0.0 
0.400027 0.671718 -0.0166764 -0.0 1.0 -0.0 
-0.715751 0.632445 -0.13108 0.0 -1.0 0.0 
