ply
format ascii 1.0
comment VCGLIB generated
element vertex 2000
property float x
property float y
property float z
property float nx
property float ny
property float nz
element face 0
property list uchar int vertex_indices
end_header
0.0213334 0.887673 0.122496 0.0 1.0 0.0 
0.0306887 0.47088 0.808765 -0.0 -1.0 -0.0 
-0.466454 -0.337464 0.433585 -0.707115 0.0 -0.707099 
-0.0720408 -0.762595 0.039164 -0.707115 0.0 -0.707099 
-0.561094 0.0196254 -0.53105 -0.707116 0.0 0.707097 
0.262837 -0.400523 0.292889 -0.707099 -0.0 0.707115 
0.879367 0.887673 -0.154204 0.0 1.0 0.0 
-0.58959 0.0696816 -0.602784 -0.707107 0.0 -0.707107 
0.433796 0.47088 0.473734 -0.0 -1.0 -0.0 
0.928718 0.725741 -0.221988 1.0 -0.0 -0.0 
0.238847 -0.57466 0.21497 0.707097 -0.0 -0.707117 
0.137615 -0.720867 -0.170493 -0.707099 0.0 -0.707115 
0.0653002 0.306566 -0.0981797 -0.707099 0.0 -0.707115 
0.195448 -0.554958 -0.228325 -0.707099 0.0 -0.707115 
0.531096 -0.122218 -0.510033 0.707099 0.0 0.707115 
-0.454269 -0.290312 -0.478156 0.707119 -0.0 -0.707095 
0.491434 -0.514352 -0.524305 -0.707099 0.0 -0.707115 
0.346247 0.253493 -0.325188 0.707099 0.0 0.707115 
-0.445482 -0.885259 -0.469368 0.707119 -0.0 -0.707095 
-0.689769 0.869167 0.919468 0.0 0.0 1.0 
-0.00132355 0.47088 -0.343692 0.0 -1.0 0.0 
-0.171584 0.47088 -0.380705 0.0 -1.0 0.0 
0.281776 -0.914402 -0.260718 0.707099 -0.0 0.707115 
0.303219 -0.259594 -0.28216 0.707099 0.0 0.707115 
-0.586708 0.0984668 -0.556665 -0.707116 0.0 0.707097 
-0.199964 -0.167203 0.16709 -0.707115 0.0 -0.707099 
0.638061 0.47088 0.916478 -0.0 -1.0 -0.0 
0.500195 0.47088 -0.31202 -0.0 -1.0 -0.0 
-0.52551 -0.168534 -0.495465 -0.707116 0.0 0.707097 
-0.438079 -0.700193 0.459143 0.707119 0.0 0.707095 
0.842577 0.887673 -0.89889 0.0 1.0 0.0 
-0.156779 -0.752011 0.177833 0.707119 0.0 0.707095 
-0.128569 0.45757 -0.098513 -0.707116 0.0 0.707097 
0.440367 0.887673 -0.159374 0.0 1.0 0.0 
-0.901754 0.714174 -0.0246964 -1.0 -0.0 -0.0 
0.420627 -0.0931764 0.450676 -0.707099 -0.0 0.707115 
-0.477061 -0.148517 -0.447015 -0.707116 0.0 0.707097 
0.57203 -0.41149 -0.550966 0.707099 0.0 0.707115 
-0.901754 0.661893 -0.0697942 -1.0 0.0 0.0 
-0.160899 0.0469261 0.128024 -0.707115 0.0 -0.707099 
-0.381143 -0.907467 -0.351095 -0.707116 -0.0 0.707097 
-0.0916079 -0.224463 -0.115483 0.707119 0.0 -0.707095 
0.325554 0.281541 -0.304495 0.707099 0.0 0.707115 
-0.484515 0.887673 0.210492 0.0 1.0 0.0 
0.761148 0.47088 -0.417718 -0.0 -1.0 -0.0 
0.0279106 0.118418 0.0040387 0.707097 -0.0 -0.707117 
0.221697 -0.785138 -0.200641 0.707099 0.0 0.707115 
0.330674 0.887673 -0.194874 0.0 1.0 0.0 
-0.828018 0.47088 -0.4389 0.0 -1.0 0.0 
-0.619266 0.47088 0.10752 0.0 -1.0 0.0 
-0.323011 -0.346263 0.290139 -0.707115 0.0 -0.707099 
0.569194 0.47088 0.765797 -0.0 -1.0 -0.0 
-0.32704 0.887673 -0.39551 0.0 1.0 0.0 
-0.410488 0.887673 -0.520071 0.0 1.0 0.0 
-0.240463 -0.900283 -0.264343 0.707119 -0.0 -0.707095 
0.505405 0.380593 -0.484342 0.707099 0.0 0.707115 
0.387776 -0.666058 0.363895 0.707097 -0.0 -0.707117 
-0.761038 0.47088 -0.230748 0.0 -1.0 0.0 
0.310413 -0.38658 -0.289354 0.707099 0.0 0.707115 
-0.273165 -0.434199 0.294224 0.707119 0.0 0.707095 
-0.171584 0.47088 0.00423223 0.0 -1.0 0.0 
0.390844 -0.848246 0.366962 0.707097 -0.0 -0.707117 
-0.71938 0.47088 -0.906293 0.0 -1.0 0.0 
0.509459 -0.559543 -0.542328 -0.707099 0.0 -0.707115 
-0.442993 -0.0334709 0.464057 0.707119 0.0 0.707095 
-0.095213 -0.536767 -0.119088 0.707119 0.0 -0.707095 
-0.82212 0.887673 -0.905376 0.0 1.0 0.0 
0.235561 0.47088 -0.75824 0.0 -1.0 0.0 
0.0280628 0.887673 -0.149626 0.0 1.0 0.0 
0.299439 -0.732867 -0.278381 0.707099 -0.0 0.707115 
0.0487662 0.47088 0.450929 -0.0 -1.0 -0.0 
0.0332221 0.887673 -0.273391 0.0 1.0 0.0 
0.417412 -0.244391 0.39353 0.707097 0.0 -0.707117 
-0.70249 0.47088 -0.437867 0.0 -1.0 0.0 
-0.249848 0.0657743 0.216975 -0.707115 0.0 -0.707099 
-0.149376 -0.603959 0.17043 0.707119 0.0 0.707095 
0.190248 0.887674 -0.44187 0.0 1.0 0.0 
0.553168 -0.0860399 -0.586037 -0.707099 0.0 -0.707115 
-0.615743 0.47088 0.914757 -0.0 -1.0 -0.0 
0.281837 0.47088 0.322084 -0.0 -1.0 -0.0 
-0.901754 0.523555 -0.39761 -1.0 0.0 0.0 
-0.135762 -0.548599 0.156816 0.707119 0.0 0.707095 
-0.312234 0.887673 0.307741 0.0 1.0 0.0 
0.514384 -0.522077 -0.547254 -0.707099 0.0 -0.707115 
-0.0447819 0.150817 0.0658325 0.707119 0.0 0.707095 
0.536674 -0.0884758 -0.569543 -0.707099 0.0 -0.707115 
0.0464846 0.493048 0.919468 -0.0 -0.0 1.0 
0.602395 0.47088 -0.825814 0.0 -1.0 0.0 
-0.415871 0.743322 -0.911004 0.0 -0.0 -1.0 
0.683016 0.690507 -0.911004 0.0 0.0 -1.0 
0.216689 0.656139 0.919468 0.0 0.0 1.0 
0.146923 0.208681 -0.179801 -0.707099 -0.0 -0.707115 
0.236658 -0.356921 0.21278 0.707097 -0.0 -0.707117 
0.250366 0.887673 -0.543563 0.0 1.0 0.0 
-0.360974 -0.548039 0.382035 0.707119 0.0 0.707095 
-0.438079 0.0548764 0.459143 0.707119 0.0 0.707095 
0.317593 -0.887269 0.347644 -0.707099 -0.0 0.707115 
0.928718 0.806012 -0.0741592 1.0 -0.0 0.0 
0.916604 0.887673 0.070856 0.0 1.0 0.0 
-0.494348 -0.280361 -0.464303 -0.707116 0.0 0.707097 
0.798162 0.887673 0.744496 0.0 1.0 0.0 
0.534675 0.465165 0.510789 0.707097 0.0 -0.707117 
0.250366 -0.13019 0.280419 -0.707099 0.0 0.707115 
-0.0827526 0.887673 0.714886 0.0 1.0 0.0 
-0.901754 0.54669 0.606797 -1.0 -0.0 -0.0 
0.0275784 0.709121 -0.911004 0.0 -0.0 -1.0 
0.805116 0.887673 0.424155 0.0 1.0 0.0 
-0.60834 0.343579 -0.584034 -0.707107 0.0 -0.707107 
-0.525673 -0.877856 0.492807 -0.707115 0.0 -0.707099 
0.339198 -0.307853 -0.372071 -0.707099 0.0 -0.707115 
0.29651 0.47088 -0.65618 0.0 -1.0 0.0 
-0.138409 -0.4036 -0.108353 -0.707116 -0.0 0.707097 
-0.0457394 -0.337464 -0.0696125 0.707119 0.0 -0.707095 
0.0339715 -0.101657 -0.0668516 -0.707099 -0.0 -0.707115 
-0.35665 -0.951883 -0.380534 0.707119 -0.0 -0.707095 
0.553874 0.887673 -0.336289 0.0 1.0 0.0 
0.472445 0.47088 -0.78785 0.0 -1.0 0.0 
-0.210887 0.1215 -0.180834 -0.707116 0.0 0.707097 
-0.178829 0.47088 -0.763909 0.0 -1.0 0.0 
-0.468105 0.231418 -0.438058 -0.707116 0.0 0.707097 
-0.178987 0.47088 0.766704 -0.0 -1.0 -0.0 
-0.690318 0.559516 -0.911004 0.0 -0.0 -1.0 
0.0365875 0.887673 0.0770364 0.0 1.0 0.0 
-0.47675 -0.0171575 0.443882 -0.707115 0.0 -0.707099 
-0.855544 0.887673 0.494942 0.0 1.0 0.0 
0.576728 -0.189411 0.603846 0.707108 -0.0 0.707106 
0.928718 0.749106 0.673422 1.0 -0.0 0.0 
-0.901754 0.713711 -0.299276 -1.0 0.0 0.0 
-0.0235315 0.887673 -0.676811 0.0 1.0 0.0 
-0.378858 0.887673 -0.78785 0.0 1.0 0.0 
-0.807473 0.47088 -0.136809 0.0 -1.0 0.0 
-0.71938 0.887673 -0.721227 0.0 1.0 0.0 
-0.648428 0.47088 0.421905 0.0 -1.0 0.0 
0.761148 0.887673 -0.232652 0.0 1.0 0.0 
-0.341845 -0.322658 0.362905 0.707119 0.0 0.707095 
-0.391761 -0.351686 -0.415645 0.707119 -0.0 -0.707095 
0.85357 0.887673 0.495819 0.0 1.0 0.0 
0.220756 0.306566 0.250809 -0.707099 0.0 0.707115 
-0.609687 0.887673 -0.333264 0.0 1.0 0.0 
0.530611 0.47088 0.66382 -0.0 -1.0 -0.0 
-0.0901552 -0.840843 0.111207 0.707119 0.0 0.707095 
0.291857 0.369248 0.321909 -0.707099 0.0 0.707115 
0.221227 -0.850305 -0.254103 -0.707099 0.0 -0.707115 
0.305529 -0.0783712 -0.284471 0.707099 0.0 0.707115 
0.531667 0.887673 0.181896 0.0 1.0 0.0 
0.258545 -0.501353 -0.237487 0.707099 0.0 0.707115 
-0.599922 -0.867093 0.589629 -0.707107 -0.0 0.707107 
-0.256011 -0.958044 0.277069 0.707119 0.0 0.707095 
0.0820221 0.346713 0.112079 -0.707099 0.0 0.707115 
-0.253013 0.173319 0.274071 0.707119 0.0 0.707095 
-0.46257 -0.69279 -0.432524 -0.707116 -0.0 0.707097 
-0.42209 -0.634198 0.38922 -0.707115 0.0 -0.707099 
-0.600937 0.887673 0.500209 0.0 1.0 0.0 
-0.146236 0.887673 0.390074 0.0 1.0 0.0 
-0.127089 -0.870766 0.0942136 -0.707115 0.0 -0.707099 
0.227934 -1.0 -0.207774 0.0 -1.0 0.0 
-0.053142 0.47088 0.285533 -0.0 -1.0 -0.0 
-0.425069 -1.0 -0.402333 0.0 -1.0 0.0 
0.0727535 0.778537 -0.911004 0.0 -0.0 -1.0 
0.34189 0.887673 -0.0157811 0.0 1.0 0.0 
-0.482495 0.632282 -0.911004 0.0 -0.0 -1.0 
-0.396683 -0.316057 -0.366635 -0.707116 0.0 0.707097 
0.479782 0.47088 -0.0455488 -0.0 -1.0 -0.0 
0.354003 0.202929 -0.386876 -0.707099 -0.0 -0.707115 
-0.338256 0.887673 0.304918 0.0 1.0 0.0 
-0.553778 -0.341218 0.574846 0.707119 0.0 0.707095 
0.464872 -0.337464 0.440988 0.707097 0.0 -0.707117 
-0.852627 0.887673 0.248519 0.0 1.0 0.0 
-0.675795 0.47088 0.652349 0.0 -1.0 0.0 
0.317663 0.887673 -0.290656 0.0 1.0 0.0 
0.143706 0.0686458 -0.176584 -0.707099 0.0 -0.707115 
0.928718 0.705384 -0.504968 1.0 -0.0 -0.0 
-0.119766 -0.966688 -0.143641 0.707119 -0.0 -0.707095 
0.571224 -0.499706 0.547337 0.707097 0.0 -0.707117 
0.342079 0.136038 0.372129 -0.707099 0.0 0.707115 
-0.449308 -0.705269 -0.419262 -0.707116 -0.0 0.707097 
-0.171584 -1.0 -0.151223 -0.0 -1.0 -0.0 
0.482003 -0.931666 0.512051 -0.707099 -0.0 0.707115 
0.05077 -0.532656 0.0268974 0.707097 -0.0 -0.707117 
-0.361475 -0.817596 -0.331426 -0.707116 -0.0 0.707097 
0.0782446 0.47088 -0.164242 0.0 -1.0 0.0 
-0.488661 -0.478114 0.455793 -0.707115 0.0 -0.707099 
-0.316541 0.728794 -0.911004 0.0 -0.0 -1.0 
0.272574 -0.285645 -0.305449 -0.707099 0.0 -0.707115 
0.637032 0.47088 0.211377 -0.0 -1.0 -0.0 
0.419183 0.0744381 -0.452055 -0.707099 0.0 -0.707115 
0.928718 0.564733 0.517582 1.0 -0.0 0.0 
-0.0786794 -0.831395 0.0458027 -0.707115 0.0 -0.707099 
0.47348 -0.155958 -0.50635 -0.707099 0.0 -0.707115 
-0.391601 -0.313912 -0.415486 0.707119 -0.0 -0.707095 
0.928718 0.602672 0.0264402 1.0 -0.0 -0.0 
-0.282624 0.887673 -0.869279 0.0 1.0 0.0 
0.594253 0.887673 -0.541993 0.0 1.0 0.0 
0.928718 0.51384 -0.136418 1.0 -0.0 -0.0 
-0.57873 0.380593 -0.60262 0.707119 -0.0 -0.707095 
-0.460301 -0.4087 0.427433 -0.707115 0.0 -0.707099 
0.212883 -0.938257 -0.191826 0.707099 -0.0 0.707115 
0.458787 -0.885002 -0.491658 -0.707099 0.0 -0.707115 
-0.0892008 -0.474934 -0.0591442 -0.707116 -0.0 0.707097 
0.755699 0.47088 0.155666 -0.0 -1.0 -0.0 
-0.771198 0.887673 -0.0399025 0.0 1.0 0.0 
-0.304832 0.47088 -0.462134 0.0 -1.0 0.0 
-0.901754 0.824751 -0.780448 -1.0 0.0 0.0 
0.339682 -0.164001 0.369733 -0.707099 -0.0 0.707115 
0.434918 0.47088 0.410506 -0.0 -1.0 -0.0 
0.928718 0.721808 -0.0160034 1.0 -0.0 0.0 
-0.291565 -0.375203 -0.315447 0.707119 -0.0 -0.707095 
-0.0157625 0.0697665 0.0368121 0.707119 0.0 0.707095 
0.425922 -0.0789259 0.402039 0.707097 0.0 -0.707117 
0.172885 -0.226517 -0.205762 -0.707099 -0.0 -0.707115 
-0.270882 -0.648917 0.238009 -0.707115 0.0 -0.707099 
-0.0837163 0.47088 -0.827859 0.0 -1.0 0.0 
-0.417915 -0.720806 0.385045 -0.707115 0.0 -0.707099 
0.228158 0.165916 -0.261034 -0.707099 0.0 -0.707115 
0.753746 0.47088 -0.277068 -0.0 -1.0 -0.0 
0.0430923 0.887673 -0.699019 0.0 1.0 0.0 
0.360284 0.887673 0.335527 0.0 1.0 0.0 
0.20595 0.887673 -0.262263 0.0 1.0 0.0 
0.928718 0.669296 -0.891487 1.0 -0.0 -0.0 
0.928718 0.530959 0.330784 1.0 -0.0 -0.0 
-0.512106 0.47088 -0.388108 0.0 -1.0 0.0 
0.753746 0.47088 0.892549 -0.0 -1.0 -0.0 
-0.901754 0.472894 0.647424 -1.0 0.0 0.0 
0.928718 0.48423 -0.388108 1.0 -0.0 -0.0 
-0.581051 -0.742677 0.548186 -0.707115 0.0 -0.707099 
-0.901754 0.637603 0.35264 -1.0 -0.0 -0.0 
-0.0392342 0.887673 0.202827 0.0 1.0 0.0 
0.242964 0.365787 0.273016 -0.707099 0.0 0.707115 
-0.364084 0.535849 -0.911004 0.0 0.0 -1.0 
0.542419 -0.0117474 -0.521355 0.707099 0.0 0.707115 
0.928718 0.550853 -0.736032 1.0 -0.0 -0.0 
0.70933 0.580464 0.919468 0.0 0.0 1.0 
-0.208597 0.269553 -0.232476 0.707119 0.0 -0.707095 
-0.18516 0.0844869 0.152285 -0.707115 0.0 -0.707099 
0.527614 -0.855648 -0.50655 0.707099 0.0 0.707115 
0.0505787 0.686963 -0.911004 0.0 0.0 -1.0 
-0.568892 -0.869495 0.536026 -0.707115 0.0 -0.707099 
0.928718 0.809946 -0.151223 1.0 -0.0 0.0 
0.724808 0.887673 -0.0240797 0.0 1.0 0.0 
-0.360729 0.189239 -0.33068 -0.707116 0.0 0.707097 
-0.263108 0.887673 0.0532844 0.0 1.0 0.0 
-0.241514 0.353003 -0.265394 0.707119 0.0 -0.707095 
-0.382937 -0.392015 0.403999 0.707119 0.0 0.707095 
0.435261 -0.433698 0.411377 0.707097 0.0 -0.707117 
0.517535 0.887673 0.277804 0.0 1.0 0.0 
0.524264 0.469424 0.554311 -0.707099 0.0 0.707115 
-0.408469 0.684101 0.919468 -0.0 -0.0 1.0 
0.56195 0.887673 0.509366 0.0 1.0 0.0 
0.255913 -0.90671 0.232035 0.707097 -0.0 -0.707117 
0.590888 0.887673 -0.550966 0.0 1.0 0.0 
-0.0605447 0.887673 0.700081 0.0 1.0 0.0 
0.272398 -0.863051 0.248519 0.707097 -0.0 -0.707117 
-0.520038 0.790597 -0.911004 0.0 -0.0 -1.0 
-0.296197 0.188124 0.263325 -0.707115 0.0 -0.707099 
0.625657 0.887673 -0.395463 0.0 1.0 0.0 
-0.732549 0.47088 0.355304 0.0 -1.0 0.0 
-0.0646493 -0.816021 0.0317721 -0.707115 0.0 -0.707099 
-0.0889272 -0.833441 0.0560507 -0.707115 0.0 -0.707099 
-0.299095 -0.959383 -0.322976 0.707119 -0.0 -0.707095 
0.783356 0.47088 -0.610187 -0.0 -1.0 -0.0 
-0.178987 0.358385 0.200042 0.707119 0.0 0.707095 
0.531479 -0.420705 0.561525 -0.707099 -0.0 0.707115 
0.518697 -0.672475 -0.551567 -0.707099 0.0 -0.707115 
-0.734185 0.610074 -0.911004 0.0 -0.0 -1.0 
-0.901754 0.560338 0.35139 -1.0 0.0 0.0 
-0.111228 -0.652524 -0.135103 0.707119 0.0 -0.707095 
-0.484963 0.887673 0.184766 0.0 1.0 0.0 
0.516861 0.447216 0.546908 -0.707099 0.0 0.707115 
-0.2777 -0.398084 0.298758 0.707119 0.0 0.707095 
0.800854 0.887673 -0.164806 0.0 1.0 0.0 
-0.519287 0.41437 -0.543176 0.707119 0.0 -0.707095 
0.154634 0.18656 -0.187511 -0.707099 -0.0 -0.707115 
0.146729 0.48423 -0.911004 0.0 0.0 -1.0 
0.246262 0.47088 -0.677156 0.0 -1.0 0.0 
-0.603629 0.887673 -0.1029 0.0 1.0 0.0 
-0.238208 0.47088 -0.0771968 0.0 -1.0 0.0 
-0.359719 -0.228811 0.38078 0.707119 0.0 0.707095 
-0.0165168 0.316451 0.0375666 0.707119 0.0 0.707095 
0.82037 0.47088 -0.89889 0.0 -1.0 0.0 
0.495007 0.176459 0.525054 -0.707099 -0.0 0.707115 
0.479848 0.47088 0.248519 -0.0 -1.0 -0.0 
0.272302 0.141114 0.302354 -0.707099 0.0 0.707115 
-0.529154 0.887673 -0.0506921 0.0 1.0 0.0 
0.133002 -0.0198887 0.163058 -0.707099 0.0 0.707115 
0.928718 0.694279 -0.282399 1.0 -0.0 -0.0 
0.664914 0.887673 -0.0475863 0.0 1.0 0.0 
-0.901754 0.802543 -0.388108 -1.0 -0.0 -0.0 
-0.367885 -0.242405 0.335014 -0.707115 0.0 -0.707099 
0.583485 -0.0931765 0.597089 0.707108 -0.0 0.707106 
-0.415826 0.749521 -0.911004 0.0 -0.0 -1.0 
0.0612369 -0.648374 -0.0401836 0.707099 0.0 0.707115 
0.583563 -0.116229 0.597011 0.707108 -0.0 0.707106 
0.571224 -0.350571 -0.550159 0.707099 0.0 0.707115 
0.102133 -0.66318 0.0782586 0.707097 -0.0 -0.707117 
-0.3058 -0.739446 -0.329682 0.707119 -0.0 -0.707095 
0.312932 -0.574348 -0.291873 0.707099 -0.0 0.707115 
0.393938 -0.232907 0.423988 -0.707099 -0.0 0.707115 
-0.290027 -0.744609 -0.313908 0.707119 -0.0 -0.707095 
0.030306 0.887674 -0.261557 0.0 1.0 0.0 
0.513087 0.801889 0.919468 0.0 0.0 1.0 
0.827772 0.47088 0.241117 -0.0 -1.0 -0.0 
-0.753635 0.47088 0.410457 0.0 -1.0 0.0 
0.364752 0.1215 -0.343692 0.707099 0.0 0.707115 
0.531667 0.425008 -0.564536 -0.707099 0.0 -0.707115 
0.0583121 -0.816357 -0.0372593 0.707099 -0.0 0.707115 
-0.0156373 -0.0346935 0.0366871 0.707119 0.0 0.707095 
-0.00444768 -0.924337 -0.0284332 -0.707099 -0.0 -0.707115 
-0.103196 -0.590341 -0.0731397 -0.707116 -0.0 0.707097 
0.928718 0.832154 0.759302 1.0 -0.0 0.0 
-0.552991 -0.71193 0.520125 -0.707115 0.0 -0.707099 
-0.0406322 0.472716 -0.911004 0.0 0.0 -1.0 
0.376038 -0.256035 0.352156 0.707097 0.0 -0.707117 
0.0807704 0.00884945 0.0568971 0.707097 -0.0 -0.707117 
0.0590289 -0.0286447 0.0351561 0.707097 -0.0 -0.707117 
0.928718 0.588098 0.00821956 1.0 -0.0 -0.0 
0.121403 -0.888475 0.151459 -0.707099 -0.0 0.707115 
0.56868 -0.707596 0.598726 -0.707099 -0.0 0.707115 
-0.495867 0.000372191 0.463 -0.707115 0.0 -0.707099 
0.183742 -0.241229 -0.216619 -0.707099 -0.0 -0.707115 
0.517017 -0.107911 0.493132 0.707097 0.0 -0.707117 
-0.0412535 0.887673 -0.078197 0.0 1.0 0.0 
-0.375493 0.887673 -0.34116 0.0 1.0 0.0 
0.0356897 0.887673 -0.136418 0.0 1.0 0.0 
-0.615743 0.47088 -0.536161 0.0 -1.0 0.0 
0.146729 0.0178632 -0.179607 -0.707099 -0.0 -0.707115 
-0.393664 -0.337464 0.414726 0.707119 0.0 0.707095 
-0.381101 0.887673 -0.0195836 0.0 1.0 0.0 
-0.344986 0.887673 -0.0339849 0.0 1.0 0.0 
-0.58441 -0.180926 0.605142 -0.707107 -0.0 0.707107 
0.2 -0.301485 -0.178944 0.707099 0.0 0.707115 
0.242964 0.887673 0.907354 0.0 1.0 0.0 
0.523739 -0.981414 -0.556609 -0.707099 0.0 -0.707115 
-0.633847 0.47088 0.529397 0.0 -1.0 0.0 
-0.0439446 0.887673 -0.695112 0.0 1.0 0.0 
-0.901754 0.587172 -0.141733 -1.0 0.0 0.0 
0.162207 0.887673 -0.0505947 0.0 1.0 0.0 
-0.519508 0.887673 0.470599 0.0 1.0 0.0 
0.257769 -0.196813 -0.290644 -0.707099 0.0 -0.707115 
0.272398 0.417606 0.248519 0.707097 0.0 -0.707117 
0.346601 0.887673 0.100467 0.0 1.0 0.0 
-0.326529 -0.38783 -0.296479 -0.707116 -0.0 0.707097 
0.548639 -0.425217 -0.527574 0.707099 0.0 0.707115 
0.54241 -0.408226 0.518524 0.707097 0.0 -0.707117 
-0.104961 -0.66318 -0.128836 0.707119 0.0 -0.707095 
-0.510619 -0.384742 -0.480574 -0.707116 0.0 0.707097 
-0.282624 0.887673 0.707483 0.0 1.0 0.0 
-0.547881 -0.870454 0.515014 -0.707115 0.0 -0.707099 
-0.408469 0.887673 0.796315 0.0 1.0 0.0 
0.207577 0.272271 -0.186521 0.707099 0.0 0.707115 
-0.667561 0.47088 0.744496 -0.0 -1.0 -0.0 
-0.17578 0.47088 -0.254795 0.0 -1.0 0.0 
-0.223627 0.887673 0.173474 0.0 1.0 0.0 
-0.593535 0.47088 0.107869 0.0 -1.0 0.0 
0.343381 -0.675522 0.3195 0.707097 -0.0 -0.707117 
0.271297 -0.31449 0.30135 -0.707099 -0.0 0.707115 
-0.0975579 -0.566945 0.11861 0.707119 0.0 0.707095 
0.118608 -0.958276 -0.0975531 0.707099 -0.0 0.707115 
-0.314521 -0.811233 -0.284471 -0.707116 -0.0 0.707097 
0.423974 0.239942 -0.402913 0.707099 0.0 0.707115 
-0.312234 -0.759414 -0.336116 0.707119 -0.0 -0.707095 
-0.169565 0.887673 -0.540244 0.0 1.0 0.0 
0.928718 0.480529 -0.17171 1.0 -0.0 -0.0 
0.115483 0.47088 0.589473 -0.0 -1.0 -0.0 
-0.645353 0.47088 0.52982 0.0 -1.0 0.0 
0.489428 0.47088 0.239917 -0.0 -1.0 -0.0 
-0.479952 -0.99437 0.501017 0.707119 0.0 0.707095 
-0.549233 -0.0692319 -0.519188 -0.707116 0.0 0.707097 
0.313625 0.887673 0.35158 0.0 1.0 0.0 
-0.0474638 -0.89389 -0.0713371 0.707119 -0.0 -0.707095 
0.047659 -0.936994 -0.0805388 -0.707099 0.0 -0.707115 
-0.205788 0.0947758 -0.229667 0.707119 0.0 -0.707095 
0.114427 0.887673 -0.654914 0.0 1.0 0.0 
-0.901754 0.858989 -0.676405 -1.0 -0.0 -0.0 
0.635303 0.887673 0.870341 0.0 1.0 0.0 
0.487251 0.846959 0.919468 0.0 0.0 1.0 
-0.336622 0.418928 0.357683 0.707119 0.0 0.707095 
0.377399 0.47088 -0.459801 0.0 -1.0 0.0 
-0.901754 0.755814 0.217423 -1.0 -0.0 -0.0 
0.928718 0.619558 -0.252698 1.0 -0.0 -0.0 
0.581947 -0.966489 0.558059 0.707097 -0.0 -0.707117 
-0.190397 0.417637 0.157522 -0.707115 0.0 -0.707099 
0.220756 -0.737206 -0.253632 -0.707099 0.0 -0.707115 
0.0801055 -0.01915 -0.112985 -0.707099 -0.0 -0.707115 
-0.253013 0.47088 0.0856613 0.0 -1.0 0.0 
-0.349248 -0.951883 -0.373131 0.707119 -0.0 -0.707095 
0.559292 -0.919531 0.535406 0.707097 -0.0 -0.707117 
-0.497749 0.887673 0.475853 0.0 1.0 0.0 
0.155717 -0.36914 -0.134662 0.707099 -0.0 0.707115 
-0.808211 0.887673 -0.462134 0.0 1.0 0.0 
-0.584893 0.158513 0.552028 -0.707115 0.0 -0.707099 
-0.901754 0.587866 0.189298 -1.0 0.0 0.0 
-0.423617 0.327958 0.390748 -0.707115 0.0 -0.707099 
0.157787 0.47088 0.377492 -0.0 -1.0 -0.0 
-0.663009 0.47088 0.000420882 0.0 -1.0 0.0 
0.157394 -0.766691 -0.190271 -0.707099 0.0 -0.707115 
-0.039368 -0.920283 0.0604185 0.707119 0.0 0.707095 
0.253956 0.887673 -0.363449 0.0 1.0 0.0 
0.498788 -0.797946 0.474904 0.707097 -0.0 -0.707117 
-0.183183 0.47088 0.228387 -0.0 -1.0 -0.0 
0.220611 0.196303 -0.253488 -0.707099 -0.0 -0.707115 
-0.550368 -0.691965 0.517501 -0.707115 0.0 -0.707099 
0.556097 -0.539438 0.532211 0.707097 0.0 -0.707117 
-0.22318 0.0638972 0.190306 -0.707115 0.0 -0.707099 
-0.566204 -0.515127 -0.536161 -0.707116 0.0 0.707097 
-0.604395 0.0400711 -0.587979 -0.707107 0.0 -0.707107 
0.0727029 0.350982 0.10276 -0.707099 0.0 0.707115 
0.051617 0.887673 0.0444405 0.0 1.0 0.0 
-0.222821 0.341404 -0.192767 -0.707116 0.0 0.707097 
0.276719 -0.223075 0.25284 0.707097 -0.0 -0.707117 
0.505405 0.151111 -0.484342 0.707099 0.0 0.707115 
0.848792 0.47088 -0.399722 -0.0 -1.0 -0.0 
0.0430923 0.321371 0.0731496 -0.707099 0.0 0.707115 
0.124521 0.158513 0.154577 -0.707099 0.0 0.707115 
0.210322 -0.0727061 -0.243198 -0.707099 -0.0 -0.707115 
-0.387093 -0.509642 0.354223 -0.707115 0.0 -0.707099 
-0.0991284 0.887673 -0.909179 0.0 1.0 0.0 
0.724135 0.543451 0.919468 0.0 0.0 1.0 
-0.282624 0.47088 0.751899 -0.0 -1.0 -0.0 
-0.741588 0.47088 -0.795253 0.0 -1.0 0.0 
0.309587 0.47088 -0.906293 0.0 -1.0 0.0 
0.213353 0.491632 -0.911004 0.0 0.0 -1.0 
0.928718 0.491632 0.892549 1.0 -0.0 0.0 
-0.595267 0.337398 0.594285 -0.707107 0.0 0.707107 
0.0943372 -0.446986 -0.127216 -0.707099 -0.0 -0.707115 
0.0875081 0.47088 -0.824864 0.0 -1.0 0.0 
-0.46769 -0.66318 -0.491577 0.707119 -0.0 -0.707095 
0.886993 0.47088 -0.587979 -0.0 -1.0 -0.0 
0.928718 0.684101 -0.0253783 1.0 -0.0 -0.0 
0.154132 -0.900064 -0.187009 -0.707099 0.0 -0.707115 
-0.149376 0.0474737 0.17043 0.707119 0.0 0.707095 
-0.901754 0.651715 -0.598685 -1.0 0.0 0.0 
0.346601 0.536048 -0.911004 0.0 0.0 -1.0 
-0.304832 0.887673 -0.61759 0.0 1.0 0.0 
-0.901754 0.496028 -0.138651 -1.0 0.0 0.0 
0.268268 -0.309286 -0.24721 0.707099 0.0 0.707115 
-0.599698 -0.226424 0.566833 -0.707115 0.0 -0.707099 
-0.260416 0.87657 -0.911004 0.0 -0.0 -1.0 
0.472445 -0.855649 -0.505316 -0.707099 0.0 -0.707115 
-0.0309341 0.887673 -0.839669 0.0 1.0 0.0 
0.700515 0.47088 -0.189528 -0.0 -1.0 -0.0 
0.294782 0.47088 0.263325 -0.0 -1.0 -0.0 
0.519815 -0.408058 -0.552684 -0.707099 0.0 -0.707115 
0.513296 -0.844338 -0.492233 0.707099 0.0 0.707115 
0.387203 0.887673 0.288182 0.0 1.0 0.0 
0.442835 0.595269 -0.911004 0.0 0.0 -1.0 
-0.704574 0.887673 -0.0253783 0.0 1.0 0.0 
-0.201195 -0.0635659 -0.225073 0.707119 0.0 -0.707095 
0.561277 0.887673 -0.847072 0.0 1.0 0.0 
0.131924 -1.0 0.152285 0.0 -1.0 0.0 
-0.319348 -0.737736 -0.289298 -0.707116 -0.0 0.707097 
0.558361 0.887673 -0.108237 0.0 1.0 0.0 
-0.00872619 -0.367074 0.0297756 0.707119 0.0 0.707095 
-0.901754 0.702608 -0.242019 -1.0 0.0 0.0 
0.331795 -0.478114 -0.364669 -0.707099 0.0 -0.707115 
0.56025 -0.692888 0.536364 0.707097 0.0 -0.707117 
-0.512106 0.887673 0.463196 0.0 1.0 0.0 
-0.362192 0.47088 -0.578636 0.0 -1.0 0.0 
-0.590619 0.887673 -0.198681 0.0 1.0 0.0 
0.59829 0.143708 0.582284 0.707108 -0.0 0.707106 
-0.857114 0.887673 0.0108516 0.0 1.0 0.0 
-0.38985 0.887673 0.619927 0.0 1.0 0.0 
0.302057 -0.149291 -0.334931 -0.707099 -0.0 -0.707115 
0.731538 0.47088 0.877744 -0.0 -1.0 -0.0 
0.228528 -0.907779 -0.207472 0.707099 -0.0 0.707115 
-0.113551 0.47088 -0.77553 0.0 -1.0 0.0 
0.464034 -0.924932 -0.496905 -0.707099 0.0 -0.707115 
-0.667561 0.887673 -0.0697942 0.0 1.0 0.0 
0.561277 0.887673 0.677873 0.0 1.0 0.0 
0.344359 -0.792493 -0.3233 0.707099 -0.0 0.707115 
-0.238849 -0.870024 -0.208797 -0.707116 -0.0 0.707097 
0.531667 0.839556 -0.911004 0.0 -0.0 -1.0 
0.271004 0.887673 -0.830467 0.0 1.0 0.0 
-0.396803 -0.0695792 -0.420688 0.707119 -0.0 -0.707095 
-0.479087 -0.757609 -0.44904 -0.707116 -0.0 0.707097 
-0.600937 0.698906 0.919468 -0.0 -0.0 1.0 
0.548491 0.887673 0.161159 0.0 1.0 0.0 
-0.20327 -0.913655 0.224325 0.707119 0.0 0.707095 
-0.452594 0.47088 0.0421522 0.0 -1.0 0.0 
0.280767 -0.989931 -0.259709 0.707099 -0.0 0.707115 
-0.427761 0.887674 0.14793 0.0 1.0 0.0 
0.397606 -0.650832 0.427655 -0.707099 -0.0 0.707115 
-0.208597 0.758127 0.919468 0.0 0.0 1.0 
0.928718 0.839556 0.159688 1.0 -0.0 0.0 
0.207455 0.47088 0.794749 -0.0 -1.0 -0.0 
-0.423274 0.188124 -0.44716 0.707119 0.0 -0.707095 
-0.053142 0.887673 -0.0994048 0.0 1.0 0.0 
-0.0753495 0.887673 -0.138128 0.0 1.0 0.0 
0.105112 -0.423167 -0.0840581 0.707099 0.0 0.707115 
0.565633 0.280328 0.541747 0.707097 0.0 -0.707117 
-0.339782 0.0461311 -0.309732 -0.707116 0.0 0.707097 
0.503217 -0.635148 0.533265 -0.707099 -0.0 0.707115 
0.433862 0.887673 -0.207265 0.0 1.0 0.0 
-0.549119 0.47088 -0.89889 0.0 -1.0 0.0 
-0.425558 -0.0635659 -0.39551 -0.707116 0.0 0.707097 
0.199785 0.822319 0.919468 0.0 0.0 1.0 
-0.334442 0.887674 -0.207413 0.0 1.0 0.0 
-0.441357 -0.0710586 -0.465243 0.707119 -0.0 -0.707095 
-0.554657 0.392926 0.52179 -0.707115 0.0 -0.707099 
-0.486522 -0.196802 -0.456476 -0.707116 0.0 0.707097 
0.310644 -0.874088 0.286764 0.707097 -0.0 -0.707117 
-0.683871 0.47088 0.462614 0.0 -1.0 0.0 
0.835175 0.887673 0.692678 0.0 1.0 0.0 
-0.497301 0.861764 0.919468 0.0 0.0 1.0 
0.56868 0.328774 0.598726 -0.707099 -0.0 0.707115 
-0.224973 0.887673 0.512214 0.0 1.0 0.0 
-0.888071 0.887673 0.288256 0.0 1.0 0.0 
-0.536594 0.00305787 -0.50655 -0.707116 0.0 0.707097 
-0.536594 0.239942 -0.50655 -0.707116 0.0 0.707097 
-0.495183 -0.461819 0.462315 -0.707115 0.0 -0.707099 
0.124521 0.573061 0.919468 -0.0 -0.0 1.0 
0.928718 0.521243 -0.210444 1.0 -0.0 -0.0 
-0.0858933 0.887673 0.474835 0.0 1.0 0.0 
0.0612369 0.276956 -0.0401836 0.707099 0.0 0.707115 
0.806528 0.47088 0.462605 -0.0 -1.0 -0.0 
-0.292942 0.887673 -0.0993926 0.0 1.0 0.0 
-0.401066 -0.263437 0.422129 0.707119 0.0 0.707095 
-0.0461877 0.887673 -0.566481 0.0 1.0 0.0 
-0.499348 -0.274743 -0.523236 0.707119 -0.0 -0.707095 
0.222835 -0.585052 -0.201779 0.707099 0.0 0.707115 
-0.559552 0.199345 -0.583443 0.707119 -0.0 -0.707095 
0.928718 0.587173 -0.744146 1.0 -0.0 -0.0 
-0.35665 0.887673 -0.706421 0.0 1.0 0.0 
-0.652756 0.887673 0.0782586 0.0 1.0 0.0 
0.242964 -0.863051 -0.275839 -0.707099 0.0 -0.707115 
0.405822 -0.248632 0.435871 -0.707099 -0.0 0.707115 
0.593649 -2.11097e-05 0.569762 0.707097 0.0 -0.707117 
-0.682366 0.887673 0.0264402 0.0 1.0 0.0 
0.635303 0.887673 0.196701 0.0 1.0 0.0 
0.186147 -0.722003 0.162271 0.707097 -0.0 -0.707117 
0.0972893 -0.407928 -0.0762354 0.707099 0.0 0.707115 
0.921249 0.47088 -0.0552971 -0.0 -1.0 -0.0 
0.682569 0.47088 -0.404327 -0.0 -1.0 -0.0 
0.511799 -0.901583 -0.490737 0.707099 -0.0 0.707115 
0.27988 -0.580926 -0.258822 0.707099 0.0 0.707115 
-0.35665 0.0474737 0.377711 0.707119 0.0 0.707095 
-0.374223 -0.494153 0.395284 0.707119 0.0 0.707095 
0.864785 0.47088 -0.550966 -0.0 -1.0 -0.0 
-0.293117 -0.441847 -0.316998 0.707119 -0.0 -0.707095 
-0.667561 0.632282 0.919468 -0.0 -0.0 1.0 
0.277958 0.887673 0.255337 0.0 1.0 0.0 
-0.0901552 -1.0 0.0634534 -0.0 -1.0 -0.0 
0.761148 0.47088 -0.795253 0.0 -1.0 0.0 
-0.503466 0.128903 0.470599 -0.707115 0.0 -0.707099 
0.89276 0.47088 -0.433195 -0.0 -1.0 -0.0 
-0.341845 -0.774219 -0.365728 0.707119 -0.0 -0.707095 
-0.901754 0.654259 -0.810442 -1.0 0.0 0.0 
-0.901754 0.698906 -0.188236 -1.0 0.0 0.0 
0.361232 -0.922272 0.337351 0.707097 -0.0 -0.707117 
-0.352322 0.47088 0.229709 0.0 -1.0 0.0 
0.339024 0.0696817 0.315143 0.707097 0.0 -0.707117 
-0.259029 0.0286931 0.280086 0.707119 0.0 0.707095 
0.864785 0.887673 -0.669408 0.0 1.0 0.0 
0.368809 -0.789025 -0.401681 -0.707099 0.0 -0.707115 
0.59829 0.887673 -0.602784 0.0 1.0 0.0 
0.701704 0.887674 0.497207 0.0 1.0 0.0 
-0.287924 -0.175386 0.255052 -0.707115 0.0 -0.707099 
0.133877 0.47088 -0.866594 0.0 -1.0 0.0 
-0.549119 -0.870454 -0.573009 0.707119 -0.0 -0.707095 
0.0134817 0.417606 -0.0463623 -0.707099 0.0 -0.707115 
-0.610788 -0.523707 0.578764 -0.707107 0.0 0.707107 
-0.135159 -0.39729 -0.159035 0.707119 0.0 -0.707095 
-0.438528 0.887674 -0.331842 0.0 1.0 0.0 
-0.376258 -0.9647 0.343388 -0.707115 0.0 -0.707099 
-0.348014 0.4028 0.315143 -0.707115 0.0 -0.707099 
-0.218655 -0.767241 -0.242534 0.707119 -0.0 -0.707095 
-0.474406 -0.430677 -0.44436 -0.707116 0.0 0.707097 
-0.38828 0.887673 0.427708 0.0 1.0 0.0 
0.746343 0.632282 0.919468 0.0 0.0 1.0 
0.10728 -0.0270479 0.0834062 0.707097 -0.0 -0.707117 
0.0356897 0.887673 0.855536 0.0 1.0 0.0 
0.294782 -0.959285 -0.327657 -0.707099 0.0 -0.707115 
-0.55668 0.47088 -0.510491 0.0 -1.0 0.0 
0.0393733 0.386242 0.0694306 -0.707099 0.0 0.707115 
-0.546969 -0.809285 -0.516926 -0.707116 0.0 0.707097 
0.361521 -0.880513 0.391572 -0.707099 -0.0 0.707115 
-0.548374 -0.853723 -0.572264 0.707119 -0.0 -0.707095 
0.00607909 0.887673 0.663067 0.0 1.0 0.0 
-0.549119 0.887673 -0.0994048 0.0 1.0 0.0 
0.309587 0.887673 -0.550966 0.0 1.0 0.0 
-0.585842 0.47088 -0.135445 0.0 -1.0 0.0 
-0.488661 -0.396685 0.455793 -0.707115 0.0 -0.707099 
0.149197 0.887673 -0.329914 0.0 1.0 0.0 
0.220756 0.706309 0.919468 0.0 0.0 1.0 
-0.229011 0.887673 -0.0646025 0.0 1.0 0.0 
-0.350614 0.508077 0.919468 -0.0 -0.0 1.0 
-0.127168 0.887673 0.122674 0.0 1.0 0.0 
0.183901 0.47088 0.0494695 -0.0 -1.0 -0.0 
0.0134817 0.617477 -0.911004 0.0 0.0 -1.0 
-0.351534 0.0992922 -0.321484 -0.707116 0.0 0.707097 
-0.444209 -0.567946 -0.468096 0.707119 -0.0 -0.707095 
-0.0889272 -0.285645 0.0560507 -0.707115 0.0 -0.707099 
-0.416464 0.674302 -0.911004 0.0 -0.0 -1.0 
0.417791 0.103308 -0.450663 -0.707099 0.0 -0.707115 
-0.0570214 0.47088 0.777836 -0.0 -1.0 -0.0 
-0.359791 0.887673 -0.515321 0.0 1.0 0.0 
-0.901754 0.558256 -0.75824 -1.0 0.0 0.0 
0.528236 0.47088 -0.28932 -0.0 -1.0 -0.0 
-0.32188 0.887673 0.519829 0.0 1.0 0.0 
-0.0752047 -0.849089 -0.099079 0.707119 -0.0 -0.707095 
-0.551134 0.0995279 -0.575024 0.707119 -0.0 -0.707095 
0.516861 -0.796427 -0.549731 -0.707099 0.0 -0.707115 
-0.901754 0.715099 0.0336761 -1.0 -0.0 -0.0 
0.48277 -0.0742012 0.512818 -0.707099 -0.0 0.707115 
0.0825263 -0.496803 0.112583 -0.707099 0.0 0.707115 
0.731538 0.47088 -0.439926 -0.0 -1.0 -0.0 
-0.18516 -0.0265527 0.152285 -0.707115 0.0 -0.707099 
0.56275 0.138026 -0.595618 -0.707099 0.0 -0.707115 
0.383441 -0.426295 0.359559 0.707097 -0.0 -0.707117 
-0.500911 -0.401289 0.521977 0.707119 0.0 0.707095 
0.19608 -1.0 0.200439 0.0 -1.0 0.0 
0.267885 -0.249811 -0.246827 0.707099 -0.0 0.707115 
0.551148 -0.743878 0.527261 0.707097 0.0 -0.707117 
-0.264951 0.0344693 0.232078 -0.707115 0.0 -0.707099 
0.728643 0.723218 -0.911004 0.0 0.0 -1.0 
-0.0446174 0.887673 -0.241909 0.0 1.0 0.0 
0.560242 0.0632931 -0.539177 0.707099 0.0 0.707115 
0.229141 -0.867072 -0.208084 0.707099 0.0 0.707115 
0.225509 0.592449 -0.911004 0.0 0.0 -1.0 
-0.485888 -0.434652 -0.455842 -0.707116 0.0 0.707097 
0.201424 0.858716 0.919468 0.0 0.0 1.0 
0.56868 0.780335 0.919468 0.0 0.0 1.0 
0.928718 0.87842 -0.587325 1.0 -0.0 0.0 
0.0208844 -0.811233 -0.0537648 -0.707099 0.0 -0.707115 
0.122633 -0.713938 0.0987589 0.707097 -0.0 -0.707117 
-0.647372 0.887674 0.210999 0.0 1.0 0.0 
0.600468 0.47088 -0.215071 -0.0 -1.0 -0.0 
-0.0401313 0.887673 -0.26237 0.0 1.0 0.0 
-0.522549 0.243309 -0.546438 0.707119 -0.0 -0.707095 
0.131744 -0.322658 0.107869 0.707097 -0.0 -0.707117 
0.31228 0.887673 -0.390929 0.0 1.0 0.0 
-0.845225 0.887673 -0.306679 0.0 1.0 0.0 
0.104486 -0.0631756 0.134542 -0.707099 0.0 0.707115 
0.583485 -0.182008 -0.599912 0.707108 -0.0 -0.707106 
-0.341845 0.380593 0.362905 0.707119 0.0 0.707095 
-0.630548 0.887673 -0.0697942 0.0 1.0 0.0 
-0.0975579 0.887673 -0.284471 0.0 1.0 0.0 
0.530087 -0.0628623 0.560134 -0.707099 -0.0 0.707115 
0.102313 0.887673 -0.410316 0.0 1.0 0.0 
0.505747 -0.942293 0.481862 0.707097 -0.0 -0.707117 
0.365668 0.887674 -0.377629 0.0 1.0 0.0 
0.0298579 -1.0 0.0483138 0.0 -1.0 0.0 
-0.275221 0.887673 0.855536 0.0 1.0 0.0 
0.215372 0.887674 0.0857669 0.0 1.0 0.0 
-0.194297 -0.37546 -0.164243 -0.707116 -0.0 0.707097 
-0.901754 0.619559 -0.63318 -1.0 0.0 0.0 
-0.473856 -0.685388 0.440988 -0.707115 0.0 -0.707099 
0.297474 0.887673 0.458032 0.0 1.0 0.0 
-0.151553 0.47088 -0.524042 0.0 -1.0 0.0 
0.84998 0.47088 -0.188236 -0.0 -1.0 -0.0 
0.805564 0.817348 0.919468 0.0 0.0 1.0 
-0.400089 -0.794031 -0.423974 0.707119 -0.0 -0.707095 
0.168937 -0.167203 0.198992 -0.707099 0.0 0.707115 
-0.0383368 0.887673 0.640859 0.0 1.0 0.0 
-0.527658 -0.965454 -0.551548 0.707119 -0.0 -0.707095 
0.613096 0.47088 0.204104 -0.0 -1.0 -0.0 
0.261182 -0.452154 0.237304 0.707097 -0.0 -0.707117 
-0.299048 -0.943968 -0.322929 0.707119 -0.0 -0.707095 
0.361406 -0.381879 -0.394279 -0.707099 0.0 -0.707115 
-0.388239 -0.5656 0.409301 0.707119 0.0 0.707095 
-0.200494 -0.931323 0.22155 0.707119 0.0 0.707095 
-0.0229633 0.0968556 -0.0468358 0.707119 0.0 -0.707095 
-0.30057 0.887673 -0.0178353 0.0 1.0 0.0 
0.400041 -0.803545 -0.432913 -0.707099 0.0 -0.707115 
0.657512 0.735919 0.919468 0.0 0.0 1.0 
0.694525 0.47088 0.914757 -0.0 -1.0 -0.0 
-0.560201 -0.698204 0.527335 -0.707115 0.0 -0.707099 
-0.0684301 0.152996 -0.0923041 0.707119 0.0 -0.707095 
-0.238208 0.350982 0.259265 0.707119 0.0 0.707095 
0.368635 0.425008 0.344754 0.707097 0.0 -0.707117 
0.168937 0.47088 0.352156 -0.0 -1.0 -0.0 
0.265172 -0.737206 -0.298047 -0.707099 0.0 -0.707115 
-0.763796 0.887673 0.130077 0.0 1.0 0.0 
-0.500192 -0.774708 -0.52408 0.707119 -0.0 -0.707095 
0.376651 -0.216468 -0.355591 0.707099 0.0 0.707115 
0.575137 0.420663 -0.554073 0.707099 0.0 0.707115 
0.242964 0.47088 0.862939 -0.0 -1.0 -0.0 
0.775954 0.47088 -0.6472 -0.0 -1.0 -0.0 
0.928718 0.777328 -0.244128 1.0 -0.0 0.0 
-0.118537 0.195527 0.0856613 -0.707115 0.0 -0.707099 
0.879301 0.47088 -0.178249 -0.0 -1.0 -0.0 
0.269646 0.239723 0.245768 0.707097 0.0 -0.707117 
0.0875081 -0.752012 -0.120387 -0.707099 -0.0 -0.707115 
-0.212714 -0.80368 -0.182661 -0.707116 -0.0 0.707097 
0.0801055 0.887673 0.55943 0.0 1.0 0.0 
-0.901754 0.830072 0.61715 -1.0 -0.0 -0.0 
0.376211 0.887673 -0.795253 0.0 1.0 0.0 
-0.193792 0.47088 -0.462134 0.0 -1.0 0.0 
0.553706 0.432411 0.52982 0.707097 0.0 -0.707117 
-0.837822 0.47088 0.181896 0.0 -1.0 0.0 
0.028287 0.887673 0.0264402 0.0 1.0 0.0 
0.00706888 -0.742159 0.0371269 -0.707099 0.0 0.707115 
-0.192029 0.0514392 0.213085 0.707119 0.0 0.707095 
-0.205274 -0.489955 0.22633 0.707119 0.0 0.707095 
-0.606928 0.47088 0.313884 0.0 -1.0 0.0 
0.386378 -0.825963 0.416428 -0.707099 -0.0 0.707115 
0.657512 0.521243 0.919468 -0.0 -0.0 1.0 
-0.164182 0.887673 0.263325 0.0 1.0 0.0 
0.124521 0.47088 -0.032781 -0.0 -1.0 -0.0 
0.115324 0.887673 -0.0788809 0.0 1.0 0.0 
0.206156 -0.663854 0.182279 0.707097 -0.0 -0.707117 
-0.271649 0.203374 -0.241597 -0.707116 0.0 0.707097 
0.827772 0.47088 -0.669408 -0.0 -1.0 -0.0 
0.407067 -0.41784 0.437116 -0.707099 -0.0 0.707115 
-0.156679 -0.350778 0.123804 -0.707115 0.0 -0.707099 
0.442663 -0.263437 0.41878 0.707097 0.0 -0.707117 
-0.367944 -0.289195 -0.391828 0.707119 -0.0 -0.707095 
-0.843715 0.776696 0.919468 -0.0 -0.0 1.0 
0.450066 -0.966688 0.426183 0.707097 -0.0 -0.707117 
-0.0515721 0.887673 -0.669897 0.0 1.0 0.0 
0.0392186 -0.141587 -0.0720986 -0.707099 0.0 -0.707115 
-0.286523 -0.684142 -0.310405 0.707119 -0.0 -0.707095 
0.324393 0.47088 0.0856613 -0.0 -1.0 -0.0 
-0.218692 0.887673 -0.716744 0.0 1.0 0.0 
-0.519508 -0.344866 -0.543397 0.707119 -0.0 -0.707095 
0.201822 -0.788236 0.177945 0.707097 -0.0 -0.707117 
0.250366 0.395398 0.280419 -0.707099 0.0 0.707115 
-0.697172 0.887673 0.122674 0.0 1.0 0.0 
0.265172 0.887673 0.848133 0.0 1.0 0.0 
-0.577425 -0.184973 0.544559 -0.707115 0.0 -0.707099 
0.48708 -0.981493 0.463196 0.707097 -0.0 -0.707117 
0.541537 0.887673 0.559914 0.0 1.0 0.0 
0.208801 0.47088 0.304261 -0.0 -1.0 -0.0 
0.809536 0.47088 0.437628 -0.0 -1.0 -0.0 
0.826809 0.47088 -0.382985 -0.0 -1.0 -0.0 
0.594239 0.276956 -0.573174 0.707099 0.0 0.707115 
-0.786003 0.887673 -0.750837 0.0 1.0 0.0 
0.375314 0.887673 -0.0610579 0.0 1.0 0.0 
-0.413342 -0.351407 -0.437228 0.707119 -0.0 -0.707095 
0.0578976 0.887673 -0.432524 0.0 1.0 0.0 
-0.0889272 -0.559543 0.0560507 -0.707115 0.0 -0.707099 
0.494653 0.887673 0.337351 0.0 1.0 0.0 
0.163278 -0.68973 -0.142222 0.707099 0.0 0.707115 
-0.430415 0.434531 0.397546 -0.707115 0.0 -0.707099 
-0.0815248 0.4028 0.0486481 -0.707115 0.0 -0.707099 
0.928718 0.698906 0.796315 1.0 -0.0 0.0 
0.928718 0.544375 -0.291253 1.0 -0.0 -0.0 
0.166791 0.816523 -0.911004 0.0 -0.0 -1.0 
0.379673 -0.82313 -0.358613 0.707099 0.0 0.707115 
0.284604 -0.187243 -0.317479 -0.707099 0.0 -0.707115 
0.189014 -0.274888 -0.221891 -0.707099 0.0 -0.707115 
0.154132 0.887673 -0.0179757 0.0 1.0 0.0 
-0.0901552 0.402801 0.111207 0.707119 0.0 0.707095 
-0.253013 0.887673 0.241117 0.0 1.0 0.0 
0.768551 0.887673 0.788912 0.0 1.0 0.0 
0.509459 0.217734 0.539506 -0.707099 -0.0 0.707115 
-0.0705172 -0.520553 -0.0404599 -0.707116 -0.0 0.707097 
-0.542099 0.47088 -0.103139 0.0 -1.0 0.0 
0.564689 0.191874 -0.597558 -0.707099 0.0 -0.707115 
-0.505152 -1.0 0.473162 0.0 -1.0 0.0 
-0.619557 0.887673 0.657717 0.0 1.0 0.0 
0.0244942 -0.537776 0.054552 -0.707099 0.0 0.707115 
0.627901 0.887673 -0.358497 0.0 1.0 0.0 
-0.351647 -0.452969 0.372707 0.707119 0.0 0.707095 
0.353829 -0.759414 0.329948 0.707097 -0.0 -0.707117 
-0.815614 0.47088 0.707483 0.0 -1.0 0.0 
0.297722 -0.0249089 -0.330596 -0.707099 -0.0 -0.707115 
-0.114773 0.553226 0.919468 -0.0 -0.0 1.0 
-0.193792 0.887673 -0.0549889 0.0 1.0 0.0 
-0.0808916 0.47088 -0.618322 0.0 -1.0 0.0 
0.219539 0.149625 -0.252415 -0.707099 -0.0 -0.707115 
0.82037 0.887673 -0.558369 0.0 1.0 0.0 
-0.472389 -0.279618 -0.442343 -0.707116 0.0 0.707097 
-0.445482 0.887673 -0.373302 0.0 1.0 0.0 
0.139327 0.887673 -0.462134 0.0 1.0 0.0 
-0.0138859 0.887674 0.802554 0.0 1.0 0.0 
-0.324896 -0.561958 -0.348779 0.707119 -0.0 -0.707095 
-0.559188 -0.698315 -0.583078 0.707119 -0.0 -0.707095 
-0.241956 0.47088 0.64676 -0.0 -1.0 -0.0 
0.437216 0.223276 0.467265 -0.707099 0.0 0.707115 
-0.328434 -0.818123 -0.298383 -0.707116 -0.0 0.707097 
-0.901754 0.809715 -0.100792 -1.0 -0.0 -0.0 
-0.0399933 -0.546268 -0.00993504 -0.707116 -0.0 0.707097 
0.889619 0.47088 -0.253112 -0.0 -1.0 -0.0 
-0.704574 0.795141 0.919468 -0.0 -0.0 1.0 
0.461069 -0.177778 0.491117 -0.707099 -0.0 0.707115 
0.0134817 0.887673 0.589041 0.0 1.0 0.0 
0.161535 0.632282 0.919468 -0.0 -0.0 1.0 
0.279124 -0.679327 0.309177 -0.707099 -0.0 0.707115 
-0.249648 0.887673 0.594078 0.0 1.0 0.0 
0.502056 0.887673 0.403975 0.0 1.0 0.0 
0.0593935 -0.470325 0.035521 0.707097 -0.0 -0.707117 
-0.489898 0.202929 -0.513786 0.707119 -0.0 -0.707095 
-0.35665 -0.330061 -0.380534 0.707119 -0.0 -0.707095 
-0.858842 0.47088 0.284256 0.0 -1.0 0.0 
0.405198 -0.221284 -0.43807 -0.707099 0.0 -0.707115 
0.101641 -1.0 0.0782791 0.0 -1.0 0.0 
-0.561009 0.887673 0.384947 0.0 1.0 0.0 
-0.292314 -0.30045 -0.262263 -0.707116 -0.0 0.707097 
0.761148 0.47088 0.300338 -0.0 -1.0 -0.0 
-0.0165778 0.887674 -0.736332 0.0 1.0 0.0 
-0.58959 -0.907467 -0.602784 -0.707107 0.0 -0.707107 
0.461005 0.887673 -0.300817 0.0 1.0 0.0 
0.368809 0.0474737 -0.401681 -0.707099 -0.0 -0.707115 
-0.397305 -0.85177 -0.42119 0.707119 -0.0 -0.707095 
-0.277509 0.254748 -0.247458 -0.707116 0.0 0.707097 
-0.560838 -0.299812 0.581906 0.707119 0.0 0.707095 
-0.0958773 -0.761151 0.11693 0.707119 0.0 0.707095 
0.321477 -1.0 0.323597 -0.0 -1.0 -0.0 
-0.452885 0.887673 0.0190375 0.0 1.0 0.0 
0.803097 0.887673 -0.291263 0.0 1.0 0.0 
0.483197 -0.937078 -0.462134 0.707099 0.0 0.707115 
-0.280671 0.47088 0.532489 -0.0 -1.0 -0.0 
-0.0679473 0.887673 -0.528758 0.0 1.0 0.0 
-0.596676 0.887673 -0.00182108 0.0 1.0 0.0 
0.928718 0.706309 0.107869 1.0 -0.0 0.0 
0.602329 0.887674 0.246607 0.0 1.0 0.0 
0.153952 -0.344866 0.130077 0.707097 -0.0 -0.707117 
-0.377624 0.158513 0.344754 -0.707115 0.0 -0.707099 
-0.111074 -0.986523 0.078198 -0.707115 0.0 -0.707099 
-0.223402 0.887673 0.059203 0.0 1.0 0.0 
-0.301923 -0.5422 -0.271872 -0.707116 -0.0 0.707097 
0.845046 0.887673 0.57 0.0 1.0 0.0 
-0.53709 -0.554366 0.504224 -0.707115 0.0 -0.707099 
0.411489 -0.942569 0.441538 -0.707099 -0.0 0.707115 
-0.172842 -0.860878 -0.142787 -0.707116 -0.0 0.707097 
0.928718 0.824983 -0.495217 1.0 -0.0 0.0 
-0.300346 0.887673 0.409424 0.0 1.0 0.0 
0.481766 -0.678089 -0.460704 0.707099 0.0 0.707115 
0.0982509 0.395398 -0.0771968 0.707099 0.0 0.707115 
-0.901754 0.476827 -0.861877 -1.0 0.0 0.0 
0.137416 0.215533 0.167471 -0.707099 0.0 0.707115 
-0.549856 -0.713677 0.570924 0.707119 0.0 0.707095 
0.587681 0.47088 0.0911159 -0.0 -1.0 -0.0 
0.0470836 -0.843204 0.0771408 -0.707099 0.0 0.707115 
0.737595 0.887673 0.498962 0.0 1.0 0.0 
-0.489898 0.721114 -0.911004 0.0 -0.0 -1.0 
0.376211 -0.907467 0.406261 -0.707099 -0.0 0.707115 
0.13455 0.47088 0.343823 -0.0 -1.0 -0.0 
0.341151 0.47088 -0.313628 -0.0 -1.0 -0.0 
-0.901754 0.527026 -0.487149 -1.0 0.0 0.0 
-0.21286 0.887673 -0.235963 0.0 1.0 0.0 
-0.178987 0.887673 0.611249 0.0 1.0 0.0 
0.0949108 0.47088 -0.847072 0.0 -1.0 0.0 
0.750157 0.887674 -0.0755338 0.0 1.0 0.0 
-0.164182 0.47088 -0.432524 0.0 -1.0 0.0 
-0.348105 -0.386947 -0.318055 -0.707116 -0.0 0.707097 
