ply
format ascii 1.0
comment VCGLIB generated
element vertex 2000
property float x
property float y
property float z
property float nx
property float ny
property float nz
element face 0
property list uchar int vertex_indices
end_header
-0.861283 0.131721 0.142931 0.0 1.0 0.0 
-0.272501 0.0762978 0.630793 0.0 -1.0 0.0 
-0.724331 0.0762978 -0.218202 -0.0 -1.0 -0.0 
-0.166917 0.13209 0.287096 0.0 1.0 -0.0 
0.395125 0.0762978 -0.64509 -0.0 -1.0 -0.0 
-0.092427 -0.1035 -0.217233 -0.707107 0.0 -0.707107 
0.352905 -0.941583 -0.420119 0.382694 -0.0 -0.923875 
0.767628 0.0762978 0.524152 0.0 -1.0 0.0 
-0.257282 -0.439948 -0.0523789 -0.707107 0.0 -0.707107 
0.744781 0.0762977 0.534449 0.0 -1.0 0.0 
-0.16596 0.0762978 -0.708034 -0.0 -1.0 -0.0 
0.674362 0.0762977 0.503152 0.0 -1.0 0.0 
0.754406 0.0762978 -0.271897 0.0 -1.0 0.0 
-0.475821 0.13209 -0.169745 0.0 1.0 -0.0 
0.181426 0.13209 -0.279286 -0.0 1.0 0.0 
-0.463987 0.13209 0.029606 0.0 1.0 0.0 
0.486577 0.0762978 0.495328 -0.0 -1.0 -0.0 
0.0640606 -0.776396 0.253312 0.707107 0.0 0.707107 
0.23556 -0.737432 -0.0770315 0.707107 1.92512e-08 -0.707107 
-0.0714353 -0.213659 -0.238225 -0.707107 0.0 -0.707107 
0.40081 0.0762978 -0.0514306 0.0 -1.0 0.0 
0.0562362 0.0762977 0.847425 -0.0 -1.0 -0.0 
-0.119851 -0.53433 -0.189809 -0.707107 0.0 -0.707107 
-0.23607 -0.642773 -0.0735907 -0.707107 0.0 -0.707107 
0.800099 0.131721 0.00300009 0.0 1.0 0.0 
0.525472 0.037339 0.65964 0.21803 0.0 0.975942 
0.322265 -0.494719 0.0212366 0.707107 0.0 0.707107 
-0.0846026 0.0762978 0.91002 0.0 -1.0 0.0 
0.0749127 -0.933712 0.54005 0.382685 -0.0 0.923879 
-0.552354 0.13209 -0.175738 -0.0 1.0 -0.0 
-0.583532 0.131721 -0.601539 -0.0 1.0 -0.0 
-0.96294 0.107136 -0.0777651 -0.92388 0.0 -0.382682 
0.327699 -0.921681 0.355497 0.0 1.0 0.0 
0.95604 0.0762977 0.0180405 0.0 -1.0 0.0 
-0.217617 0.13209 -0.365354 0.0 1.0 -0.0 
-0.640133 0.0762978 0.636166 0.0 -1.0 0.0 
0.322265 -0.28346 0.0212366 0.707107 0.0 0.707107 
0.279908 -0.921681 -0.262024 0.0 1.0 -0.0 
-0.147198 0.0686365 0.193382 -0.707081 -0.0 0.707133 
-0.216322 -0.598071 0.0981428 -0.707107 0.0 0.707107 
0.645092 0.125303 0.226914 0.922616 0.0 0.385719 
-0.655782 0.0762977 -0.075852 -0.0 -1.0 -0.0 
-0.0174545 -0.949391 -0.0167994 -0.0 -1.0 -0.0 
0.254626 -0.644076 -0.0579656 0.707107 0.0 -0.707107 
-0.140993 -0.921681 -0.438863 -0.0 1.0 -0.0 
0.176013 -0.949391 -0.0733218 0.0 -1.0 0.0 
0.773953 0.0762978 -0.1561 0.0 -1.0 0.0 
0.943975 0.0842852 0.135406 0.92388 0.0 0.382682 
0.174142 -0.0409048 0.143231 0.707107 0.0 0.707107 
-0.173449 -0.726784 0.141016 -0.707107 -3.36885e-08 0.707107 
0.330089 -0.909411 -0.00864987 0.707107 -0.0 -0.707107 
-0.264563 -0.447772 0.0499018 -0.707107 0.0 0.707107 
-0.663739 0.131721 -0.153066 -0.0 1.0 -0.0 
0.0171143 0.0762977 -0.85829 0.0 -1.0 0.0 
-0.00650256 0.0762977 -0.879596 -0.0 -1.0 -0.0 
0.282456 0.13209 -0.0834336 0.0 1.0 -0.0 
0.0613315 -0.949391 -0.462585 -0.0 -1.0 0.0 
0.244561 -0.752923 0.0728112 0.707107 0.0 0.707107 
0.078189 -0.779782 0.239183 0.707107 0.0 0.707107 
0.162302 -0.921681 0.4146 0.0 1.0 0.0 
0.26927 -0.484637 0.0481022 0.707107 0.0 0.707107 
-0.882564 0.131721 -0.0099336 0.0 1.0 0.0 
-0.395677 -0.949391 -0.287315 0.0 -1.0 0.0 
-0.0141832 -0.432124 -0.321624 -0.707189 0.0 -0.707025 
0.259967 -0.427946 -0.0526244 0.707107 0.0 -0.707107 
-0.248915 0.104376 -0.756573 0.0 1.0 -0.0 
-0.0220076 0.131721 0.777005 0.0 1.0 -0.0 
0.150129 -0.949391 0.432733 -0.0 -1.0 -0.0 
-0.106391 -0.804002 0.208074 -0.707107 -3.36885e-08 0.707107 
-0.976582 0.131721 -0.00543259 -0.0 1.0 -0.0 
0.230617 -0.590614 -0.0819742 0.707107 0.0 -0.707107 
-0.100251 0.13209 0.542274 0.0 1.0 0.0 
0.811098 0.099934 -0.451422 0.92388 -0.0 -0.382682 
0.0905195 0.13209 0.395268 -0.0 1.0 0.0 
0.284213 0.0762978 -0.742119 -0.0 -1.0 -0.0 
-0.960933 0.0762977 0.0493381 0.0 -1.0 0.0 
0.619591 0.131721 0.252772 0.0 1.0 0.0 
-0.467341 0.0762978 -0.625617 -0.0 -1.0 -0.0 
0.0562362 -0.885938 -0.256355 0.707107 -0.0 -0.707107 
0.203245 -0.266371 0.114127 0.707107 0.0 0.707107 
-0.0582111 -0.563206 -0.25145 -0.707107 0.0 -0.707107 
0.333489 0.0762978 -0.328334 0.0 -1.0 0.0 
-0.162404 -0.288484 0.152061 -0.707107 0.0 0.707107 
0.164165 0.0762978 -0.895611 0.0 -1.0 -0.0 
0.118831 -0.862464 0.198541 0.707107 0.0 0.707107 
-0.904193 0.0762978 -0.218908 0.0 -1.0 0.0 
0.0484118 -0.949391 0.221474 -0.0 -1.0 0.0 
-0.283423 -0.949391 0.168454 0.0 -1.0 0.0 
-0.346726 -0.921681 -0.279505 -0.0 1.0 -0.0 
-0.508602 -0.949391 -0.0039508 0.0 -1.0 0.0 
-0.749675 0.104376 0.205826 -0.0 1.0 -0.0 
-0.474178 -0.949391 0.180043 -0.0 -1.0 -0.0 
-0.264729 -0.921681 0.144248 -0.0 1.0 -0.0 
0.228373 -0.776396 0.0889996 0.707107 0.0 0.707107 
0.823025 0.0762977 0.237123 0.0 -1.0 0.0 
0.0249387 -0.949391 0.0728112 0.0 -1.0 0.0 
0.211951 -0.0317097 0.105421 0.707107 0.0 0.707107 
-0.522768 0.0762977 -0.208866 -0.0 -1.0 -0.0 
-0.146543 -0.94939 0.444259 0.0 -1.0 0.0 
0.251846 0.0762978 -0.826992 0.0 -1.0 -0.0 
-0.238294 0.13209 -0.120745 0.0 1.0 0.0 
-0.803 0.131721 0.338377 0.0 1.0 0.0 
0.0646034 -0.299109 -0.247988 0.707107 1.68442e-08 -0.707107 
-0.0161803 -0.949391 -0.183767 -0.0 -1.0 -0.0 
0.283686 -0.557314 -0.0289057 0.707107 0.0 -0.707107 
0.333225 -0.921681 0.187248 -0.0 1.0 -0.0 
-0.144114 0.0762978 -0.453348 0.0 -1.0 0.0 
-0.788797 0.0762977 -0.396652 0.0 -1.0 0.0 
0.0375334 0.0762978 0.858226 -0.0 -1.0 -0.0 
0.674362 0.131721 -0.48272 -0.0 1.0 -0.0 
-0.108076 0.0762978 0.65964 0.0 -1.0 0.0 
0.0656443 0.0762978 0.307807 0.0 -1.0 0.0 
0.0572493 0.033995 -0.834599 -0.463326 0.0 -0.886188 
0.432234 0.104377 0.748808 -0.0 1.0 -0.0 
-0.577996 0.0762977 0.371336 0.0 -1.0 0.0 
0.26961 -0.0163105 -0.042982 0.707107 0.0 -0.707107 
0.265361 -0.921681 -0.0917714 0.0 1.0 -0.0 
-0.326187 -0.778169 -0.00960008 -0.707107 0.0 -0.707107 
-0.280212 -0.949391 -0.23234 0.0 -1.0 0.0 
-0.600168 0.0762978 0.477821 0.0 -1.0 0.0 
-0.233266 -0.0487291 -0.0763947 -0.707107 0.0 -0.707107 
-0.684568 0.0762978 0.0767626 0.0 -1.0 -0.0 
-0.0460446 -0.00960729 0.268421 -0.707107 0.0 0.707107 
0.486577 -0.949391 -0.185393 -0.0 -1.0 0.0 
0.178155 0.13209 -0.0945911 0.0 1.0 -0.0 
-0.276042 0.0762978 -0.848971 0.0 -1.0 0.0 
0.0488342 -0.921681 -0.355527 0.0 1.0 -0.0 
0.317591 -0.178258 0.0259102 0.707107 0.0 0.707107 
-0.755844 0.103626 -0.577741 -0.92388 0.0 -0.382682 
0.127198 0.0451634 -0.185393 0.707107 0.0 -0.707107 
0.118747 0.0762978 0.913379 -0.0 -1.0 0.0 
-0.155022 0.104376 0.78483 -0.0 1.0 0.0 
0.0333027 -0.768572 0.284069 0.707107 0.0 0.707107 
0.0857998 -0.00691838 -0.226792 0.707107 0.0 -0.707107 
-0.758717 0.131721 -0.0753071 -0.0 1.0 -0.0 
0.00525324 -0.433449 -0.333465 0.707148 -0.0 -0.707066 
0.721308 0.131721 0.557923 0.0 1.0 -0.0 
0.111007 0.0762978 0.604869 0.0 -1.0 0.0 
0.439631 0.13209 -0.294935 0.0 1.0 -0.0 
-0.581193 0.0762977 -0.255905 0.0 -1.0 0.0 
-0.0538478 -0.862464 -0.255813 -0.707107 0.0 -0.707107 
-0.127093 -0.435785 0.187372 -0.707107 -4.49184e-08 0.707107 
0.127824 0.13209 -0.577412 0.0 1.0 -0.0 
0.58228 0.131721 -0.537615 -0.0 1.0 -0.0 
0.349206 0.13209 -0.424966 0.0 1.0 0.0 
-0.550545 0.037339 -0.615734 -0.975942 -0.0 0.218032 
0.533523 0.131721 -0.66268 0.0 1.0 0.0 
-0.0120162 -0.478046 -0.297644 -0.707107 0.0 -0.707107 
0.00928994 0.0762978 0.65964 0.0 -1.0 0.0 
0.189251 -0.949391 0.0962843 -0.0 -1.0 0.0 
0.251846 -0.518192 -0.0607459 0.707107 0.0 -0.707107 
0.00146556 -0.0409048 -0.337253 0.707148 -0.0 -0.707066 
-0.224936 -0.921681 0.294735 0.0 1.0 -0.0 
-0.202511 -0.643382 -0.10715 -0.707107 0.0 -0.707107 
-0.445782 0.0762978 0.476081 0.0 -1.0 0.0 
-0.75997 0.0762978 -0.441445 0.0 -1.0 0.0 
-0.21816 -0.314758 -0.0915008 -0.707107 0.0 -0.707107 
0.275319 -0.369529 0.0420533 0.707107 0.0 0.707107 
0.554871 0.13209 0.239484 0.0 1.0 0.0 
0.115356 -0.921681 0.505841 0.0 1.0 0.0 
0.183581 0.13209 0.480395 -0.0 1.0 0.0 
-0.0967542 0.0762977 -0.8499 -0.0 -1.0 -0.0 
-0.381114 -0.949391 0.00333912 -0.0 -1.0 -0.0 
-0.505476 0.0762978 0.00291408 0.0 -1.0 -0.0 
0.252385 -0.00960729 0.0649868 0.707107 0.0 0.707107 
0.57189 0.0762977 0.410764 0.0 -1.0 0.0 
-0.280212 -0.949391 -0.28711 0.0 -1.0 0.0 
0.306616 -0.901586 0.0201302 -0.707107 -0.0 0.707106 
-0.209793 0.13209 -0.185393 -0.0 1.0 0.0 
0.306616 0.104376 -0.623558 -0.0 1.0 0.0 
-0.187931 0.13209 0.335068 0.0 1.0 -0.0 
-0.288036 0.0762978 -0.514017 -0.0 -1.0 -0.0 
0.25967 -0.432124 -0.0529216 0.707107 0.0 -0.707107 
0.369198 0.126495 -0.581364 0.385722 -0.0 -0.922615 
-0.248915 0.13209 -0.0836764 -0.0 1.0 0.0 
-0.0689538 0.131721 -0.928709 -0.0 1.0 -0.0 
0.251846 0.0762978 -0.560963 -0.0 -1.0 -0.0 
-0.631682 0.0762977 0.0046477 0.0 -1.0 -0.0 
-0.353978 -0.921681 0.154466 0.0 1.0 -0.0 
-0.212202 -0.652651 -0.0974584 -0.707107 0.0 -0.707107 
-0.0846026 0.0208746 0.816127 0.0 -1.0 0.0 
0.0212192 -0.542799 -0.291372 0.707107 -0.0 -0.707107 
0.279534 -0.4978 -0.0330577 0.707107 0.0 -0.707107 
-0.0538689 -0.424299 0.260596 -0.707107 -3.36885e-08 0.707107 
0.773292 0.131721 0.0193217 0.0 1.0 0.0 
-0.155022 -0.949391 0.198001 0.0 -1.0 0.0 
0.275319 0.13209 0.503152 0.0 1.0 0.0 
0.0562362 0.131721 -0.834817 0.0 1.0 0.0 
-0.712482 0.0762978 0.21698 0.0 -1.0 -0.0 
-0.354032 0.13209 0.401265 0.0 1.0 -0.0 
-0.0395778 -0.291738 0.274887 -0.707107 -3.36885e-08 0.707107 
-0.370741 -0.921681 -0.364004 0.0 1.0 0.0 
-0.58743 0.131721 0.491579 0.0 1.0 0.0 
0.322265 -0.949391 0.182352 -0.0 -1.0 0.0 
-0.833375 0.118197 -0.147084 0.385709 -0.0 -0.92262 
-0.225441 0.13209 0.260596 0.0 1.0 -0.0 
0.694309 0.104376 0.262691 0.0 1.0 -0.0 
-0.201968 -0.949391 0.0884599 0.0 -1.0 -0.0 
-0.231829 -0.36553 0.0826361 -0.707107 0.0 0.707107 
0.169105 -0.546664 0.148267 0.707107 0.0 0.707107 
0.0171143 -0.471246 0.326406 0.707107 -0.0 0.707107 
0.556996 0.0762978 0.471854 0.0 -1.0 0.0 
-0.0846026 0.13209 -0.514017 0.0 1.0 -0.0 
-0.33247 0.104377 -0.706306 0.0 1.0 0.0 
-0.0455579 -0.709966 -0.264102 -0.707107 0.0 -0.707107 
0.537138 -0.932884 -0.075852 0.923879 0.0 -0.382684 
0.291496 -0.208134 0.0258761 0.707107 0.0 0.707107 
-0.250526 0.13209 0.213413 -0.0 1.0 0.0 
0.209831 -0.367372 -0.102761 0.707107 0.0 -0.707107 
-0.52447 0.131721 -0.759132 -0.0 1.0 -0.0 
-0.00635882 0.0762979 0.792654 -0.0 -1.0 -0.0 
0.251846 -0.949391 0.0806356 -0.0 -1.0 0.0 
-0.582987 0.106664 0.441235 -0.379631 0.0 -0.925138 
-0.327648 -0.896422 0.012944 -0.707107 -0.0 0.707107 
-0.08369 -0.523254 -0.22597 -0.707107 0.0 -0.707107 
0.206611 0.13209 -0.47757 0.0 1.0 -0.0 
-0.363367 0.077583 -0.844098 -0.382682 0.0 -0.92388 
-0.225441 -0.236514 -0.0842189 -0.707107 0.0 -0.707107 
-0.264563 0.13209 -0.451422 -0.0 1.0 -0.0 
-0.856781 0.0921096 -0.334056 -0.92388 0.0 -0.382682 
0.423982 0.0762978 -0.756573 0.0 -1.0 0.0 
0.743604 0.0855511 -0.614367 0.92388 0.0 -0.382682 
0.322265 0.099934 -0.862338 0.382682 -0.0 -0.92388 
0.181969 -0.784221 -0.130623 0.707107 1.68442e-08 -0.707107 
0.345798 -0.928177 0.427846 0.382685 0.0 0.923879 
-0.288036 0.104376 0.636166 -0.0 1.0 0.0 
-0.61666 0.0216903 0.554401 0.218107 0.0 0.975925 
0.0637934 -0.420567 -0.248798 0.707107 4.21106e-09 -0.707107 
-0.107343 -0.354865 0.207122 -0.707107 -4.49184e-08 0.707107 
-0.460173 0.0762978 -0.514017 -0.0 -1.0 -0.0 
-0.0724402 -0.312799 0.242025 -0.707107 -3.36885e-08 0.707107 
-0.772516 0.0764609 -0.53749 -0.92388 0.0 -0.382682 
0.290968 -0.949391 0.104109 -0.0 -1.0 0.0 
0.0147611 0.131721 -0.905061 0.0 1.0 0.0 
-0.215142 -0.46111 -0.0945179 -0.707107 0.0 -0.707107 
0.254417 -0.863338 0.0629551 0.707107 0.0 0.707107 
-0.14853 -0.500141 0.165935 -0.707107 -4.49184e-08 0.707107 
0.232962 0.0895365 -0.899328 0.382682 0.0 -0.92388 
-0.0357152 0.0210631 0.27875 -0.707107 0.0 0.707107 
0.189251 -0.949391 -0.467071 -0.0 -1.0 0.0 
0.380171 -0.921681 0.0130302 -0.0 1.0 -0.0 
-0.687893 0.0762978 0.32313 0.0 -1.0 -0.0 
-0.0144679 -0.81479 0.299997 -0.707107 -0.0 0.707107 
0.0604037 0.13209 0.26068 0.0 1.0 -0.0 
-0.590104 0.0762978 -0.630713 0.0 -1.0 0.0 
-0.342807 0.13209 0.0493381 -0.0 1.0 0.0 
0.701176 0.104377 -0.286601 -0.0 1.0 0.0 
0.475413 0.0762978 -0.0155119 0.0 -1.0 0.0 
0.00928994 0.13209 -0.443598 0.0 1.0 -0.0 
0.58822 0.131721 -0.710153 -0.0 1.0 -0.0 
0.885921 0.0762978 -0.244354 0.0 -1.0 0.0 
0.0562362 0.131721 -0.834817 0.0 1.0 0.0 
-0.0846026 -0.306934 -0.225058 -0.707107 0.0 -0.707107 
-0.139373 -0.949391 0.111933 -0.0 -1.0 -0.0 
0.0367698 0.120369 0.985376 0.382685 -0.0 0.923879 
0.0305768 -0.949391 0.226449 -0.0 -1.0 0.0 
-0.140888 -0.243186 -0.168772 -0.707107 0.0 -0.707107 
0.682186 0.0762977 0.471855 0.0 -1.0 0.0 
0.517874 0.13209 -0.349705 0.0 1.0 -0.0 
-0.47507 0.0781664 -0.79783 -0.382682 0.0 -0.92388 
-0.452348 0.13209 0.190177 -0.0 1.0 0.0 
-0.777251 0.108978 0.383664 0.925135 0.0 -0.379638 
0.687955 0.104377 -0.325068 -0.0 1.0 0.0 
-0.194144 0.0608122 -0.141615 -0.707519 -0.0 -0.706694 
0.0249387 -0.181744 -0.313777 0.707148 0.0 -0.707066 
-0.108506 0.13209 0.391072 -0.0 1.0 0.0 
0.0368031 0.0762978 -0.927961 0.0 -1.0 -0.0 
-0.573073 0.131721 -0.457829 -0.0 1.0 -0.0 
-0.0533051 -0.949391 0.127582 0.0 -1.0 0.0 
0.0171143 0.13209 -0.294935 0.0 1.0 -0.0 
0.713484 0.131721 0.683113 -0.0 1.0 -0.0 
0.0668719 -0.616048 0.2505 0.707107 0.0 0.707107 
-0.029832 -0.838991 0.284633 -0.707107 -0.0 0.707107 
-0.258436 -0.0274914 -0.0512246 -0.707107 0.0 -0.707107 
-0.123166 0.13209 -0.0637587 0.0 1.0 0.0 
0.157953 -0.940708 -0.500871 0.382684 0.0 -0.923879 
-0.449206 0.0762978 0.658273 0.0 -1.0 0.0 
0.000967745 -0.949391 -0.374321 -0.0 -1.0 0.0 
0.127198 -0.502543 -0.185393 0.707107 1.68442e-08 -0.707107 
-0.295861 0.0762978 -0.693978 -0.0 -1.0 -0.0 
-0.628042 0.13209 0.046452 -0.0 1.0 0.0 
0.0953581 -0.949391 -0.349705 -0.0 -1.0 0.0 
0.0258584 -0.921681 0.44666 -0.0 1.0 -0.0 
0.742615 0.131721 -0.541153 -0.0 1.0 0.0 
-0.820094 0.0762977 -0.420125 0.0 -1.0 0.0 
-0.0446919 -0.255446 0.269773 -0.707107 -3.36885e-08 0.707107 
0.00928994 0.131721 0.761356 -0.0 1.0 -0.0 
0.0123723 -0.949391 0.561625 0.0 -1.0 0.0 
0.285329 -0.949391 0.350915 -0.0 -1.0 -0.0 
0.16966 0.0762978 0.775023 0.0 -1.0 -0.0 
0.0567758 -0.526016 0.260596 0.707107 0.0 0.707107 
-0.335019 -0.817875 0.00557273 -0.707107 -0.0 0.707107 
0.142304 -0.416475 -0.170287 0.707107 1.92512e-08 -0.707107 
0.156566 0.13209 -0.260905 -0.0 1.0 0.0 
0.034346 0.13209 -0.628763 0.0 1.0 -0.0 
0.764271 0.104376 -0.376732 0.0 1.0 0.0 
-0.196993 -0.921681 -0.336256 -0.0 1.0 0.0 
-0.210357 -0.236514 0.104109 -0.707107 0.0 0.707107 
-0.462207 0.126043 -0.642568 0.925138 -0.0 -0.379631 
-0.752018 0.0762978 -0.141777 0.0 -1.0 0.0 
-0.236091 -0.949391 0.219605 -0.0 -1.0 -0.0 
-0.234349 -0.690103 -0.075311 -0.707107 0.0 -0.707107 
0.668023 0.104377 -0.290744 -0.0 1.0 0.0 
0.11992 -0.392346 0.197452 0.707107 0.0 0.707107 
0.0232605 -0.541707 -0.289331 0.707107 -0.0 -0.707107 
-0.290024 0.131721 -0.869667 0.0 1.0 0.0 
0.205569 -0.871605 -0.107023 0.707107 4.21106e-09 -0.707107 
-0.100749 0.13209 -0.414773 0.0 1.0 -0.0 
0.337914 -0.565138 -0.00082541 0.707107 0.0 -0.707107 
0.268459 -0.921681 -0.311695 -0.0 1.0 0.0 
0.923099 0.0762979 0.167832 0.0 -1.0 0.0 
-0.327158 -0.925059 0.434353 -0.382676 -0.0 0.923882 
-0.0220076 -0.949391 -0.310583 -0.0 -1.0 0.0 
0.800394 0.104377 0.243802 -0.0 1.0 -0.0 
-0.514943 0.13209 0.221474 -0.0 1.0 0.0 
-0.577538 0.131721 0.487503 -0.0 1.0 -0.0 
-0.90956 0.0762977 -0.186141 0.0 -1.0 0.0 
0.541348 0.0921097 0.776372 0.382685 0.0 0.923879 
-0.430005 0.0762978 0.766567 0.0 -1.0 0.0 
-0.4367 0.13209 -0.506193 -0.0 1.0 -0.0 
-0.201968 0.13209 -0.545315 -0.0 1.0 -0.0 
-0.279555 0.104376 0.715573 -0.0 1.0 0.0 
0.0970694 0.13209 -0.434006 0.0 1.0 -0.0 
-0.74185 0.104376 -0.459246 0.0 1.0 -0.0 
0.317637 -0.377353 0.0258649 0.707107 0.0 0.707107 
-0.338179 -0.291285 0.00239179 -0.707107 0.0 -0.707107 
-0.102826 -0.643532 -0.206834 -0.707107 0.0 -0.707107 
-0.663607 0.0762978 -0.467071 -0.0 -1.0 -0.0 
-0.277072 -0.871333 -0.0325888 -0.707107 0.0 -0.707107 
-0.0116023 0.131721 0.931477 0.0 1.0 -0.0 
0.150129 -0.580787 -0.162463 0.707107 4.21106e-09 -0.707107 
-0.593187 0.13209 -0.23234 -0.0 1.0 -0.0 
0.416158 0.13209 -0.013257 0.0 1.0 -0.0 
0.423982 0.13209 0.268421 0.0 1.0 0.0 
0.139724 0.131721 0.88169 0.0 1.0 -0.0 
-0.640133 0.0762977 -0.654856 0.0 -1.0 0.0 
-0.749675 0.099934 0.597415 -0.92388 0.0 0.382682 
-0.162846 -0.949391 0.471854 0.0 -1.0 0.0 
-0.0486786 0.0686365 0.291894 -0.707081 -0.0 0.707133 
-0.460173 0.13209 -0.216691 0.0 1.0 -0.0 
-0.0990218 0.13209 0.136203 0.0 1.0 -0.0 
0.389344 0.0762978 -0.174542 -0.0 -1.0 -0.0 
0.852354 0.0762978 -0.11246 -0.0 -1.0 -0.0 
-0.36628 0.0762978 0.8396 0.0 -1.0 0.0 
0.631699 0.127183 0.258951 0.922616 -0.0 0.385719 
0.254032 0.13209 0.338468 -0.0 1.0 0.0 
0.0484118 0.0762978 -0.85829 -0.0 -1.0 -0.0 
-0.734026 0.104376 -0.341881 0.0 1.0 -0.0 
0.134283 -0.643345 0.183089 0.707107 0.0 0.707107 
0.869971 0.0762978 -0.0367301 0.0 -1.0 0.0 
0.482695 0.13209 0.320093 0.0 1.0 0.0 
-0.477072 -0.921681 -0.00609591 0.0 1.0 0.0 
0.713484 0.0762978 -0.381003 0.0 -1.0 0.0 
-0.593187 0.0762977 -0.0289057 -0.0 -1.0 -0.0 
-0.303685 0.0842853 -0.868819 -0.382682 0.0 -0.92388 
0.0734977 0.0762978 -0.439406 0.0 -1.0 0.0 
0.227566 -0.577277 0.0898058 0.707107 0.0 0.707107 
-0.215017 0.0762978 0.433964 0.0 -1.0 0.0 
-0.843567 0.0762977 -0.302759 0.0 -1.0 0.0 
0.23934 -0.949391 -0.299308 0.0 -1.0 0.0 
0.213251 0.0762978 -0.639165 0.0 -1.0 0.0 
0.212724 0.131721 0.870898 -0.0 1.0 -0.0 
-0.0611295 0.0762978 0.706586 0.0 -1.0 0.0 
-0.536448 0.13209 -0.372049 -0.0 1.0 -0.0 
-0.219614 -0.300556 0.0948507 -0.707107 0.0 0.707107 
0.244021 0.13209 -0.35753 -0.0 1.0 0.0 
-0.263108 0.0762978 -0.107146 0.0 -1.0 0.0 
-0.0919002 0.13209 0.622273 -0.0 1.0 0.0 
-0.0611744 0.13209 -0.480387 0.0 1.0 -0.0 
0.572645 0.13209 0.127582 0.0 1.0 0.0 
0.533523 0.0762978 -0.529666 -0.0 -1.0 -0.0 
-0.131549 0.13209 -0.00543259 -0.0 1.0 0.0 
-0.14434 0.13209 0.333078 0.0 1.0 -0.0 
0.816597 0.131721 -0.0290436 -0.0 1.0 0.0 
-0.0257921 0.0762978 -0.588653 -0.0 -1.0 -0.0 
-0.11409 -0.288613 0.200376 -0.707107 0.0 0.707107 
0.476603 -0.921681 -0.142094 0.0 1.0 -0.0 
-0.194144 0.104376 0.816127 -0.0 1.0 0.0 
-0.63628 0.0762977 0.476686 0.0 -1.0 -0.0 
-0.189309 -0.22285 0.125156 -0.707107 0.0 0.707107 
-0.288036 0.0762978 0.612693 0.0 -1.0 0.0 
0.142304 0.115583 0.941662 0.382685 -0.0 0.923879 
0.15319 -0.554144 0.164182 0.707107 0.0 0.707107 
-0.607962 0.131721 -0.649089 0.0 1.0 0.0 
0.50371 0.0762978 0.112508 0.0 -1.0 0.0 
-0.593187 0.0762977 -0.435773 0.0 -1.0 0.0 
0.298792 0.131721 0.863073 -0.0 1.0 -0.0 
0.290968 0.131721 -0.584437 0.0 1.0 -0.0 
-0.294534 -0.486539 0.0199309 -0.707107 0.0 0.707107 
-0.116464 -0.486894 0.198001 -0.707107 -3.36885e-08 0.707107 
0.563109 0.0762977 -0.118731 0.0 -1.0 0.0 
0.317325 0.104377 -0.698819 -0.0 1.0 0.0 
0.549172 0.131721 -0.686154 0.0 1.0 0.0 
0.221091 -0.0956754 -0.0915008 0.707107 0.0 -0.707107 
0.00146556 0.13209 0.58922 0.0 1.0 0.0 
0.0324911 0.0762978 -0.694003 -0.0 -1.0 -0.0 
-0.425604 -0.949391 -0.194164 0.0 -1.0 0.0 
0.34111 -0.213041 0.00239179 0.707107 0.0 0.707107 
0.220548 -0.949391 -0.185393 0.0 -1.0 0.0 
0.121579 -0.298695 0.195793 0.707107 0.0 0.707107 
-0.0138459 -0.851743 -0.295815 -0.707107 0.0 -0.707107 
-0.61666 0.0762977 -0.279286 0.0 -1.0 0.0 
0.758775 0.103626 -0.577741 0.92388 -0.0 -0.382682 
0.0920901 -0.698244 0.225282 0.707107 0.0 0.707107 
-0.139937 -0.878113 0.174528 -0.707107 -3.36885e-08 0.707107 
0.153224 0.113228 0.675599 0.379638 0.0 0.925135 
0.717039 0.104377 -0.445221 -0.0 1.0 0.0 
-0.154238 0.13209 0.175004 0.0 1.0 -0.0 
-0.0225503 -0.696179 -0.28711 -0.707107 0.0 -0.707107 
-0.199947 -0.921681 -0.389872 -0.0 1.0 -0.0 
-0.961822 0.0974092 0.0852453 -0.92388 0.0 0.382682 
-0.110005 0.0762978 0.456578 0.0 -1.0 0.0 
0.0676645 -0.527058 -0.244927 0.707107 4.21106e-09 -0.707107 
-0.974327 0.0762978 0.0472598 0.0 -1.0 0.0 
0.298792 -0.197392 0.0185802 0.707107 0.0 0.707107 
0.513291 0.0762978 0.0218153 0.0 -1.0 0.0 
0.295738 0.0762978 0.755542 -0.0 -1.0 -0.0 
-0.123724 0.13209 -0.28711 0.0 1.0 -0.0 
-0.522768 0.107758 -0.778073 -0.382682 0.0 -0.92388 
-0.131549 -0.949391 0.190177 0.0 -1.0 0.0 
-0.77626 0.0762978 0.254386 -0.0 -1.0 0.0 
0.175909 -0.92168 -0.420756 0.0 1.0 -0.0 
0.106296 0.0762977 -0.830667 0.0 -1.0 0.0 
0.111782 0.113944 0.759514 0.925132 -0.0 -0.379645 
-0.499295 0.0762977 -0.302759 -0.0 -1.0 -0.0 
0.0327182 -0.949391 -0.517727 -0.0 -1.0 -0.0 
0.627416 0.0762978 0.354489 -0.0 -1.0 -0.0 
-0.105032 0.131721 -0.813696 -0.0 1.0 -0.0 
-0.285496 0.0762978 -0.415656 0.0 -1.0 -0.0 
-0.788797 0.131721 -0.48272 0.0 1.0 0.0 
-0.263264 0.104376 -0.732603 0.0 1.0 -0.0 
-0.0230775 0.0762978 -0.400527 -0.0 -1.0 -0.0 
0.710172 0.104377 -0.328838 -0.0 1.0 0.0 
-0.187943 -0.134362 -0.121717 -0.707107 0.0 -0.707107 
-0.610319 0.13209 -0.20164 -0.0 1.0 -0.0 
0.614512 0.130088 -0.448186 0.379645 -0.0 0.925132 
-0.0533051 0.131721 -0.780046 0.0 1.0 -0.0 
-0.194686 -0.885938 -0.114974 -0.707107 0.0 -0.707107 
0.0959009 -0.432124 -0.216691 0.707107 1.68442e-08 -0.707107 
0.258629 0.0762978 0.319994 0.0 -1.0 0.0 
-0.162921 -0.678372 0.151544 -0.707107 -3.36885e-08 0.707107 
0.877796 0.131721 -0.177569 -0.0 1.0 -0.0 
0.178057 0.104376 0.748964 0.0 1.0 0.0 
0.333307 0.0686365 -0.00543259 0.707107 0.0 -0.707107 
0.846424 0.103055 -0.366136 0.92388 -0.0 -0.382682 
0.0984846 -0.304681 -0.214107 0.707107 1.92512e-08 -0.707107 
0.379062 -0.949391 0.384685 -0.0 -1.0 -0.0 
-0.160276 0.0762978 -0.199468 -0.0 -1.0 -0.0 
0.181969 -0.361704 -0.130623 0.707107 0.0 -0.707107 
0.408333 -0.949391 0.291894 -0.0 -1.0 -0.0 
-0.196877 0.115583 -0.91306 -0.382682 0.0 -0.92388 
-0.0846026 0.131721 -0.952182 0.0 1.0 0.0 
0.0229414 0.13209 -0.107733 0.0 1.0 0.0 
0.0180262 -0.949391 0.0346775 0.0 -1.0 0.0 
-0.579536 0.0762978 0.0979542 0.0 -1.0 -0.0 
0.13448 0.131721 0.65964 -0.0 1.0 -0.0 
0.157953 0.0762978 -0.670505 -0.0 -1.0 -0.0 
0.236197 -0.087851 -0.0763948 0.707107 0.0 -0.707107 
-0.358456 0.0921097 -0.846133 -0.382682 -0.0 -0.92388 
-0.601011 0.131721 -0.28711 -0.0 1.0 -0.0 
-0.194144 -0.737274 -0.115517 -0.707107 0.0 -0.707107 
0.0491622 -0.789959 0.26821 0.707107 0.0 0.707107 
-0.24109 0.13209 -0.381003 0.0 1.0 -0.0 
-0.0767782 -0.666855 0.237687 -0.707107 -3.36885e-08 0.707107 
0.0493237 0.13209 -0.504835 0.0 1.0 -0.0 
-0.873281 0.0762978 -0.0655927 0.0 -1.0 0.0 
-0.217617 -0.831167 -0.0920433 -0.707107 0.0 -0.707107 
0.423982 -0.949391 -0.154096 -0.0 -1.0 0.0 
-0.577538 0.0762978 -0.717451 0.0 -1.0 -0.0 
0.0192019 -0.518192 -0.302759 0.707025 -0.0 0.707188 
-0.233266 -0.494719 -0.0763947 -0.707107 0.0 -0.707107 
-0.257282 0.0138659 -0.0523789 -0.707107 0.0 -0.707107 
0.0141815 -0.921681 0.42344 -0.0 1.0 -0.0 
0.40525 0.0762978 -0.556033 -0.0 -1.0 -0.0 
-0.655782 0.0762978 -0.23234 0.0 -1.0 0.0 
-0.527924 0.13209 0.361108 0.0 1.0 0.0 
-0.374142 -0.921681 0.215814 0.0 1.0 -0.0 
-0.0391708 0.0762978 0.412881 0.0 -1.0 0.0 
0.960562 0.111089 0.0953634 0.92388 0.0 0.382682 
0.0279245 0.13209 0.685797 0.0 1.0 0.0 
0.829585 0.0924994 -0.406791 0.92388 -0.0 -0.382682 
-0.342807 0.0762978 -0.780046 0.0 -1.0 -0.0 
-0.250182 0.131721 -0.601118 -0.0 1.0 -0.0 
-0.123724 -0.838991 -0.185936 -0.707107 0.0 -0.707107 
-0.1925 -0.949391 -0.460861 0.0 -1.0 0.0 
0.111279 -0.541224 -0.201313 0.707107 4.21106e-09 -0.707107 
-0.00741889 0.131721 0.867553 0.0 1.0 -0.0 
0.302822 0.131721 0.838691 -0.0 1.0 -0.0 
-0.303685 0.0762978 0.557923 0.0 -1.0 0.0 
0.579812 0.0762978 -0.48291 -0.0 -1.0 -0.0 
-0.726147 0.117442 0.654215 -0.92388 0.0 0.382682 
-0.321256 -0.921681 0.212705 -0.0 1.0 -0.0 
-0.765064 0.103671 -0.555481 -0.92388 0.0 -0.382682 
-0.201968 -0.369529 -0.107692 -0.707107 0.0 -0.707107 
0.690011 0.131721 -0.0445545 0.0 1.0 -0.0 
0.244561 -0.22869 0.0728112 0.707107 0.0 0.707107 
-0.692331 0.116111 0.712618 -0.382685 -0.0 0.923879 
-0.31151 -0.150446 -0.0231711 0.707107 -0.0 -0.707106 
-0.306639 0.13209 -0.201718 0.0 1.0 -0.0 
0.297434 -0.949391 0.040494 -0.0 -1.0 0.0 
0.153814 0.0762978 0.720466 -0.0 -1.0 -0.0 
0.295453 0.13209 0.114454 0.0 1.0 -0.0 
0.150129 0.131721 0.675288 0.0 1.0 0.0 
-0.270081 -0.461652 -0.0395799 -0.707107 0.0 -0.707107 
-0.209837 0.0762978 0.591775 -0.0 -1.0 -0.0 
0.267494 -0.862464 -0.0450972 0.707107 1.92512e-08 -0.707107 
-0.180938 0.0762978 -0.584107 0.0 -1.0 -0.0 
0.141655 0.113412 0.941931 0.382685 -0.0 0.923879 
0.300954 -0.921681 -0.264847 0.0 1.0 -0.0 
-0.269471 -0.586217 -0.0401899 -0.707107 0.0 -0.707107 
0.241957 -0.216064 0.0754152 0.707107 0.0 0.707107 
-0.112289 -0.434081 -0.197372 -0.707107 0.0 -0.707107 
-0.499295 0.0762978 0.432733 0.0 -1.0 0.0 
0.560651 0.0762978 -0.301526 0.0 -1.0 0.0 
0.0649803 -0.921681 0.522694 0.0 1.0 0.0 
-0.048338 -0.94939 0.410869 0.0 -1.0 0.0 
-0.0844895 0.0762978 -0.342186 -0.0 -1.0 -0.0 
-0.0689538 -0.557314 -0.240707 -0.707107 0.0 -0.707107 
0.217337 0.13209 0.248217 -0.0 1.0 0.0 
-0.381929 0.104376 -0.584437 -0.0 1.0 -0.0 
-0.333578 -0.728238 0.00701371 -0.707107 0.0 0.707107 
0.279932 -0.949391 0.369871 -0.0 -1.0 -0.0 
-0.467997 0.13209 -0.114974 0.0 1.0 -0.0 
-0.670114 0.131721 0.569742 -0.0 1.0 -0.0 
0.275319 -0.291285 0.0420533 0.707107 0.0 0.707107 
0.587736 0.0762978 -0.227887 0.0 -1.0 0.0 
0.564194 0.0762977 0.141509 0.0 -1.0 0.0 
0.877796 0.131721 0.291894 -0.0 1.0 -0.0 
0.47637 0.13209 -0.0791218 0.0 1.0 -0.0 
0.374178 0.13209 0.242839 -0.0 1.0 0.0 
0.416158 0.13209 -0.0210813 0.0 1.0 -0.0 
0.650889 0.104376 0.401435 -0.0 1.0 -0.0 
-0.18632 -0.948533 0.492689 -0.38268 0.0 0.923881 
-0.0689538 0.13209 -0.247988 -0.0 1.0 0.0 
0.431806 -0.949391 -0.224515 -0.0 -1.0 0.0 
0.478753 0.0762978 0.284069 0.0 -1.0 0.0 
-0.826452 0.131721 0.405197 0.0 1.0 -0.0 
-0.0631927 -0.22484 -0.246468 -0.707107 0.0 -0.707107 
0.163065 -0.780204 -0.149527 0.707107 4.21106e-09 -0.707107 
-0.467997 0.104377 0.683113 -0.0 1.0 -0.0 
0.00250688 0.0762978 0.821819 -0.0 -1.0 -0.0 
-0.478497 -0.921681 0.0509485 -0.0 1.0 -0.0 
-0.71034 0.0762978 0.267161 0.0 -1.0 -0.0 
-0.334983 0.13209 -0.318408 0.0 1.0 -0.0 
-0.200921 0.0721994 -0.134836 -0.707545 -0.000810126 -0.706668 
0.205439 -0.831167 0.111933 0.707107 0.0 0.707107 
-0.223316 -0.949391 0.00318285 0.0 -1.0 0.0 
-0.593557 0.131231 0.753532 -0.382685 0.0 0.923879 
0.898602 0.123407 0.244948 0.92388 0.0 0.382682 
-0.0220076 0.131721 0.91002 -0.0 1.0 -0.0 
0.44156 -0.949391 0.0718486 -0.0 -1.0 0.0 
0.267494 -0.119149 0.0498777 0.707107 0.0 0.707107 
-0.472629 -0.932884 -0.224515 -0.923878 0.0 -0.382687 
-0.507119 0.0762978 0.550098 0.0 -1.0 0.0 
-0.0303745 -0.815518 -0.279286 -0.707107 0.0 -0.707107 
0.269369 0.0578224 0.0703445 -0.0 -1.0 -0.0 
-0.275443 0.104376 -0.818057 0.0 1.0 -0.0 
0.478753 0.131721 0.573571 0.0 1.0 0.0 
0.791728 0.0762977 0.432733 0.0 -1.0 0.0 
-0.660819 0.131721 0.546763 -0.0 1.0 -0.0 
-0.263394 0.0762978 0.592339 -0.0 -1.0 -0.0 
0.34087 0.104376 0.709324 0.0 1.0 -0.0 
0.197615 -0.338231 0.119757 0.707107 0.0 0.707107 
0.13788 0.13209 0.0719271 0.0 1.0 -0.0 
-0.100251 -0.674679 -0.209409 -0.707107 0.0 -0.707107 
-0.439172 0.13209 -0.286337 -0.0 1.0 -0.0 
-0.220512 -0.288036 0.0939531 -0.707107 0.0 0.707107 
0.278244 0.13209 -0.52792 0.0 1.0 -0.0 
0.131618 -0.74987 0.185754 0.707107 0.0 0.707107 
-0.947223 0.131721 -0.107104 0.0 1.0 0.0 
0.142847 -0.455597 -0.169745 0.707107 1.92512e-08 -0.707107 
0.560236 -0.949391 0.0107072 0.0 -1.0 0.0 
-0.397578 0.13209 -0.075852 -0.0 1.0 0.0 
-0.522768 0.0762978 0.581396 0.0 -1.0 0.0 
-0.116443 -0.768572 -0.193218 -0.707107 0.0 -0.707107 
0.470928 -0.949391 0.21365 -0.0 -1.0 -0.0 
0.226186 0.13209 0.148657 0.0 1.0 -0.0 
-0.655782 0.123407 -0.722977 -0.382682 -0.0 -0.92388 
0.189251 -0.588611 -0.123341 0.707107 1.92512e-08 -0.707107 
0.181966 0.0295146 0.135406 0.707107 0.0 0.707107 
0.296664 -0.698679 0.0207079 0.707107 0.0 0.707107 
0.157953 0.0762978 -0.670505 -0.0 -1.0 -0.0 
0.658713 0.131721 -0.717451 -0.0 1.0 -0.0 
-0.663607 0.104376 0.323191 -0.0 1.0 -0.0 
-0.121451 0.131721 0.898106 -0.0 1.0 -0.0 
0.472857 0.0762978 0.313441 0.0 -1.0 0.0 
-0.489087 0.0762978 0.172472 0.0 -1.0 -0.0 
-0.585363 0.0762977 -0.177569 -0.0 -1.0 -0.0 
0.184203 -0.0890621 0.133169 0.707107 0.0 0.707107 
0.666538 0.0762978 -0.185393 0.0 -1.0 0.0 
-0.312249 -0.223026 0.0283423 -0.707107 -0.0 0.707107 
0.209384 -0.949391 0.0802258 -0.0 -1.0 0.0 
-0.624485 0.0762978 0.643991 0.0 -1.0 0.0 
0.158496 0.0138659 -0.154096 0.707107 0.0 -0.707107 
-0.483019 0.0762978 0.293578 -0.0 -1.0 -0.0 
0.877796 0.131721 -0.146271 -0.0 1.0 -0.0 
-0.83336 0.0762978 0.387533 0.0 -1.0 0.0 
0.137868 -0.622473 -0.174724 0.707107 4.21106e-09 -0.707107 
0.189251 0.115583 0.922216 0.382685 -0.0 0.923879 
-0.389753 0.0762978 0.831776 0.0 -1.0 0.0 
0.290968 -0.862464 0.0264044 0.707107 0.0 0.707107 
0.141819 -0.497451 0.175553 0.707107 0.0 0.707107 
-0.0576716 -0.225007 -0.251989 -0.707107 0.0 -0.707107 
0.0327631 -0.267812 -0.279829 0.707107 4.21106e-09 -0.707107 
-0.451979 -0.949391 0.0904182 -0.0 -1.0 -0.0 
0.761688 0.0762978 -0.417224 0.0 -1.0 0.0 
0.142458 -0.0650496 -0.170133 0.707107 0.0 -0.707107 
-0.856774 0.0762977 -0.294629 0.0 -1.0 0.0 
-0.0184949 -0.0847009 0.29597 -0.707107 -3.36885e-08 0.707107 
-0.564015 0.13209 -0.205484 -0.0 1.0 -0.0 
0.00928994 -0.322582 -0.329427 0.707148 -0.0 -0.707066 
0.35779 0.0762978 0.599689 -0.0 -1.0 -0.0 
-0.389505 -0.921681 -0.339136 0.0 1.0 0.0 
-0.934149 0.0762978 0.0289471 0.0 -1.0 0.0 
-0.171235 -0.47907 0.143231 -0.707107 -4.49184e-08 0.707107 
-0.445111 -0.949391 -0.221627 0.0 -1.0 0.0 
0.210666 0.0762978 0.299893 0.0 -1.0 0.0 
0.173648 -0.886864 0.143724 0.707107 0.0 0.707107 
0.0860183 0.13209 -0.532427 0.0 1.0 -0.0 
-0.32253 0.00604147 -0.013257 -0.707107 0.0 -0.707107 
-0.100214 0.0391082 -0.209446 -0.707107 0.0 -0.707107 
-0.358372 0.0762978 0.816917 0.0 -1.0 0.0 
-0.0460233 -0.197392 -0.263637 -0.707107 0.0 -0.707107 
-0.0799214 0.13209 -0.603444 0.0 1.0 -0.0 
0.103295 0.13209 0.438016 -0.0 1.0 0.0 
0.345738 0.104376 -0.764397 -0.0 1.0 0.0 
-0.0743137 -0.921681 0.502359 -0.0 1.0 -0.0 
-0.451412 -0.921681 -0.163494 -0.0 1.0 -0.0 
0.689225 0.0762977 -0.554476 0.0 -1.0 0.0 
-0.507119 0.0762978 -0.693978 0.0 -1.0 -0.0 
-0.530592 0.0762977 -0.271461 -0.0 -1.0 -0.0 
-0.0929908 -0.760747 0.221474 -0.707107 -3.36885e-08 0.707107 
0.221776 0.104377 0.777026 -0.0 1.0 -0.0 
-0.397578 0.0762978 0.495328 0.0 -1.0 0.0 
0.776079 0.0762977 -0.0445545 0.0 -1.0 0.0 
-0.0303956 -0.471245 0.284069 -0.707107 -0.0 0.707107 
0.071885 -0.510367 -0.240707 0.707107 1.68442e-08 -0.707107 
0.427795 0.0762978 -0.0962343 0.0 -1.0 0.0 
0.0953581 0.131721 0.675288 -0.0 1.0 -0.0 
-0.0518299 -0.645213 -0.257831 -0.707107 0.0 -0.707107 
0.134496 0.13209 0.568187 -0.0 1.0 0.0 
-0.210094 -0.949391 0.0212115 -0.0 -1.0 -0.0 
0.525615 0.0762978 0.751572 0.0 -1.0 0.0 
0.169245 0.13209 -0.353397 0.0 1.0 0.0 
-0.288036 -0.087851 0.0264286 -0.707107 0.0 0.707107 
0.455279 0.0762978 -0.803519 0.0 -1.0 -0.0 
-0.0438764 -0.600006 -0.265784 -0.707107 0.0 -0.707107 
-0.485704 -0.949391 0.147555 -0.0 -1.0 -0.0 
0.394297 -0.949391 -0.06031 -0.0 -1.0 0.0 
-0.39552 0.13209 -0.204063 0.0 1.0 -0.0 
0.0327631 -0.792045 0.284609 0.707107 0.0 0.707107 
-0.0980652 -0.949391 -0.408499 -0.0 -1.0 -0.0 
0.0940001 0.13209 0.435872 -0.0 1.0 0.0 
-0.505347 0.13209 0.451859 0.0 1.0 0.0 
0.234039 0.13209 0.600952 0.0 1.0 0.0 
-0.251633 -0.505038 0.0628317 -0.707107 0.0 0.707107 
-0.156693 -0.131756 -0.152968 -0.707107 0.0 -0.707107 
0.408333 -0.949391 0.331016 -0.0 -1.0 -0.0 
0.61862 0.0762978 0.199781 0.0 -1.0 0.0 
0.00928994 0.131721 0.823951 -0.0 1.0 -0.0 
0.736957 0.131721 -0.576612 -0.0 1.0 0.0 
0.767509 0.131721 -0.060491 -0.0 1.0 0.0 
-0.344676 0.13209 -0.537992 -0.0 1.0 -0.0 
-0.342807 -0.949391 -0.0210813 0.0 -1.0 0.0 
0.0125648 -0.232299 -0.326152 0.707148 -0.0 -0.707066 
0.541348 0.0208747 0.643991 -0.0 -1.0 -0.0 
0.556996 0.0762978 0.471854 0.0 -1.0 0.0 
0.340444 0.131721 -0.830788 -0.0 1.0 -0.0 
0.698492 0.104376 0.326615 -0.0 1.0 -0.0 
0.682186 0.0762977 0.573571 0.0 -1.0 0.0 
-0.253012 0.104377 -0.759768 0.0 1.0 -0.0 
-0.209793 -0.173919 0.104672 -0.707107 0.0 0.707107 
-0.170671 -0.252163 -0.13899 -0.707107 0.0 -0.707107 
0.255886 0.0762978 -0.840835 0.0 -1.0 -0.0 
0.0497986 -0.949391 -0.180002 0.0 -1.0 -0.0 
0.914808 0.131231 -0.201042 0.92388 -0.0 -0.382682 
0.678678 0.131721 -0.110816 0.0 1.0 -0.0 
0.0953581 -0.949391 0.119757 -0.0 -1.0 0.0 
-0.344993 0.13209 0.45829 0.0 1.0 0.0 
-0.00635882 -0.838991 0.334212 -0.707107 -0.0 0.707107 
-0.299667 -0.921681 0.0463905 0.0 1.0 -0.0 
-0.113103 -0.949391 -0.0880733 0.0 -1.0 0.0 
0.158496 0.0216902 -0.154096 0.707107 0.0 -0.707107 
0.0254783 -0.291285 0.291894 0.707107 0.0 0.707107 
-0.68969 0.131721 -0.0564851 -0.0 1.0 -0.0 
0.264672 -0.60441 0.0526998 0.707107 0.0 0.707107 
-0.170112 0.13209 0.563316 -0.0 1.0 0.0 
-0.364282 0.0762978 -0.437604 -0.0 -1.0 -0.0 
-0.514943 0.13209 0.111933 -0.0 1.0 0.0 
-0.288036 -0.949391 -0.201042 -0.0 -1.0 -0.0 
-0.197851 -0.74652 0.116614 -0.707107 -4.49184e-08 0.707107 
0.76043 0.104377 0.260596 0.0 1.0 -0.0 
0.213101 -0.921681 0.184725 0.0 1.0 0.0 
-0.00391311 0.0411411 -0.331897 -0.707189 0.0 -0.707025 
-0.1159 -0.949391 0.0493381 0.0 -1.0 -0.0 
0.300918 0.0762977 0.270198 0.0 -1.0 0.0 
0.224982 -0.822549 0.09239 0.707107 0.0 0.707107 
0.142304 -0.799869 -0.170287 0.707107 1.68442e-08 -0.707107 
0.720697 0.078696 -0.669669 0.92388 0.0 -0.382682 
0.588294 0.13209 -0.0993251 0.0 1.0 -0.0 
0.318254 0.0762977 0.116661 0.0 -1.0 0.0 
-0.247874 -0.949391 -0.143789 -0.0 -1.0 0.0 
-0.0637293 0.0762978 0.321944 0.0 -1.0 0.0 
0.347667 0.0762977 0.234396 0.0 -1.0 0.0 
-0.585408 0.13209 0.182216 0.0 1.0 0.0 
0.316905 -0.921681 0.346775 0.0 1.0 0.0 
-0.467997 -0.949391 -0.0915008 0.0 -1.0 0.0 
0.746355 0.131721 -0.561995 0.0 1.0 0.0 
-0.236379 0.0762977 -0.883565 0.0 -1.0 0.0 
-0.163777 0.128308 -0.864977 0.379638 -0.0 0.925135 
-0.618175 0.0762978 -0.712424 0.0 -1.0 0.0 
0.525699 0.0208746 0.636166 0.0 -1.0 0.0 
0.130704 0.0427444 -0.181887 0.707107 0.0 -0.707107 
-0.24507 0.119869 -0.831618 0.379638 -0.0 0.925135 
-0.0846026 -0.949391 0.331016 -0.0 -1.0 0.0 
-0.178495 -0.150446 0.13597 -0.707107 0.0 0.707107 
-0.229626 -0.858223 0.0848392 -0.707107 -4.49184e-08 0.707107 
-0.110318 -0.487652 -0.199342 -0.707107 0.0 -0.707107 
0.743355 0.0762978 0.230555 -0.0 -1.0 -0.0 
0.353563 0.0762978 -0.7331 -0.0 -1.0 -0.0 
-0.233266 0.104377 0.816127 -0.0 1.0 -0.0 
0.141003 -0.217918 0.17637 0.707107 0.0 0.707107 
-0.787696 0.0762978 -0.0160253 -0.0 -1.0 0.0 
0.0797093 -0.949391 -0.0523789 0.0 -1.0 0.0 
0.0875337 0.0762978 0.573571 0.0 -1.0 0.0 
0.220043 -0.921681 0.38983 0.0 1.0 0.0 
-0.104727 -0.333832 -0.204934 -0.707107 0.0 -0.707107 
0.126656 0.0686365 0.217013 0.70834 -0.000809852 0.705871 
0.0249387 0.13209 -0.255813 -0.0 1.0 0.0 
-0.585363 0.0762977 0.0493381 -0.0 -1.0 -0.0 
-0.169913 -0.0323755 0.144552 -0.707107 0.0 0.707107 
-0.062259 0.0762978 0.912815 0.0 -1.0 0.0 
0.306616 -0.831167 0.0201302 -0.707107 -0.0 0.707106 
0.260213 -0.659031 -0.0523789 0.707107 0.0 -0.707107 
-0.838086 0.0762978 -0.309052 0.0 -1.0 0.0 
0.0651542 -0.574871 -0.247437 0.707107 4.21106e-09 -0.707107 
0.322265 -0.377353 0.0212366 0.707107 0.0 0.707107 
-0.382487 0.0762978 -0.800921 0.0 -1.0 0.0 
0.580469 0.0762978 -0.294935 0.0 -1.0 0.0 
-0.088763 -0.647272 0.225702 -0.707107 -3.36885e-08 0.707107 
-0.295861 -0.690328 -0.0137997 -0.707107 0.0 -0.707107 
-0.100815 -0.213041 0.21365 -0.707107 0.0 0.707107 
-0.00635882 0.13209 -0.185393 -0.0 1.0 0.0 
0.142581 -0.175091 0.174791 0.707107 0.0 0.707107 
-0.280776 -0.111324 0.0336893 -0.707107 0.0 0.707107 
-0.950785 0.131721 -0.0104488 -0.0 1.0 -0.0 
0.119374 -0.291285 -0.193218 0.707107 0.0 -0.707107 
0.588294 0.13209 0.143231 0.0 1.0 0.0 
-0.280212 -0.838991 -0.0294483 -0.707107 0.0 -0.707107 
0.309433 0.131721 0.857924 -0.0 1.0 -0.0 
0.332531 -0.332822 -0.00620855 0.707107 0.0 -0.707107 
0.197618 -0.878113 -0.114974 0.707107 1.68442e-08 -0.707107 
0.187222 -0.949391 0.407731 -0.0 -1.0 -0.0 
0.173429 0.0762978 0.459984 0.0 -1.0 0.0 
0.171002 0.0762978 0.415294 0.0 -1.0 0.0 
-0.00635882 0.131721 -0.826992 0.0 1.0 -0.0 
0.0623539 0.103576 0.974779 0.382685 0.0 0.923879 
-0.125624 0.0762978 -0.607779 -0.0 -1.0 -0.0 
-0.108618 -0.752923 -0.201042 -0.707107 0.0 -0.707107 
0.499715 0.13209 -0.317963 0.0 1.0 -0.0 
0.301589 -0.620003 0.0157835 0.707107 0.0 0.707107 
-0.81227 0.131721 0.0336893 0.0 1.0 0.0 
0.619591 0.0762978 -0.0367301 0.0 -1.0 0.0 
0.244021 0.0762978 0.808303 -0.0 -1.0 -0.0 
-0.132393 -0.94939 -0.260977 -0.0 -1.0 0.0 
0.883433 0.110121 0.28157 0.92388 0.0 0.382682 
0.721308 0.123407 0.672975 0.92388 0.0 0.382682 
0.248033 -0.423007 -0.0645581 0.707107 0.0 -0.707107 
0.366286 -0.949391 -0.161897 -0.0 -1.0 0.0 
-0.364259 -0.921681 -0.0705284 -0.0 1.0 -0.0 
0.153943 0.13209 -0.0948602 0.0 1.0 -0.0 
-0.474523 0.0762977 0.463126 0.0 -1.0 0.0 
-0.739953 0.101521 -0.616107 -0.92388 0.0 -0.382682 
-0.223987 0.13209 0.157524 0.0 1.0 0.0 
-0.108076 0.13209 -0.427949 0.0 1.0 -0.0 
-0.647958 0.131721 -0.701802 -0.0 1.0 0.0 
0.998245 0.0762977 0.000954283 0.0 -1.0 0.0 
0.166317 -0.213041 0.151055 0.707107 0.0 0.707107 
-0.281855 0.0762977 -0.311364 0.0 -1.0 -0.0 
0.0551663 0.0762978 -0.552595 -0.0 -1.0 -0.0 
0.460819 0.0762978 -0.320652 0.0 -1.0 0.0 
0.071885 -0.949391 -0.263637 0.0 -1.0 0.0 
-0.04241 0.128166 0.800747 -0.886189 0.0 0.463324 
-0.654484 0.0762977 0.113369 0.0 -1.0 -0.0 
0.197075 -0.526016 0.120297 0.707107 0.0 0.707107 
0.00801355 -0.249722 -0.330704 0.707148 -0.0 -0.707066 
0.166107 -0.707905 -0.146484 0.707107 1.68442e-08 -0.707107 
-0.736624 0.104377 0.110295 -0.0 1.0 -0.0 
0.549172 0.0762978 0.205826 0.0 -1.0 0.0 
-0.356143 0.104376 -0.608519 -0.0 1.0 -0.0 
0.330902 0.13209 0.500148 0.0 1.0 0.0 
-0.0874845 -0.1025 0.226981 -0.707107 0.0 0.707107 
0.545809 -0.921681 -0.0294539 0.0 1.0 -0.0 
0.218696 0.123407 0.91002 0.382685 0.0 0.923879 
0.470928 0.0762977 0.401435 -0.0 -1.0 -0.0 
-0.358456 -0.949391 0.127582 0.0 -1.0 0.0 
-0.692749 0.104376 -0.278908 -0.0 1.0 -0.0 
-0.029832 -0.565138 -0.279828 -0.707107 0.0 -0.707107 
-0.0776369 -0.882028 -0.232024 -0.707107 0.0 -0.707107 
0.736397 0.0852816 -0.631767 0.92388 0.0 -0.382682 
-0.22615 -0.921681 0.350402 0.0 1.0 0.0 
0.351202 0.0862098 0.855133 0.382685 -0.0 0.923879 
-0.546241 0.13209 0.260596 -0.0 1.0 0.0 
0.298829 -0.921681 0.397689 0.0 1.0 0.0 
0.48596 0.131721 -0.619646 -0.0 1.0 -0.0 
-0.26374 -0.129158 0.0507255 -0.707107 0.0 0.707107 
-0.178495 0.099934 -0.920675 -0.382682 -0.0 -0.92388 
-0.0345499 -0.921681 -0.448975 0.0 1.0 -0.0 
0.692137 0.0762978 0.425781 0.0 -1.0 0.0 
-0.209793 0.0762978 0.581396 0.0 -1.0 0.0 
0.181426 0.104376 -0.78787 -0.0 1.0 0.0 
0.0797093 0.13209 -0.60791 0.0 1.0 -0.0 
0.118831 -0.142622 -0.19376 0.707107 0.0 -0.707107 
0.369211 0.104376 0.706586 0.0 1.0 -0.0 
0.690011 0.104376 -0.279286 -0.0 1.0 0.0 
-0.306482 -0.949391 -0.256103 0.0 -1.0 0.0 
0.572645 0.0921097 0.763408 0.382685 0.0 0.923879 
-0.505536 0.13209 0.0898548 -0.0 1.0 0.0 
0.110766 0.13209 -0.0463568 0.0 1.0 -0.0 
0.0288203 -0.949391 -0.377536 -0.0 -1.0 0.0 
-0.103375 0.131721 0.847193 0.0 1.0 -0.0 
-0.459229 0.13209 0.135733 -0.0 1.0 0.0 
0.196676 0.104376 0.800228 0.0 1.0 0.0 
-0.100284 -0.642776 -0.209376 -0.707107 0.0 -0.707107 
0.791728 0.0762979 -0.365354 0.0 -1.0 0.0 
0.0646002 -0.60426 0.252772 0.707107 0.0 0.707107 
0.491597 -0.921681 -0.0506344 0.0 1.0 -0.0 
0.240135 -0.0336051 0.0772373 0.707107 0.0 0.707107 
-0.272388 -0.846816 0.0420774 -0.707107 -4.49184e-08 0.707107 
-0.383156 0.0762978 -0.684518 0.0 -1.0 0.0 
-0.108076 0.104376 0.698761 -0.0 1.0 0.0 
-0.288036 0.0842853 -0.875301 -0.382682 0.0 -0.92388 
-0.426146 -0.949391 -0.0632055 0.0 -1.0 0.0 
0.20829 -0.301969 -0.104301 0.707107 0.0 -0.707107 
-0.0560043 0.0762978 -0.909721 -0.0 -1.0 -0.0 
0.335355 -0.244704 0.00814622 0.707107 0.0 0.707107 
0.0953581 0.13209 0.229299 0.0 1.0 -0.0 
0.237435 0.131721 0.636436 0.0 1.0 0.0 
-0.209793 0.13209 0.581396 0.0 1.0 0.0 
-0.0636932 -0.39066 -0.245967 -0.707107 0.0 -0.707107 
-0.122753 0.0762978 0.602104 0.0 -1.0 0.0 
-0.327158 -0.142622 0.0134334 -0.707107 0.0 0.707107 
0.37411 0.0762978 0.440162 0.0 -1.0 0.0 
