ply
format ascii 1.0
comment VCGLIB generated
element vertex 2000
property float x
property float y
property float z
property float nx
property float ny
property float nz
element face 0
property list uchar int vertex_indices
end_header
-0.835399 0.219764 -0.101763 0.0 1.0 0.0 
-0.303642 -0.296028 -0.400964 -0.99542 0.0 -0.0955989 
0.608813 0.136226 -0.566166 0.688442 0.0 -0.725291 
0.410074 0.154254 0.0505861 0.0955968 -0.0 -0.99542 
-0.303992 -0.669633 -0.397319 -0.99542 0.0 -0.0955989 
-0.604361 0.117432 0.614672 -0.688496 -0.0 0.72524 
-0.367365 0.188891 0.611206 0.0 -1.0 0.0 
-0.297751 0.188891 -0.00590171 -0.0 -1.0 -0.0 
-0.869204 0.173068 -0.0611235 -0.999663 0.0 0.0259676 
0.723005 0.188891 -0.266847 -0.0 -1.0 0.0 
0.440102 -0.433603 0.46767 0.995426 -0.0 0.095537 
0.254839 0.219764 0.385516 0.0 1.0 0.0 
0.362287 0.188891 0.562038 -0.0 -1.0 -0.0 
-0.302116 0.00951711 -0.416856 -0.99542 0.0 -0.0955989 
0.216465 0.188891 -0.688964 -0.0 -1.0 0.0 
-0.75409 0.16765 0.321848 0.913623 0.0 -0.406563 
0.42739 -0.109369 0.515989 -0.0955788 -0.0 0.995422 
-0.304978 0.0901773 -0.796412 -0.283859 -0.0 -0.958866 
-0.295147 -0.377989 -0.489418 -0.995425 0.0 -0.095551 
-0.23272 0.219764 -0.781318 -0.0 1.0 -0.0 
0.0581859 0.219764 -0.834945 -0.0 1.0 -0.0 
0.308563 0.219764 -0.566166 -0.0 1.0 -0.0 
-0.167278 0.219764 -0.451043 -0.0 1.0 -0.0 
-0.470078 -0.037269 0.269393 -0.995419 0.0 -0.095608 
-0.0805903 0.142047 -0.84281 -0.0259413 0.0 -0.999663 
0.319054 0.219764 -0.29752 0.0 1.0 0.0 
-0.301043 0.0211036 -0.428019 -0.99542 0.0 -0.0955989 
0.231704 0.219764 0.817488 0.0 1.0 0.0 
-0.200634 -0.473146 -0.374523 -0.0956385 -0.0 0.995416 
-0.0598301 0.219764 0.431565 -0.0 1.0 -0.0 
-0.451248 -0.370314 0.243763 0.0955804 -0.0 -0.995422 
0.676956 0.188891 -0.044276 0.0 -1.0 0.0 
0.300888 -0.699295 0.462265 -0.0 -1.0 0.0 
0.511217 0.158604 -0.281033 0.995412 0.0 0.0956855 
0.369962 0.188891 -0.0212514 0.0 -1.0 0.0 
0.450794 -0.076274 0.356266 0.995426 -0.0 0.095537 
0.0245933 0.0953977 -0.404994 0.0 -1.0 0.0 
0.517301 -0.458929 -0.344326 0.995412 0.0 0.0956855 
-0.785517 0.0679557 -0.363656 -0.878715 0.0 -0.477347 
0.520773 -0.666163 -0.380447 0.995412 -0.0 0.0956855 
-0.274726 0.219764 -0.558491 0.0 1.0 0.0 
-0.413718 -0.690839 0.435211 -0.0956198 -0.0 0.995418 
0.592533 0.219764 -0.328246 0.0 1.0 0.0 
0.352284 0.219764 0.35456 -0.0 1.0 -0.0 
-0.196519 -0.555432 -0.374128 -0.0956385 -0.0 0.995416 
0.273523 0.219764 0.0281811 0.0 1.0 0.0 
-0.176469 0.188891 0.270153 0.0 -1.0 -0.0 
0.47741 0.219764 0.416215 0.0 1.0 0.0 
-0.301378 -0.361401 -0.424539 -0.99542 0.0 -0.0955989 
0.313677 -0.2464 0.50507 -0.0955788 0.0 0.995422 
0.308563 -0.631259 0.368737 -0.995428 0.0 -0.0955127 
-0.422702 0.219764 -0.876245 -0.0 1.0 -0.0 
-0.580902 0.219764 -0.176706 -0.0 1.0 -0.0 
0.132041 0.0978522 -0.831249 0.233615 0.0 -0.972329 
0.296035 0.132338 -0.788332 0.477393 0.0 -0.87869 
0.439036 -0.439388 -0.454082 0.0955254 -0.0 -0.995427 
-0.359149 0.219764 -0.543142 0.0 1.0 0.0 
0.811371 0.0888054 0.156034 0.972329 0.0 0.233615 
-0.154262 -0.577535 -0.489418 0.995421 0.0 0.0955863 
0.285538 0.188891 0.669486 0.0 -1.0 0.0 
-0.471648 -0.562185 0.285743 -0.99542 -1.08443e-06 -0.095599 
0.678026 0.0681132 -0.392791 -0.91364 -0.0 0.406524 
-0.292229 0.219764 -0.92864 -0.0 1.0 -0.0 
-0.0291307 0.0619935 0.815308 -0.0 -1.0 -0.0 
0.822658 0.143901 -0.0749754 0.999663 -0.0 -0.0259414 
-0.611709 0.205634 -0.776609 -0.670232 0.0 -0.742152 
-0.804291 0.178859 -0.466393 0.0 -1.0 0.0 
0.512447 -0.522709 -0.293832 0.995412 -0.0 0.0956855 
0.0979388 0.210629 0.971537 0.209306 0.0 0.97785 
-0.0925588 0.192262 0.972688 -0.0509038 -0.0 0.998704 
0.446514 -0.393339 0.400866 0.995426 -0.0 0.095537 
0.949326 0.217854 -0.112905 0.977841 -0.0 -0.209348 
-0.0675049 0.0978522 0.849078 0.0259672 0.0 0.999663 
0.669281 0.219764 0.515989 0.0 1.0 0.0 
0.546484 0.188891 0.416215 0.0 -1.0 -0.0 
0.224486 0.219764 0.057007 -0.0 1.0 -0.0 
-0.980665 0.203229 0.170519 -0.977848 -0.0 0.209315 
0.385312 0.0748276 -0.739828 0.477393 0.0 -0.87869 
-0.922088 0.199088 0.378252 -0.89036 -0.0 0.455257 
-0.113554 0.11877 -0.0212514 0.0 -1.0 -0.0 
-0.681493 0.219764 0.523663 -0.0 1.0 -0.0 
-0.213327 -0.401013 -0.375743 -0.0956385 -0.0 0.995416 
-0.159326 0.18773 0.412681 -0.0956005 -0.0 0.99542 
-0.677397 0.178859 0.680424 0.0 -1.0 0.0 
-0.197977 0.219764 0.301093 -0.0 1.0 -0.0 
-0.3438 0.188891 0.70786 0.0 -1.0 0.0 
0.171132 0.188891 0.0902902 -0.0 -1.0 -0.0 
-0.864299 0.178859 -0.271233 0.0 -1.0 0.0 
0.265155 0.149323 0.406485 0.0956031 0.0 -0.99542 
0.707656 0.0619935 0.416215 0.0 -1.0 0.0 
0.377597 -0.24308 -0.319265 -0.0956027 0.0 0.99542 
-0.359149 0.182276 0.915474 -0.307652 -0.0 0.951499 
-0.555753 0.18995 0.815308 -0.543441 -0.0 0.839447 
0.323913 -0.33194 0.365379 0.0955779 -0.0 -0.995422 
0.838128 0.219764 -0.0749754 0.0 1.0 0.0 
0.514985 -0.366043 -0.446794 0.0955254 0.0 -0.995427 
-0.689572 0.0853415 -0.522968 -0.725234 0.0 -0.688502 
0.436933 -0.638934 0.500639 0.99541 -0.0 0.0957045 
-0.42583 -0.440401 0.434048 -0.0956198 -0.0 0.995418 
-0.537405 0.159493 0.32941 0.0955983 -0.0 -0.99542 
-0.161114 0.0684387 -0.423776 0.995418 0.0 0.0956162 
-0.197935 -0.123808 -0.515257 0.0956589 0.0 -0.995414 
-0.428223 -0.377989 0.433818 -0.0956198 -0.0 0.995418 
0.651809 0.219764 0.201952 0.0 1.0 0.0 
0.231814 0.219764 -0.420344 -0.0 1.0 -0.0 
0.439036 0.0619934 -0.681289 -0.0 -1.0 -0.0 
-0.334582 0.00575387 0.324117 0.995419 0.0 0.0956095 
0.47914 0.163307 0.057219 0.0955968 0.0 -0.99542 
-0.950113 0.178858 -0.266847 0.0 -1.0 0.0 
0.653931 0.219764 -0.282197 -0.0 1.0 -0.0 
-0.0665069 0.188891 -0.466145 0.0 -1.0 -0.0 
0.623232 0.188891 -0.00590171 0.0 -1.0 0.0 
-0.412873 -0.00192097 0.435293 -0.0956198 0.0 0.995418 
0.880859 0.219764 0.323206 -0.0 1.0 -0.0 
0.300888 -0.477762 0.448724 -0.995428 0.0 -0.0955127 
0.344786 -0.0565444 0.367383 0.0955779 -0.0 -0.995422 
-0.442613 -0.153084 0.432436 -0.0956198 0.0 0.995418 
0.630907 0.188891 -0.259172 -0.0 -1.0 0.0 
0.0552928 0.219764 -0.90386 0.0 1.0 0.0 
0.82222 0.0941626 -0.0918772 0.999663 -0.0 -0.0259414 
0.285538 0.219764 -0.11335 0.0 1.0 0.0 
0.387388 0.219764 -0.154512 -0.0 1.0 -0.0 
-0.635444 0.219764 0.462265 -0.0 1.0 -0.0 
-0.733408 0.219764 -0.654071 0.0 1.0 0.0 
0.396843 -0.527477 -0.458131 0.0955254 -0.0 -0.995427 
0.714009 0.219764 0.57199 0.0 1.0 0.0 
0.361807 0.188891 -0.701011 -0.0 -1.0 0.0 
-0.784656 0.0619935 -0.348941 0.0 -1.0 0.0 
-0.366824 0.188891 -0.312896 -0.0 -1.0 -0.0 
-0.746525 0.219764 -0.405304 -0.0 1.0 -0.0 
0.43953 -0.0199332 0.47363 0.99541 0.0 0.0957045 
-0.458717 0.131004 0.243045 0.0955804 -0.0 -0.995422 
0.573315 0.219764 -0.375276 -0.0 1.0 -0.0 
-0.168111 -0.0379319 -0.371398 -0.0956385 -0.0 0.995416 
-0.750715 0.178859 0.579245 0.0 -1.0 0.0 
0.0783173 0.188891 -0.236147 -0.0 -1.0 0.0 
0.449053 -0.528768 0.374411 0.995426 -0.0 0.095537 
-0.378886 0.219764 -0.905389 -0.0 1.0 -0.0 
-0.481875 -0.68351 0.392234 -0.995422 0.0 -0.0955807 
-0.7058 0.077631 0.503868 -0.852746 -0.0 0.522325 
0.577183 0.178859 0.753909 0.0 -1.0 0.0 
-0.566229 0.219764 0.302252 -0.0 1.0 -0.0 
0.377002 0.0113726 -0.350397 -0.995415 0.0 -0.0956483 
0.245513 0.219764 -0.754988 0.0 1.0 0.0 
-0.0214558 0.188891 -0.781062 -0.0 -1.0 -0.0 
-0.461356 -0.237136 0.242792 0.0955804 0.0 -0.995422 
0.315723 -0.496585 0.364593 0.0955779 -0.0 -0.995422 
-0.213882 0.158525 -0.0224106 -0.104728 -0.0 0.994501 
-0.473859 -0.393339 0.308767 -0.99542 -1.08443e-06 -0.095599 
-0.0366642 0.219764 0.514916 -0.0 1.0 -0.0 
0.0476179 0.219764 -0.949909 0.0 1.0 0.0 
0.247164 0.188891 -0.443369 0.0 -1.0 -0.0 
-0.30468 -0.201234 -0.337657 -0.0956361 0.0 0.995416 
0.784404 0.166926 -0.255786 0.958869 -0.0 -0.283849 
0.468519 0.162031 -0.694621 0.477393 -0.0 -0.87869 
-0.468699 -0.439388 0.255043 -0.995419 0.0 -0.095608 
-0.487058 0.219764 0.240594 -0.0 1.0 -0.0 
0.742673 0.178859 -0.463288 -0.0 -1.0 -0.0 
0.785552 0.219764 0.0659019 -0.0 1.0 -0.0 
-0.217814 0.11877 -0.04851 0.0 -1.0 -0.0 
0.867921 0.212012 0.414698 0.951499 0.0 0.307653 
0.423686 0.219764 -0.773387 -0.0 1.0 -0.0 
-0.34405 -0.0197092 0.424078 0.995422 0.0 0.0955741 
-0.389849 0.188891 -0.312896 -0.0 -1.0 -0.0 
0.693451 0.0744274 0.457684 0.878732 0.0 0.477316 
0.517584 -0.553547 -0.347269 0.995412 -0.0 0.0956855 
0.482605 -0.358338 -0.262051 -0.0955919 -0.0 0.995421 
0.124366 0.219764 -0.865486 0.0 1.0 0.0 
0.416011 0.188891 -0.481743 0.0 -1.0 -0.0 
0.339262 0.188891 -0.612215 -0.0 -1.0 0.0 
0.821906 0.178859 -0.186632 -0.0 -1.0 -0.0 
0.147715 0.178859 -0.856614 0.0 -1.0 0.0 
-0.0751798 0.188891 -0.105675 -0.0 -1.0 -0.0 
-0.866202 0.11181 0.0544458 -0.999663 0.0 0.0259676 
-0.894832 0.219764 0.293293 -0.0 1.0 -0.0 
-0.290076 0.188891 0.42389 -0.0 -1.0 -0.0 
-0.61242 0.219764 0.324117 -0.0 1.0 -0.0 
-0.309496 -0.108954 -0.340008 -0.99542 0.0 -0.0955989 
0.435984 0.219764 -0.537129 0.0 1.0 0.0 
-0.34813 -0.454681 0.441512 -0.0956198 -0.0 0.995418 
-0.573676 0.178859 0.796927 0.0 -1.0 0.0 
-0.522963 0.219764 -0.470732 -0.0 1.0 -0.0 
0.093667 0.219764 -0.266847 -0.0 1.0 -0.0 
0.0159206 0.188891 -0.481803 0.0 -1.0 -0.0 
-0.88104 0.178859 0.408541 0.0 -1.0 0.0 
-0.44472 0.219764 -0.0882024 -0.0 1.0 -0.0 
-0.197977 -0.324265 -0.374268 -0.0956385 -0.0 0.995416 
0.263174 0.219764 -0.509126 -0.0 1.0 -0.0 
-0.865378 0.128552 0.0861966 -0.999663 0.0 0.0259676 
-0.696843 0.219764 0.0785217 -0.0 1.0 -0.0 
-0.650794 0.219764 -0.512442 -0.0 1.0 -0.0 
-0.293553 -0.327176 -0.506031 -0.995425 0.0 -0.095551 
-0.474596 -0.493112 0.316442 -0.99542 -1.08443e-06 -0.095599 
0.377637 0.219764 0.753909 0.0 1.0 0.0 
0.441641 -0.648756 0.451637 0.995426 -0.0 0.095537 
-0.244027 -0.33194 -0.378692 -0.0956385 0.0 0.995416 
0.771429 0.219764 0.497753 0.0 1.0 0.0 
0.46206 0.188891 -0.205448 -0.0 -1.0 0.0 
0.453183 -0.232171 0.331376 0.995426 -0.0 0.095537 
0.456257 0.219764 0.751137 -0.0 1.0 -0.0 
-0.482704 -0.646609 0.400866 -0.995422 0.0 -0.0955807 
-0.804291 0.178859 -0.535467 0.0 -1.0 0.0 
0.569508 0.219764 -0.159399 0.0 1.0 0.0 
-0.928765 0.209868 0.365194 -0.89036 -0.0 0.455257 
-0.268613 -0.658275 -0.334191 -0.0956361 -0.0 0.995416 
-0.340648 -0.581689 0.38728 0.995419 0.0 0.0956095 
-0.221002 0.219764 -0.543142 0.0 1.0 0.0 
0.384545 0.163759 -0.428967 -0.99545 0.0 -0.095283 
-0.0828546 0.219764 -0.420344 0.0 1.0 0.0 
-0.205652 0.219764 0.301093 -0.0 1.0 -0.0 
-0.32845 0.188891 0.485289 -0.0 -1.0 -0.0 
-0.165436 -0.643292 -0.378781 0.995418 0.0 0.0956162 
-0.366824 -0.577535 0.439716 -0.0956198 -0.0 0.995418 
0.0836486 0.219764 0.820042 -0.0 1.0 -0.0 
0.369962 0.0364533 0.510474 -0.0955788 0.0 0.995422 
-0.153058 -0.453165 -0.501953 0.995421 0.0 0.0955863 
0.362287 0.188891 0.00177315 0.0 -1.0 0.0 
-0.368841 0.11877 -0.0400721 0.0 -1.0 -0.0 
-0.371781 -0.178443 0.43924 -0.0956198 -0.0 0.995418 
-0.86777 0.0748276 -0.00590171 -0.999663 -0.0 0.0259676 
0.377637 -0.684983 0.511211 -0.0955788 -0.0 0.995422 
-0.482734 -0.117524 0.401177 -0.995422 0.0 -0.0955807 
-0.162996 0.133506 -0.511899 0.0956589 0.0 -0.995414 
-0.827316 0.219764 -0.190098 0.0 1.0 0.0 
-0.107891 0.136115 -0.459646 0.0956036 -0.0 -0.99542 
-0.30694 -0.631259 -0.36662 -0.99542 0.0 -0.0955989 
0.30225 -0.529563 0.43453 -0.995428 0.0 -0.0955127 
-0.482073 -0.544554 0.394302 -0.995422 0.0 -0.0955807 
0.185765 0.219764 0.139921 -0.0 1.0 -0.0 
-0.164695 -0.130475 -0.386497 0.995418 0.0 0.0956162 
0.612192 0.219764 -0.00128843 -0.0 1.0 -0.0 
-0.383324 -0.00720151 0.297891 0.0956184 -0.0 -0.995418 
-0.00610608 0.188891 0.661811 0.0 -1.0 0.0 
0.463775 -0.367071 -0.275954 -0.995407 0.0 -0.0957365 
-0.620095 0.188891 0.446915 0.0 -1.0 0.0 
0.445777 -0.178443 0.408541 0.995426 -0.0 0.095537 
0.157204 0.219764 -0.210781 0.0 1.0 0.0 
-0.172137 0.219764 -0.207077 -0.0 1.0 -0.0 
-0.927089 0.219764 -0.312896 -0.0 1.0 -0.0 
0.613104 0.194368 0.74013 0.670177 0.0 0.742201 
-0.487651 0.0953976 -0.495678 0.0 -1.0 -0.0 
0.400661 0.188891 -0.151724 -0.0 -1.0 0.0 
-0.209517 0.0639743 0.826484 -0.233639 0.0 0.972323 
-0.12056 0.0619934 -0.816976 0.0 -1.0 0.0 
-0.630632 0.219764 0.507288 -0.0 1.0 -0.0 
0.159689 0.219764 -0.648084 -0.0 1.0 -0.0 
-0.190303 0.188891 -0.205448 -0.0 -1.0 -0.0 
-0.345031 -0.62684 0.4343 0.995422 0.0 0.0955741 
0.0783173 0.188891 -0.389645 -0.0 -1.0 0.0 
0.515376 -0.224293 -0.324301 0.995412 -0.0 0.0956855 
-0.666858 0.095079 -0.546894 -0.725234 0.0 -0.688502 
0.522863 -0.118727 -0.402184 0.995419 0.0 0.0956116 
0.638582 0.219764 -0.190098 -0.0 1.0 -0.0 
-0.90073 0.219764 -0.384641 -0.0 1.0 -0.0 
-0.113554 0.188891 0.669486 -0.0 -1.0 -0.0 
-0.305425 0.188891 -0.121025 0.0 -1.0 -0.0 
0.322575 0.219764 0.31828 0.0 1.0 0.0 
-0.303718 -0.57915 -0.400168 -0.99542 0.0 -0.0955989 
0.438904 -0.129678 0.329251 0.0956546 0.0 -0.995415 
0.833826 0.178859 0.362003 0.0 -1.0 0.0 
0.0245933 0.188891 0.109221 0.0 -1.0 -0.0 
-0.930911 0.219764 0.253203 -0.0 1.0 -0.0 
-0.742892 0.219764 0.18597 -0.0 1.0 -0.0 
-0.426032 -0.206126 0.246184 0.0955804 0.0 -0.995422 
0.335116 -0.636812 0.366455 0.0955779 -0.0 -0.995422 
0.921702 0.219764 -0.0766695 -0.0 1.0 -0.0 
0.523459 0.219764 -0.36662 -0.0 1.0 -0.0 
0.239364 0.219764 0.39007 0.0 1.0 0.0 
-0.497297 0.0895532 0.339467 -0.0 -1.0 -0.0 
0.497707 -0.140184 -0.260601 -0.0955919 -0.0 0.995421 
-0.428223 -0.0172707 0.245973 0.0955804 -0.0 -0.995422 
0.155066 0.219764 0.546688 0.0 1.0 0.0 
-0.0814556 0.219764 -0.477073 0.0 1.0 0.0 
0.515133 -0.383149 -0.321769 0.995412 -0.0 0.0956855 
0.310453 -0.213871 0.50476 -0.0955788 0.0 0.995422 
-0.531377 0.219764 0.184909 -0.0 1.0 -0.0 
-0.750567 0.0619935 0.370166 -0.0 -1.0 0.0 
-0.319689 0.219764 0.105088 0.0 1.0 0.0 
-0.420548 0.0619934 0.738559 -0.0 -1.0 -0.0 
-0.721369 0.0901773 -0.481743 -0.878715 0.0 -0.477347 
0.37899 0.219764 0.774162 -0.0 1.0 -0.0 
-0.479501 -0.156234 0.367516 -0.995422 -0.0 -0.0955807 
0.408336 0.188891 0.101546 0.0 -1.0 -0.0 
0.669217 0.219764 -0.493389 -0.0 1.0 -0.0 
0.0309156 0.219764 0.956005 -0.0 1.0 -0.0 
-0.91493 0.182055 -0.398503 -0.951502 0.0 -0.307642 
-0.153166 -0.143446 -0.500836 0.995421 0.0 0.0955863 
0.369962 0.178859 -0.750363 0.0 -1.0 0.0 
0.427303 0.219764 0.238586 -0.0 1.0 -0.0 
0.420696 -0.588941 -0.455842 0.0955254 -0.0 -0.995427 
0.161244 0.162392 -0.433798 0.0956023 -1.78895e-05 -0.99542 
0.94469 0.211419 0.166489 0.998702 0.0 0.0509263 
-0.159453 0.0895533 0.378751 -0.0 -1.0 -0.0 
0.282235 0.219764 -0.260172 0.0 1.0 0.0 
0.531039 0.219764 0.182845 -0.0 1.0 -0.0 
0.367634 -0.391085 0.510251 -0.0955788 -0.0 0.995422 
-0.897971 0.178859 -0.211705 0.0 -1.0 0.0 
-0.453851 0.106868 0.431357 -0.0956198 0.0 0.995418 
0.638582 0.219764 0.577387 0.0 1.0 0.0 
0.823056 0.0978521 -0.0596257 0.999663 0.0 -0.0259414 
0.766968 0.0902389 -0.130898 -0.98772 -0.0 0.156234 
-0.302236 -0.3744 -0.415599 -0.99542 0.0 -0.0955989 
0.452748 -0.113712 0.33591 0.995426 -0.0 0.095537 
-0.319909 0.105527 0.799958 -0.233639 0.0 0.972323 
0.554158 0.178859 -0.688964 0.0 -1.0 0.0 
-0.834991 0.0978522 0.233431 -0.958878 -0.0 0.28382 
-0.398515 -0.669397 0.436672 -0.0956198 -0.0 0.995418 
0.470701 -0.255191 -0.451043 0.0955254 0.0 -0.995427 
0.676942 0.109583 -0.395226 -0.91364 -0.0 0.406524 
0.741556 0.188891 -0.118938 0.0 -1.0 -0.0 
0.0146627 0.188891 0.100505 0.0 -1.0 -0.0 
-0.193795 -0.194273 -0.373866 -0.0956385 -0.0 0.995416 
0.147391 0.219764 -0.128699 -0.0 1.0 -0.0 
-0.750426 0.219764 0.228282 -0.0 1.0 -0.0 
-0.259376 0.219764 0.815308 -0.0 1.0 -0.0 
-0.0368055 0.219764 0.316442 -0.0 1.0 -0.0 
-0.542779 0.219764 -0.449281 -0.0 1.0 -0.0 
0.441372 -0.0866219 0.45444 0.995426 -0.0 0.095537 
0.0706425 0.188891 -0.612215 0.0 -1.0 0.0 
-0.229797 -0.615738 -0.518319 0.0956589 -0.0 -0.995414 
0.0169185 0.188891 0.523663 0.0 -1.0 0.0 
-0.0982044 0.178859 0.869032 0.0 -1.0 0.0 
-0.397524 0.219764 0.492964 0.0 1.0 0.0 
0.277864 0.219764 -0.289871 -0.0 1.0 -0.0 
-0.44373 0.219764 0.273949 -0.0 1.0 -0.0 
-0.760227 0.112277 -0.410211 -0.878715 0.0 -0.477347 
-0.820996 0.14014 0.280713 -0.958878 0.0 0.28382 
0.636238 0.219764 0.0917552 -0.0 1.0 -0.0 
-0.561022 0.136419 -0.105974 0.104731 0.0 -0.994501 
-0.309499 0.219764 -0.12812 -0.0 1.0 -0.0 
0.308563 -0.699423 0.416215 0.0 -1.0 0.0 
0.0476179 0.219764 -0.865486 0.0 1.0 0.0 
0.385312 0.219764 -0.412669 -0.0 1.0 -0.0 
0.397072 -0.339335 -0.458109 0.0955254 -0.0 -0.995427 
-0.080244 0.219764 0.813965 -0.0 1.0 -0.0 
0.883305 0.197625 -0.36662 0.890372 0.0 -0.455234 
-0.449081 0.121366 -0.728183 -0.522344 0.0 -0.852735 
-0.387452 0.178859 -0.85894 0.0 -1.0 0.0 
0.170416 0.219764 0.262718 -0.0 1.0 -0.0 
-0.161587 -0.145305 -0.418859 0.995418 0.0 0.0956162 
-0.256797 0.219764 0.525688 -0.0 1.0 -0.0 
-0.363387 0.188891 -0.0026129 -0.0 -1.0 -0.0 
-0.458923 -0.699295 0.308767 0.0 -1.0 -0.0 
0.484677 0.125679 -0.683996 0.688442 -0.0 -0.725291 
-0.0236667 0.184037 0.976199 -0.0509038 -0.0 0.998704 
-0.663092 0.219764 0.234471 -0.0 1.0 -0.0 
0.352219 -0.609831 0.368097 0.0955779 -0.0 -0.995422 
-0.842665 0.219764 -0.098 0.0 1.0 0.0 
0.500434 0.219764 0.700185 0.0 1.0 0.0 
-0.197977 0.219764 -0.87316 0.0 1.0 0.0 
0.172508 0.219764 0.0151129 -0.0 1.0 -0.0 
0.595823 0.2053 -0.758038 0.543487 0.0 -0.839418 
0.736821 0.105527 0.377841 0.878732 0.0 0.477316 
-0.300306 0.0211036 -0.435694 -0.99542 0.0 -0.0955989 
-0.385697 0.145615 -0.767009 -0.522344 0.0 -0.852735 
-0.201579 0.219764 0.885557 -0.0 1.0 -0.0 
-0.162311 0.0807457 -0.411321 0.995418 0.0 0.0956162 
-0.907437 0.178859 0.374331 0.0 -1.0 0.0 
0.791205 0.0619935 -0.13305 -0.0 -1.0 0.0 
-0.0251746 0.143425 -0.802521 -0.104688 0.0 0.994505 
0.31941 -0.697745 0.364947 0.0955779 -0.0 -0.995422 
-0.910631 0.178859 0.279956 0.0 -1.0 0.0 
0.454385 -0.516136 -0.31189 -0.0956027 0.0 0.99542 
-0.351554 -0.593971 0.441183 -0.0956198 -0.0 0.995418 
-0.405199 0.219764 0.815308 -0.0 1.0 -0.0 
-0.205999 0.219764 0.0816637 -0.0 1.0 -0.0 
0.162741 0.219764 0.331792 -0.0 1.0 -0.0 
-0.412873 0.188891 -0.305221 0.0 -1.0 -0.0 
-0.414355 -0.569729 0.247305 0.0955804 0.0 -0.995422 
0.330889 -0.201574 0.366049 0.0955779 -0.0 -0.995422 
-0.259376 0.188891 0.18597 0.0 -1.0 0.0 
-0.297751 0.178859 0.922756 0.0 -1.0 0.0 
0.538809 0.219764 -0.389645 -0.0 1.0 -0.0 
0.0629676 0.188891 0.109221 0.0 -1.0 -0.0 
0.440576 -0.684149 0.462731 0.995426 -0.0 0.095537 
-0.551021 0.219764 -0.535467 -0.0 1.0 -0.0 
-0.305466 -0.562185 -0.38197 -0.99542 0.0 -0.0955989 
0.439036 0.0619934 -0.665939 -0.0 -1.0 -0.0 
0.379832 0.188891 0.515 -0.0 -1.0 -0.0 
0.517148 -0.519448 -0.342738 0.995412 -0.0 0.0956855 
0.392986 0.219764 0.0938714 -0.0 1.0 -0.0 
0.309884 -0.270932 0.504706 -0.0955788 0.0 0.995422 
0.922552 0.178859 -0.0749754 -0.0 -1.0 0.0 
0.35992 0.0690842 0.50951 -0.0955788 0.0 0.995422 
0.22414 0.159251 -0.809121 0.233615 -0.0 -0.972329 
-0.512647 0.188891 0.301093 0.0 -1.0 0.0 
-0.866773 0.113202 0.0324726 -0.999663 -0.0 0.0259676 
-0.352323 0.210242 0.917681 -0.307652 0.0 0.951499 
0.44726 -0.518907 0.393092 0.995426 -0.0 0.095537 
0.625819 0.116758 -0.550024 0.688442 0.0 -0.725291 
0.346937 -0.699423 0.45459 0.0 -1.0 0.0 
-0.182628 0.219764 0.147595 -0.0 1.0 -0.0 
0.339262 0.188891 -0.60454 -0.0 -1.0 0.0 
0.0859922 0.188891 0.592737 0.0 -1.0 0.0 
0.431361 -0.539161 0.51637 -0.0955788 -0.0 0.995422 
-0.363192 0.219764 -0.833713 -0.0 1.0 -0.0 
-0.620916 0.114393 0.598956 -0.688496 -0.0 0.72524 
0.453255 -0.519543 -0.452718 0.0955254 -0.0 -0.995427 
-0.299224 -0.320197 -0.446962 -0.99542 0.0 -0.0955989 
-0.730094 0.0919446 -0.465681 -0.878715 0.0 -0.477347 
-0.345663 -0.31584 0.440883 0.995422 -0.0 0.0955741 
0.22414 0.219764 -0.174749 -0.0 1.0 -0.0 
-0.0675049 0.188891 0.278068 0.0 -1.0 0.0 
0.171635 0.188891 0.347222 0.0 -1.0 -0.0 
0.109017 0.188891 0.285743 0.0 -1.0 -0.0 
0.491842 -0.465454 -0.449015 0.0955254 0.0 -0.995427 
0.423686 0.219764 -0.489418 -0.0 1.0 -0.0 
-0.690993 0.219764 -0.454001 0.0 1.0 0.0 
0.861153 0.219764 0.278068 0.0 1.0 0.0 
0.327788 0.119787 0.721421 -0.406546 -0.0 -0.91363 
-0.141925 0.219764 0.252851 -0.0 1.0 -0.0 
0.201115 0.219764 0.492964 0.0 1.0 0.0 
0.290382 0.219764 0.876549 0.0 1.0 0.0 
-0.268653 -0.479566 -0.522053 0.0956589 -0.0 -0.995414 
0.431361 -0.677308 0.51637 -0.0955788 -0.0 0.995422 
0.43505 0.188891 0.123225 0.0 -1.0 -0.0 
0.249995 0.219764 -0.31342 -0.0 1.0 -0.0 
0.385312 0.188891 0.201319 0.0 -1.0 0.0 
-0.599475 0.219764 -0.406664 -0.0 1.0 -0.0 
-0.0444804 0.197625 0.975138 -0.0509038 -0.0 0.998704 
-0.423693 0.219764 -0.594828 -0.0 1.0 -0.0 
0.512067 -0.0709947 -0.289871 0.995412 -0.0 0.0956855 
0.523132 -0.209142 -0.404994 0.995419 0.0 0.0956116 
-0.213327 0.178859 0.830658 -0.0 -1.0 -0.0 
-0.232638 -0.599392 -0.377598 -0.0956385 -0.0 0.995416 
-0.274726 -0.699295 -0.520117 -0.0 -1.0 0.0 
-0.37262 -0.0780381 0.439159 -0.0956198 -0.0 0.995418 
-0.299288 -0.687164 -0.446297 -0.99542 0.0 -0.0955989 
-0.481561 -0.179916 0.388966 -0.995422 0.0 -0.0955807 
0.531134 0.178859 -0.665939 0.0 -1.0 0.0 
-0.373354 -0.698426 0.367092 -0.0 -1.0 0.0 
-0.222324 0.219764 -0.655393 -0.0 1.0 -0.0 
0.421238 -0.363934 0.515398 -0.0955788 -0.0 0.995422 
-0.0368055 0.219764 0.446915 -0.0 1.0 -0.0 
0.520631 -0.111764 -0.378965 0.995412 0.0 0.0956855 
-0.512891 0.188891 0.225374 -0.0 -1.0 -0.0 
-0.228677 -0.577535 -0.518211 0.0956589 -0.0 -0.995414 
0.304772 0.219764 -0.579445 -0.0 1.0 -0.0 
0.443567 -0.224492 0.431565 0.995426 -0.0 0.095537 
0.554158 0.219764 -0.60454 -0.0 1.0 -0.0 
0.757972 0.0686772 -0.345075 0.852772 0.0 -0.522284 
-0.382174 0.188891 -0.251497 0.0 -1.0 -0.0 
0.374792 -0.0230386 -0.327401 -0.995415 0.0 -0.0956483 
-0.24505 0.186701 -0.0726993 0.104731 0.0 -0.994501 
-0.301169 -0.633906 -0.426715 -0.99542 0.0 -0.0955989 
-0.360045 0.219764 0.0725942 0.0 1.0 0.0 
0.298806 -0.688864 0.471955 -0.99541 0.0 -0.095698 
-0.244027 0.188891 -0.282197 -0.0 -1.0 -0.0 
0.921738 0.198166 0.248256 0.951499 0.0 0.307653 
-0.608394 0.100371 0.610843 -0.688496 -0.0 0.72524 
0.093667 0.188891 0.592737 0.0 -1.0 0.0 
-0.333874 -0.55985 0.316752 0.995419 0.0 0.0956095 
0.822778 0.178859 0.347142 0.0 -1.0 0.0 
0.0279741 0.219764 -0.481828 0.0 1.0 0.0 
0.623232 0.188891 0.232019 0.0 -1.0 0.0 
-0.136579 0.188891 -0.612215 0.0 -1.0 -0.0 
-0.866974 0.115635 -0.0997201 -0.972323 -0.0 -0.233639 
0.0235076 0.219764 0.00337924 -0.0 1.0 -0.0 
0.0561269 0.219764 -0.240633 -0.0 1.0 -0.0 
0.824831 0.109925 0.00875407 0.999663 0.0 -0.0259414 
-0.0349805 0.219764 -0.511241 -0.0 1.0 -0.0 
0.853368 0.219764 -0.10771 0.0 1.0 0.0 
-0.228677 -0.631259 -0.377217 -0.0956385 -0.0 0.995416 
-0.708073 0.219764 -0.60696 -0.0 1.0 -0.0 
-0.198827 0.219764 0.474144 -0.0 1.0 -0.0 
0.191152 0.0619935 -0.792949 -0.0 -1.0 -0.0 
-0.439621 0.187507 -0.0931895 0.104731 0.0 -0.994501 
-0.513779 0.219764 0.694381 -0.0 1.0 -0.0 
-0.366824 -0.0249455 0.439716 -0.0956198 -0.0 0.995418 
0.400661 0.166926 -0.731488 0.477393 -0.0 -0.87869 
-0.324507 0.0953977 -0.462858 0.0 -1.0 0.0 
-0.589395 0.178859 0.715535 -0.0 -1.0 -0.0 
-0.299556 -0.446285 -0.443512 -0.99542 0.0 -0.0955989 
-0.320618 0.219764 -0.353966 -0.0 1.0 -0.0 
0.231814 0.188891 0.730885 0.0 -1.0 0.0 
-0.338027 -0.333602 0.359992 0.995419 0.0 0.0956095 
0.71533 0.178859 0.43924 0.0 -1.0 0.0 
0.741609 0.190422 0.614034 0.839452 0.0 0.543433 
-0.0368055 0.188891 -0.65059 0.0 -1.0 -0.0 
-0.00610608 0.188891 0.585062 0.0 -1.0 0.0 
-0.215875 0.190334 -0.951938 -0.209271 -0.0 -0.977858 
-0.564539 0.0619934 0.634065 -0.0 -1.0 -0.0 
-0.301043 -0.485437 -0.428019 -0.99542 0.0 -0.0955989 
0.645895 0.219764 0.120755 -0.0 1.0 -0.0 
0.456713 0.219764 0.012449 -0.0 1.0 -0.0 
-0.394472 0.219764 -0.313542 -0.0 1.0 -0.0 
-0.374499 0.219764 -0.098 0.0 1.0 0.0 
0.468429 0.219764 -0.683869 -0.0 1.0 -0.0 
-0.86846 0.101577 -0.0935325 -0.972323 -0.0 -0.233639 
0.155066 0.188891 -0.0289263 0.0 -1.0 0.0 
0.237649 0.219764 0.673775 0.0 1.0 0.0 
0.937303 0.219764 0.0863022 0.0 1.0 0.0 
-0.074787 0.219764 -0.136283 0.0 1.0 0.0 
-0.168379 0.219764 0.0867294 -0.0 1.0 -0.0 
-0.0982044 0.188891 0.730884 -0.0 -1.0 -0.0 
0.610257 0.219764 0.531207 0.0 1.0 0.0 
-0.862771 0.207609 -0.489624 -0.839427 0.0 -0.543473 
-0.405199 -0.462412 0.295789 0.0956184 -0.0 -0.995418 
-0.326877 0.219764 -0.110543 -0.0 1.0 -0.0 
0.430454 0.15619 0.0995035 -0.0955973 0.0 0.99542 
0.101342 0.188891 0.362491 0.0 -1.0 -0.0 
0.0942959 0.219764 0.768714 -0.0 1.0 -0.0 
0.521158 -0.638966 -0.384451 0.995412 -0.0 0.0956855 
0.591075 0.0825024 0.585062 0.725221 0.0 0.688516 
-0.354306 0.219764 0.460407 -0.0 1.0 -0.0 
0.48672 0.167812 0.474725 -0.0955983 -0.0 0.99542 
0.807429 0.178859 -0.335921 -0.0 -1.0 -0.0 
-0.767497 0.129095 0.403141 -0.852746 -0.0 0.522325 
0.508109 -0.293566 -0.447454 0.0955254 0.0 -0.995427 
-0.466692 0.219764 -0.217826 -0.0 1.0 -0.0 
-0.826497 0.10501 -0.26817 -0.972323 0.0 -0.233639 
0.510272 -0.268882 -0.271198 0.995412 -0.0 0.0956855 
0.385699 0.136748 -0.690647 -0.587965 -0.0 0.808886 
0.825069 0.114106 0.0179171 0.999663 0.0 -0.0259414 
-0.620095 0.188891 -0.182423 0.0 -1.0 -0.0 
0.815104 0.219764 0.178295 0.0 1.0 0.0 
-0.260714 0.219764 -0.661693 0.0 1.0 0.0 
0.386566 -0.523111 -0.450073 -0.99545 0.0 -0.095283 
-0.267051 0.219764 -0.589191 0.0 1.0 0.0 
-0.474148 -0.584463 0.311772 -0.99542 -1.08443e-06 -0.095599 
0.264789 0.189687 0.935823 0.209306 -0.0 0.97785 
-0.113554 0.219764 -0.489418 0.0 1.0 0.0 
-0.665499 0.219764 -0.127213 -0.0 1.0 -0.0 
0.629585 0.219764 0.399758 0.0 1.0 0.0 
-0.366824 -0.308915 0.439716 -0.0956198 -0.0 0.995418 
-0.366741 -0.335151 0.439724 -0.0956198 -0.0 0.995418 
0.421616 -0.188514 -0.455754 0.0955254 -0.0 -0.995427 
0.467059 -0.622049 -0.263544 -0.0955919 -0.0 0.995421 
-0.18453 0.219764 -0.863595 -0.0 1.0 -0.0 
-0.290909 -0.371518 -0.524192 0.0956589 -0.0 -0.995414 
0.525077 -0.0180397 -0.445825 0.0955254 0.0 -0.995427 
-0.484177 -0.0402953 0.416215 -0.995422 0.0 -0.0955807 
0.623232 0.219764 0.42389 0.0 1.0 0.0 
0.00156877 0.188891 -0.105675 -0.0 -1.0 -0.0 
-0.0368055 0.178859 0.922756 0.0 -1.0 0.0 
-0.0368055 0.188891 -0.466393 0.0 -1.0 -0.0 
-0.228677 0.219764 0.930431 -0.0 1.0 -0.0 
0.467989 -0.55197 -0.451304 0.0955254 -0.0 -0.995427 
0.0552928 0.0619934 0.830658 -0.0 -1.0 -0.0 
-0.251364 0.0977974 -0.520391 0.0956589 0.0 -0.995414 
0.308485 -0.553654 0.369549 -0.995428 0.0 -0.0955127 
-0.736812 0.212975 0.661811 -0.742185 -0.0 0.670195 
0.0783173 0.219764 -0.236147 -0.0 1.0 -0.0 
-0.973138 0.178859 -0.0212514 0.0 -1.0 0.0 
0.451478 -0.460692 0.349139 0.995426 -0.0 0.095537 
-0.58172 0.178859 -0.696639 0.0 -1.0 0.0 
0.369962 -0.699295 0.485289 -0.0 -1.0 0.0 
0.17809 0.0748276 -0.820185 0.233615 0.0 -0.972329 
-0.298832 -0.677308 -0.451043 -0.99542 0.0 -0.0955989 
-0.959967 0.210025 -0.259208 -0.951502 0.0 -0.307642 
0.349302 0.20023 -0.901249 0.307656 0.0 -0.951498 
-0.477361 0.0619935 0.692167 -0.0 -1.0 -0.0 
0.444994 -0.111461 0.416705 0.995426 -0.0 0.095537 
0.431361 -0.699447 -0.328246 0.0 -1.0 0.0 
-0.478648 -0.380155 0.35863 -0.99542 -1.08443e-06 -0.095599 
-0.858015 0.0619934 0.063172 0.0 -1.0 0.0 
-0.59707 0.219764 0.462265 -0.0 1.0 -0.0 
-0.391232 0.219764 0.70255 -0.0 1.0 -0.0 
-0.877431 0.178859 0.234844 0.0 -1.0 0.0 
-0.0675049 0.219764 -0.63524 0.0 1.0 0.0 
-0.0828546 0.178859 0.953455 0.0 -1.0 0.0 
-0.950053 0.18995 -0.289871 -0.951502 0.0 -0.307642 
0.331588 0.188891 0.669486 0.0 -1.0 0.0 
-0.513453 0.121901 0.697076 -0.477341 0.0 0.878718 
0.630907 0.219764 0.216669 -0.0 1.0 -0.0 
0.0245933 0.219764 -0.144049 -0.0 1.0 -0.0 
-0.338714 0.0720919 0.367144 0.995419 0.0 0.0956095 
0.555511 0.219764 0.703274 0.0 1.0 0.0 
0.615319 0.114361 0.559525 0.725221 0.0 0.688516 
-0.0976063 0.219764 0.381154 0.0 1.0 0.0 
-0.443573 -0.699295 0.247369 0.0 -1.0 -0.0 
-0.213053 0.188891 0.758125 0.0 -1.0 0.0 
0.21118 0.219764 -0.383905 -0.0 1.0 -0.0 
0.416419 0.219764 -0.252785 -0.0 1.0 -0.0 
0.101342 0.219764 -0.550817 -0.0 1.0 -0.0 
0.592533 0.219764 -0.758038 -0.0 1.0 -0.0 
-0.297751 0.188891 0.715535 0.0 -1.0 0.0 
0.516406 -0.330363 -0.335009 0.995412 -0.0 0.0956855 
-0.209528 0.0587349 -0.375378 -0.0956385 0.0 0.995416 
-0.785166 0.219764 -0.441787 0.0 1.0 0.0 
0.20879 0.219764 0.116896 -0.0 1.0 -0.0 
0.122598 0.188891 0.5091 -0.0 -1.0 -0.0 
-0.363193 0.0788529 -0.721223 0.406551 0.0 0.913628 
0.407259 0.207697 -0.880125 0.543487 0.0 -0.839418 
-0.366762 0.0891651 0.439722 -0.0956198 0.0 0.995418 
0.0472097 0.219764 -0.922418 -0.0 1.0 -0.0 
-0.249428 0.135964 -0.0731603 0.104731 0.0 -0.994501 
0.586683 0.219764 -0.429345 -0.0 1.0 -0.0 
-0.814554 0.178859 -0.376289 0.0 -1.0 0.0 
-0.344711 0.219764 -0.688415 0.0 1.0 0.0 
0.554158 0.188891 0.416215 0.0 -1.0 0.0 
-0.627769 0.219764 -0.504767 -0.0 1.0 -0.0 
-0.319195 0.0895533 0.380249 0.0 -1.0 -0.0 
0.47523 0.188891 0.425357 0.0 -1.0 -0.0 
-0.373548 -0.404954 0.43907 -0.0956198 -0.0 0.995418 
0.301303 -0.214177 0.444403 -0.995428 0.0 -0.0955127 
0.245504 0.0869977 -0.803988 0.233615 -0.0 -0.972329 
0.520182 -0.454737 -0.374295 0.995412 0.0 0.0956855 
0.440711 0.0395145 0.461322 0.995426 -0.0 0.095537 
-0.298095 -0.669633 -0.458718 -0.99542 0.0 -0.0955989 
0.0245933 0.219764 -0.965259 0.0 1.0 0.0 
0.623232 0.0619935 -0.497093 -0.0 -1.0 -0.0 
-0.471492 -0.224749 0.429662 -0.0956198 0.0 0.995418 
-0.98962 0.219764 -0.0789848 -0.0 1.0 -0.0 
0.826925 0.159527 0.089441 0.999663 0.0 -0.0259414 
-0.105879 0.188891 0.638786 -0.0 -1.0 -0.0 
0.443998 0.188891 -0.509432 0.0 -1.0 -0.0 
0.132041 0.219764 -0.428019 -0.0 1.0 -0.0 
-0.185553 0.116903 0.78839 0.104723 0.0 -0.994501 
-0.389849 0.219764 0.101546 0.0 1.0 0.0 
0.389722 -0.192416 0.512372 -0.0955788 -0.0 0.995422 
0.262514 0.178859 0.838333 0.0 -1.0 0.0 
-0.458923 -0.699295 0.247369 0.0 -1.0 -0.0 
0.768747 0.160148 -0.119649 -0.98772 0.0 0.156234 
-0.290076 0.219764 0.930431 -0.0 1.0 -0.0 
-0.382174 0.219764 -0.558491 -0.0 1.0 -0.0 
0.394707 -0.608246 0.51285 -0.0955788 -0.0 0.995422 
0.446641 -0.672 0.329994 0.0956546 0.0 -0.995415 
-0.420548 0.219764 -0.865486 -0.0 1.0 -0.0 
-0.28661 0.0211036 -0.335921 -0.0956361 0.0 0.995416 
0.32423 -0.239761 0.506083 -0.0955788 0.0 0.995422 
0.778858 0.113202 -0.274522 0.958869 -0.0 -0.283849 
-0.349162 0.219764 -0.235528 0.0 1.0 0.0 
-0.814294 0.219764 -0.113917 0.0 1.0 0.0 
-0.760179 0.150255 -0.304676 0.933508 0.0 0.358557 
-0.28053 0.219764 0.563084 -0.0 1.0 -0.0 
0.0245933 0.219764 -0.942234 0.0 1.0 0.0 
-0.535671 0.219764 -0.642915 -0.0 1.0 -0.0 
0.513708 0.219764 0.747756 0.0 1.0 0.0 
-0.300343 -0.61806 -0.435309 -0.99542 0.0 -0.0955989 
0.304017 0.219764 -0.176173 0.0 1.0 0.0 
0.944726 0.219764 -0.123642 -0.0 1.0 -0.0 
-0.687784 0.219764 0.0342874 -0.0 1.0 -0.0 
0.0851426 0.219764 0.40914 -0.0 1.0 -0.0 
-0.336214 -0.217442 0.341115 0.995419 0.0 0.0956095 
-0.800728 0.178859 0.501929 -0.0 -1.0 0.0 
0.0893111 0.219764 0.184341 -0.0 1.0 -0.0 
-0.11618 0.219764 -0.0777352 -0.0 1.0 -0.0 
0.400661 0.0134287 0.513422 -0.0955788 0.0 0.995422 
-0.620095 0.219764 0.0401474 -0.0 1.0 -0.0 
0.279808 0.109927 0.742771 -0.406546 -0.0 -0.91363 
-0.913076 0.219764 -0.177936 -0.0 1.0 -0.0 
-0.957788 0.178858 -0.205448 0.0 -1.0 0.0 
-0.300237 -0.473235 -0.436416 -0.99542 0.0 -0.0955989 
0.301959 -0.221161 0.503945 -0.0955788 0.0 0.995422 
-0.174748 -0.327973 -0.513029 0.0956589 0.0 -0.995414 
0.690702 0.219764 -0.189806 -0.0 1.0 -0.0 
-0.601867 0.219764 -0.34516 -0.0 1.0 -0.0 
-0.415825 -0.623584 0.262718 0.995416 0.0 0.0956394 
-0.274726 -0.124719 -0.334779 -0.0956361 -0.0 0.995416 
0.62188 0.219764 0.145399 -0.0 1.0 -0.0 
-0.476808 -0.0479701 0.339467 -0.99542 -1.08443e-06 -0.095599 
0.296608 -0.337784 0.49482 -0.99541 0.0 -0.095698 
0.785033 0.219764 -0.138751 -0.0 1.0 -0.0 
0.44671 0.188891 -0.282197 -0.0 -1.0 0.0 
0.162741 0.188891 0.331792 0.0 -1.0 -0.0 
0.307009 -0.617799 0.384936 -0.995428 0.0 -0.0955127 
-0.467321 -0.663687 0.430062 -0.0956198 -0.0 0.995418 
-0.681493 0.219764 -0.320571 -0.0 1.0 -0.0 
0.44671 0.0364533 0.398817 0.995426 -0.0 0.095537 
-0.639385 0.188891 -0.00675088 -0.0 -1.0 -0.0 
0.155066 0.219764 -0.481743 -0.0 1.0 -0.0 
0.569508 0.0895532 0.43924 -0.0 -1.0 -0.0 
0.52306 -0.381059 -0.40424 0.995419 0.0 0.0956116 
-0.335941 -0.503958 0.33827 0.995419 0.0 0.0956095 
0.285538 0.178859 0.830658 0.0 -1.0 0.0 
0.520985 -0.258092 -0.382645 0.995412 0.0 0.0956855 
-0.151928 0.188891 -0.63524 0.0 -1.0 -0.0 
-0.704518 0.219764 0.354817 -0.0 1.0 -0.0 
-0.061152 0.219764 -0.590669 0.0 1.0 0.0 
0.815177 0.18672 0.500392 0.839452 0.0 0.543433 
-0.811966 0.188891 0.009448 0.0 -1.0 -0.0 
-0.758242 0.0619934 -0.397319 0.0 -1.0 0.0 
-0.121229 0.188891 -0.466393 0.0 -1.0 -0.0 
-0.804291 0.219764 0.377841 -0.0 1.0 -0.0 
0.47741 0.219764 -0.63524 -0.0 1.0 -0.0 
-0.0488266 0.182094 -0.974163 0.0508464 0.0 -0.998707 
0.507448 0.120441 0.669688 0.522327 0.0 0.852745 
-0.51403 0.219764 0.499682 -0.0 1.0 -0.0 
-0.627613 0.219764 -0.477249 -0.0 1.0 -0.0 
0.423038 -0.626878 0.515571 -0.0955788 -0.0 0.995422 
0.216465 0.178859 -0.842461 0.0 -1.0 0.0 
0.431361 -0.224492 0.51637 -0.0955788 -0.0 0.995422 
-0.830583 0.176671 -0.251165 -0.972323 -0.0 -0.233639 
-0.412741 0.178859 0.884106 0.0 -1.0 -0.0 
0.0497098 0.219764 0.735945 -0.0 1.0 -0.0 
0.554158 0.178859 0.638786 0.0 -1.0 0.0 
-0.374246 -0.493925 0.439003 -0.0956198 -0.0 0.995418 
-0.651569 0.11877 -0.0795433 0.0 -1.0 -0.0 
-0.418037 -0.523811 0.285743 0.995416 -0.0 0.0956394 
0.452348 -0.0871903 0.340076 0.995426 -0.0 0.095537 
-0.0598301 0.0901773 0.848879 0.0259672 0.0 0.999663 
0.427868 -0.251838 0.516034 -0.0955788 -0.0 0.995422 
0.541198 0.219764 0.31684 0.0 1.0 0.0 
-0.303992 -0.0709947 -0.397319 -0.99542 0.0 -0.0955989 
-0.97254 0.219764 0.10196 -0.0 1.0 -0.0 
-0.567608 0.18995 0.807633 -0.543441 -0.0 0.839447 
0.513277 -0.181489 -0.302465 0.995412 -0.0 0.0956855 
-0.466597 0.0364533 0.430132 -0.0956198 0.0 0.995418 
-0.3438 -0.255191 0.421477 0.995422 -0.0 0.0955741 
0.316238 0.0619934 -0.758038 0.0 -1.0 0.0 
-0.66012 0.219764 0.301457 -0.0 1.0 -0.0 
0.52387 -0.493112 -0.412669 0.995419 0.0 0.0956116 
-0.527996 0.0901773 -0.679843 -0.522344 -0.0 -0.852735 
0.519869 -0.414326 -0.371041 0.995412 0.0 0.0956855 
0.439905 0.063494 0.469721 0.995426 -0.0 0.095537 
0.443783 -0.670433 0.429324 0.995426 -0.0 0.095537 
0.483214 0.219764 -0.716159 -0.0 1.0 -0.0 
-0.309529 -0.39503 -0.339662 -0.99542 0.0 -0.0955989 
-0.781267 0.0619935 0.278068 -0.0 -1.0 0.0 
-0.855702 0.219764 -0.215359 -0.0 1.0 -0.0 
0.46659 0.0211036 -0.305221 -0.995407 0.0 -0.0957365 
-0.203591 0.219764 -0.672036 -0.0 1.0 -0.0 
0.623232 0.178859 0.554363 0.0 -1.0 0.0 
-0.29696 -0.450802 -0.470539 -0.99542 0.0 -0.0955989 
-0.190303 0.219764 -0.220798 -0.0 1.0 -0.0 
0.876502 0.178859 -0.11335 0.0 -1.0 0.0 
0.951133 0.212975 0.0401474 0.998702 0.0 0.0509263 
-0.56604 0.219764 0.158224 -0.0 1.0 -0.0 
-0.0598301 0.219764 -0.466393 0.0 1.0 0.0 
0.666722 0.174761 -0.494066 0.852772 -0.0 -0.522284 
-0.480273 -0.240517 0.375556 -0.995422 0.0 -0.0955807 
-0.0230292 0.219764 -0.736843 -0.0 1.0 -0.0 
-0.334372 0.188891 0.664728 0.0 -1.0 -0.0 
-0.470174 -0.546836 0.270393 -0.99542 -1.08443e-06 -0.095599 
-0.295218 0.152189 0.352669 0.0955983 -0.0 -0.99542 
-0.0675049 0.188891 0.446915 -0.0 -1.0 -0.0 
0.0629676 0.188891 0.577387 0.0 -1.0 0.0 
0.521666 -0.608028 -0.389733 0.995412 0.0 0.0956855 
0.408336 0.219764 0.615762 0.0 1.0 0.0 
0.29889 -0.509961 0.471083 -0.99541 0.0 -0.095698 
0.47022 0.0437576 -0.45109 0.0955254 0.0 -0.995427 
-0.42262 0.0899833 0.698543 0.587942 -0.0 -0.808903 
0.703404 0.119331 0.344275 -0.933512 -0.0 -0.358547 
0.437053 -0.6723 0.499386 0.99541 -0.0 0.0957045 
-0.0313259 0.188891 0.703932 0.0 -1.0 0.0 
-0.482704 -0.31659 0.400866 -0.995422 0.0 -0.0955807 
-0.371781 -0.117044 0.43924 -0.0956198 -0.0 0.995418 
0.738355 0.188891 -0.0366011 0.0 -1.0 0.0 
-0.299758 -0.414489 -0.4414 -0.99542 0.0 -0.0955989 
-0.420548 -0.699295 0.285743 0.0 -1.0 -0.0 
0.47741 0.219764 -0.627565 -0.0 1.0 -0.0 
0.31564 0.219764 0.485945 0.0 1.0 0.0 
0.821266 0.147404 -0.12862 0.999663 -0.0 -0.0259414 
0.0120514 0.0805564 0.847012 0.0259672 -0.0 0.999663 
-0.41879 0.149957 -0.746738 -0.522344 0.0 -0.852735 
0.47741 -0.669634 -0.26255 -0.0955919 -0.0 0.995421 
-0.105879 0.0619935 0.807633 -0.0 -1.0 -0.0 
-0.479688 -0.564303 0.369465 -0.99542 -1.08443e-06 -0.095599 
-0.359149 0.219764 -0.781062 -0.0 1.0 -0.0 
-0.128321 0.219764 -0.539966 -0.0 1.0 -0.0 
0.523459 -0.377989 -0.408395 0.995419 0.0 0.0956116 
0.43595 0.00127902 0.510865 0.99541 -0.0 0.0957045 
-0.221002 -0.117044 -0.37648 -0.0956385 0.0 0.995416 
0.339262 -0.546836 0.507527 -0.0955788 -0.0 0.995422 
-0.0598301 0.219764 -0.642915 0.0 1.0 0.0 
-0.482871 -0.469431 0.402613 -0.995422 0.0 -0.0955807 
-0.796616 0.219764 0.500639 -0.0 1.0 -0.0 
-0.305425 -0.354964 -0.382391 -0.99542 0.0 -0.0955989 
0.0879713 0.144021 0.389469 0.0955934 -6.30779e-05 -0.99542 
-0.309356 -0.275321 -0.341466 -0.99542 0.0 -0.0955989 
0.139815 0.160608 0.836136 0.283828 -0.0 0.958875 
0.43567 0.219764 0.0695994 -0.0 1.0 -0.0 
0.369962 0.0619934 0.746234 -0.0 -1.0 -0.0 
0.297423 -0.283569 0.486344 -0.99541 0.0 -0.095698 
0.676956 0.178859 -0.520117 0.0 -1.0 0.0 
-0.274726 0.219764 -0.504767 0.0 1.0 0.0 
-0.165014 -0.3608 -0.383178 0.995418 0.0 0.0956162 
0.51615 0.124181 -0.654121 0.688442 -0.0 -0.725291 
0.164094 0.219764 0.86046 0.0 1.0 0.0 
-0.684834 0.0619935 0.463702 -0.0 -1.0 -0.0 
0.446514 -0.147743 0.400866 0.995426 -0.0 0.095537 
0.404581 0.0148453 -0.457389 0.0955254 -0.0 -0.995427 
-0.333845 0.0287784 0.316442 0.995419 0.0 0.0956095 
-0.374639 0.180341 0.910466 -0.307652 -0.0 0.951499 
-0.47357 -0.272968 0.305759 -0.99542 -1.08443e-06 -0.095599 
0.521773 -0.683948 -0.390847 0.995412 0.0 0.0956855 
0.087345 0.219764 0.359304 -0.0 1.0 -0.0 
-0.0134499 0.219764 -0.969116 0.0 1.0 0.0 
0.845803 0.178859 0.216669 0.0 -1.0 0.0 
0.155066 0.188891 -0.512442 -0.0 -1.0 0.0 
-0.370205 0.219764 -0.361626 0.0 1.0 0.0 
-0.244027 0.188891 0.730885 0.0 -1.0 0.0 
-0.333677 -0.416929 0.3147 0.995419 0.0 0.0956095 
0.457956 0.219764 0.2311 0.0 1.0 0.0 
-0.479152 -0.112703 0.363878 -0.995422 0.0 -0.0955807 
-0.281309 0.12385 -0.0295111 -0.104728 -0.0 0.994501 
-0.351475 0.219764 -0.121025 0.0 1.0 0.0 
0.519444 -0.401013 -0.36662 0.995412 0.0 0.0956855 
0.132041 0.178859 -0.834786 0.0 -1.0 0.0 
0.441573 -0.0318327 -0.453839 0.0955254 0.0 -0.995427 
-0.0982057 0.175538 0.849876 0.0259672 0.0 0.999663 
-0.345681 -0.438181 0.441066 0.995422 0.0 0.0955741 
-0.407704 -0.311697 0.435789 -0.0956198 -0.0 0.995418 
-0.290076 -0.646609 -0.524112 0.0956589 -0.0 -0.995414 
-0.336125 -0.0709947 0.340184 0.995419 0.0 0.0956095 
-0.155971 0.219764 -0.750497 0.0 1.0 0.0 
0.825892 0.219764 0.216192 0.0 1.0 0.0 
0.215379 0.219764 0.114785 -0.0 1.0 -0.0 
-0.184725 -0.406314 -0.513987 0.0956589 0.0 -0.995414 
0.49276 0.178859 0.807633 0.0 -1.0 0.0 
0.0245933 0.120877 0.846686 0.0259672 -0.0 0.999663 
-0.221002 -0.661959 -0.37648 -0.0956385 -0.0 0.995416 
0.136957 0.183697 0.963185 0.209306 -0.0 0.97785 
0.435511 -0.277011 0.515427 0.99541 -0.0 0.0957045 
0.522246 0.0323694 -0.395768 0.995412 0.0 0.0956855 
0.427554 0.219764 0.0438869 -0.0 1.0 -0.0 
-0.32845 0.188891 -0.581516 0.0 -1.0 -0.0 
0.442416 0.219764 0.0909638 -0.0 1.0 -0.0 
0.139716 0.219764 0.462265 -0.0 1.0 -0.0 
-0.83693 0.158806 -0.224752 -0.972323 -0.0 -0.233639 
-0.750567 0.188891 -0.0212514 -0.0 -1.0 -0.0 
0.323913 0.105527 0.781643 0.283828 -0.0 0.958875 
-0.164452 -0.334434 -0.38903 0.995418 0.0 0.0956162 
0.446679 -0.190557 0.399148 0.995426 -0.0 0.095537 
0.116692 0.219764 -0.0135766 -0.0 1.0 -0.0 
0.596393 0.178859 0.631905 0.0 -1.0 0.0 
-0.589395 0.188891 0.00177315 -0.0 -1.0 -0.0 
-0.891539 0.178859 0.0100286 0.0 -1.0 0.0 
0.339262 0.0441282 0.507527 -0.0955788 0.0 0.995422 
0.441318 -0.202618 0.454998 0.995426 -0.0 0.095537 
-0.297751 0.219764 0.45459 -0.0 1.0 -0.0 
0.408336 0.219764 0.462265 0.0 1.0 0.0 
-0.262135 0.188891 0.314536 0.0 -1.0 -0.0 
0.301375 -0.548816 0.443653 -0.995428 0.0 -0.0955127 
-0.58172 0.0671527 -0.636573 -0.725234 0.0 -0.688502 
-0.890799 0.178859 0.180776 -0.0 -1.0 0.0 
0.521468 -0.0958924 -0.446172 0.0955254 0.0 -0.995427 
-0.251701 0.219764 0.339467 -0.0 1.0 -0.0 
0.20437 0.131787 -0.429656 0.0956023 -1.78895e-05 -0.99542 
-0.539509 0.219764 -0.0373125 -0.0 1.0 -0.0 
