ply
format ascii 1.0
comment VCGLIB generated
element vertex 2000
property float x
property float y
property float z
property float nx
property float ny
property float nz
element face 0
property list uchar int vertex_indices
end_header
0.927562 -0.206451 -0.380753 0.707213 0.0 0.707001 
0.251098 -0.215229 0.0157078 0.0 -1.0 0.0 
-0.462518 0.498036 0.336794 0.0 1.0 0.0 
-0.556619 0.313192 0.0464572 0.70716 0.0 0.707054 
-0.0625789 0.469471 -0.282285 0.0 -1.0 0.0 
0.919404 0.498036 0.334073 0.0 1.0 0.0 
-0.70861 -0.0277903 0.188395 0.707019 0.0 -0.707195 
0.353042 0.469471 0.0706012 0.0 -1.0 -0.0 
0.193154 0.498036 -0.132719 0.0 1.0 -0.0 
0.918213 0.217237 0.396189 0.707106 0.0 0.707108 
0.18052 -0.215229 0.00786587 -0.0 -1.0 -0.0 
-0.0904148 -0.189786 -0.00794781 0.0 0.0 -1.0 
0.0698635 0.498036 0.0749513 0.0 1.0 0.0 
0.521864 0.469471 -0.0344258 0.0 -1.0 0.0 
-0.376255 0.498036 0.541116 0.0 1.0 0.0 
-0.870296 0.469471 -0.486174 0.0 -1.0 0.0 
-0.760509 0.498036 -0.258759 -0.0 1.0 -0.0 
-0.44162 0.0978684 -0.00794781 0.0 0.0 -1.0 
0.610633 -0.495811 -0.104217 -0.707107 -0.0 -0.707107 
0.269396 0.498036 0.513695 0.0 1.0 0.0 
-0.731319 0.498036 -0.451602 -0.0 1.0 -0.0 
0.583187 0.228558 0.0343671 0.707089 0.0 -0.707125 
-0.258627 0.469471 0.454855 0.0 -1.0 -0.0 
-0.637739 -0.462216 0.0871803 -0.707107 0.0 -0.707107 
-0.177109 0.444014 -0.00937543 0.0 0.0 -1.0 
-0.964398 0.469471 0.305858 0.0 -1.0 -0.0 
-0.728629 -0.0930582 0.21847 0.707132 -0.0 0.707082 
-0.933031 0.17988 -0.385126 -0.707064 0.0 -0.70715 
0.533406 0.498036 -0.290127 0.0 1.0 -0.0 
-0.731805 -0.452203 0.221645 0.707132 -0.0 0.707082 
0.932259 0.469471 -0.0165912 0.0 -1.0 0.0 
0.215372 0.498036 -0.3661 -0.0 1.0 -0.0 
0.133469 0.498036 0.509748 0.0 1.0 0.0 
-0.493884 0.469471 -0.250917 0.0 -1.0 0.0 
-0.596236 -0.095498 -0.0553184 -0.707107 0.0 -0.707107 
-0.917652 -0.147621 -0.369096 -0.70716 0.0 0.707054 
-0.609878 0.14095 0.0661436 -0.0 1.0 -0.0 
0.14828 0.498036 -0.510046 -0.0 1.0 -0.0 
-0.928798 0.0541221 -0.389359 -0.707064 0.0 -0.70715 
-0.602576 -0.476709 -0.0944248 0.707107 -0.0 -0.707107 
0.823557 0.498036 0.329384 0.0 1.0 0.0 
0.0430714 0.469471 -0.0552326 0.0 -1.0 0.0 
0.555165 0.00219188 0.00634699 0.707089 -0.0 -0.707125 
0.596142 -0.118113 0.0516801 0.707107 -0.0 0.707107 
0.815715 0.498036 -0.525384 -0.0 1.0 -0.0 
-0.436378 0.498036 0.0279728 0.0 1.0 0.0 
0.75298 0.498036 0.0549173 0.0 1.0 0.0 
-0.188725 -0.215229 -0.00308548 -0.0 -1.0 -0.0 
-0.747941 -0.22614 0.197384 -0.707132 0.0 -0.707082 
0.55463 0.226931 -0.00781795 0.707001 -0.0 0.707213 
-0.0303388 0.498036 0.00664896 0.0 1.0 0.0 
0.909818 -0.282793 -0.403403 -0.707001 0.0 -0.707212 
0.823557 0.469471 -0.188182 0.0 -1.0 -0.0 
-0.688982 0.446545 0.138425 -0.70711 -1.10859e-05 -0.707104 
-0.4782 0.498036 0.203914 0.0 1.0 0.0 
0.774217 0.14067 -0.227391 0.707114 0.0 0.7071 
0.227572 -0.215229 2.39611e-05 -0.0 -1.0 -0.0 
0.611825 0.469471 -0.446965 0.0 -1.0 -0.0 
-0.840731 0.117144 0.290175 -0.707107 0.0 -0.707107 
-0.873619 -0.0525481 0.363457 0.707053 -0.0 0.70716 
-0.163653 0.498036 0.302304 0.0 1.0 0.0 
-0.211575 0.399453 -0.0093755 0.0 0.0 -1.0 
0.098182 0.498036 -0.214424 0.0 1.0 -0.0 
0.065286 0.469471 0.0444314 0.0 -1.0 -0.0 
-0.596826 -0.307598 -0.0547287 -0.70717 0.0 -0.707043 
-0.218761 0.469471 -0.223173 0.0 -1.0 0.0 
-0.140128 0.498036 -0.168952 0.0 1.0 -0.0 
-0.96353 0.498036 0.332106 0.0 1.0 0.0 
0.144798 0.498036 -0.554424 -0.0 1.0 -0.0 
-0.924412 -0.160635 -0.375857 -0.70716 0.0 0.707054 
0.573684 -0.357302 -0.0672685 -0.707107 0.0 -0.707107 
0.656587 -0.478841 -0.109763 0.707114 -0.0 0.7071 
-0.926064 0.328427 -0.392093 -0.707064 -0.0 -0.70715 
-0.219417 0.498036 -0.282285 -0.0 1.0 -0.0 
0.390945 0.498036 0.542266 0.0 1.0 0.0 
-0.241637 0.498036 0.32562 0.0 1.0 0.0 
-0.0861046 0.070093 -0.0079478 0.0 -0.0 -1.0 
0.498118 0.498036 0.502327 0.0 1.0 0.0 
-0.898559 0.220237 0.388393 0.707053 -0.0 0.70716 
-0.574111 -0.118113 0.0235497 -0.707142 0.0 -0.707072 
0.658877 0.498036 0.51759 0.0 1.0 0.0 
0.528308 -0.114013 0.0198821 -0.707125 -0.0 0.707089 
0.745138 0.498036 0.541116 0.0 1.0 0.0 
-0.48757 0.469471 -0.19908 0.0 -1.0 0.0 
-0.76249 -0.480959 -0.213929 -0.70711 1.12163e-05 0.707104 
0.573268 0.469471 -0.448049 0.0 -1.0 -0.0 
-0.931967 -0.490167 0.381404 -0.707054 -0.0 -0.70716 
-0.925674 0.0432306 0.375112 -0.707054 -0.0 -0.70716 
-0.326153 0.498036 0.207986 0.0 1.0 0.0 
-0.340311 0.469471 -0.490466 0.0 -1.0 -0.0 
-0.752667 -0.259267 -0.217035 -0.707107 0.0 -0.707107 
-0.927895 0.40568 0.377332 -0.707054 -0.0 -0.70716 
-0.219496 -0.18649 0.0191923 -0.0 -0.0 1.0 
0.000156403 0.477872 -0.571315 0.0 0.0 -1.0 
-0.357085 0.498036 -0.135858 0.0 1.0 -0.0 
-0.558759 0.137289 0.0485969 0.70716 0.0 0.707054 
0.776505 0.498036 -0.454807 0.0 1.0 -0.0 
0.545138 0.0241453 0.0367128 -0.707125 -0.0 0.707089 
-0.470358 0.498036 0.431329 0.0 1.0 0.0 
-0.854829 0.469471 0.402041 0.0 -1.0 -0.0 
0.580458 0.498036 0.447013 0.0 1.0 0.0 
0.366547 0.498036 -0.076306 0.0 1.0 -0.0 
0.141311 0.498036 -0.439123 -0.0 1.0 -0.0 
-0.825203 0.469471 -0.525164 0.0 -1.0 -0.0 
0.604205 0.469471 -0.43438 0.0 -1.0 -0.0 
-0.645201 -0.204671 0.135041 0.7071 -0.0 0.707114 
-0.362967 0.469471 0.471781 0.0 -1.0 -0.0 
-0.325935 0.469471 0.15208 0.0 -1.0 -0.0 
-0.0876283 0.469471 0.416738 0.0 -1.0 -0.0 
-0.911431 -0.210966 0.401263 0.707053 -0.0 0.70716 
0.686685 -0.202396 0.17826 -0.7071 -0.0 0.707114 
-0.752667 0.498036 0.533041 0.0 1.0 0.0 
-0.529489 -0.166895 0.019323 0.70716 0.0 0.707054 
-0.999687 0.47339 0.386744 -1.0 -0.0 0.0 
-0.587987 0.258299 -0.0635746 -0.707297 6.18669e-06 -0.706917 
-0.484435 -0.161873 -0.00794775 0.0 0.0 -1.0 
0.360884 0.469471 0.509748 0.0 -1.0 -0.0 
-0.140327 0.116817 0.0191923 -0.0 0.0 1.0 
0.634937 -0.494738 -0.128521 -0.707107 -0.0 -0.707107 
1.0 0.477872 0.0313916 1.0 0.0 0.0 
-0.997947 0.498036 -0.14646 -0.0 1.0 -0.0 
0.0591873 0.469471 0.489406 0.0 -1.0 -0.0 
0.702881 0.498036 0.550095 0.0 1.0 0.0 
-0.0390531 0.469471 0.0470754 0.0 -1.0 -0.0 
-0.729358 0.469471 0.4705 0.0 -1.0 -0.0 
0.831399 -0.530372 0.3137 0.0 -1.0 -0.0 
-0.126567 -0.0854286 0.0112453 -1.0 0.0 -0.0 
0.933344 0.498036 0.266649 0.0 1.0 0.0 
-0.311558 0.469471 0.448425 0.0 -1.0 -0.0 
0.534838 -0.0299957 -0.0284227 -0.707107 -0.0 -0.707107 
0.706363 0.498036 0.193041 0.0 1.0 0.0 
0.60355 0.498036 0.175322 0.0 1.0 0.0 
-0.84677 0.498036 0.305858 0.0 1.0 0.0 
-0.14601 0.469471 0.486686 0.0 -1.0 -0.0 
0.376568 0.498036 -0.258759 0.0 1.0 -0.0 
0.909062 0.204809 0.400637 -0.707001 -0.0 0.707212 
-0.353164 0.498036 -0.306819 -0.0 1.0 -0.0 
0.0785755 -0.0867452 0.0191923 -0.0 -0.0 1.0 
0.844686 0.469471 0.176945 0.0 -1.0 -0.0 
0.660578 0.127877 -0.154163 -0.707107 0.0 -0.707107 
-0.682312 0.469471 -0.320718 0.0 -1.0 0.0 
0.846034 0.479084 -0.571315 0.0 0.0 -1.0 
0.674561 0.498036 0.266649 0.0 1.0 0.0 
0.232584 0.469471 0.187551 0.0 -1.0 -0.0 
-0.984655 0.469471 -0.20733 0.0 -1.0 0.0 
0.806566 0.498036 -0.406347 0.0 1.0 -0.0 
-0.670008 -0.465904 -0.161857 0.707107 -0.0 -0.707107 
-0.88598 0.422979 0.375815 0.707053 -0.0 0.70716 
0.554325 0.197353 0.00550632 0.707089 -0.0 -0.707125 
-0.769009 0.469471 -0.522024 0.0 -1.0 -0.0 
1.0 0.485714 0.329384 1.0 -0.0 0.0 
-0.996203 0.498036 -0.066196 -0.0 1.0 -0.0 
-0.428756 0.469471 -0.111227 0.0 -1.0 0.0 
-0.999687 0.478545 -0.292939 -1.0 -0.0 0.0 
-0.831086 0.498036 0.14902 0.0 1.0 0.0 
0.776505 0.498036 0.282333 0.0 1.0 0.0 
0.195118 0.469471 -0.39262 0.0 -1.0 -0.0 
0.703967 -0.339368 -0.197552 -0.707106 0.0 -0.707107 
-0.627196 0.469471 -0.0627113 0.0 -1.0 0.0 
0.370685 0.469471 0.243234 0.0 -1.0 -0.0 
-0.348553 0.473074 -0.571315 0.0 0.0 -1.0 
-0.862454 0.498036 0.541116 0.0 1.0 0.0 
-0.911971 -0.00712943 -0.363414 -0.70716 0.0 0.707054 
0.196204 0.498036 0.423487 0.0 1.0 0.0 
-0.923517 0.0492201 0.392629 -0.707064 -0.0 0.70715 
0.0679046 0.469471 -0.30774 0.0 -1.0 -0.0 
-0.109416 0.469471 -0.47792 0.0 -1.0 -0.0 
0.800554 -0.525489 0.292141 -0.707123 -0.0 0.707091 
-0.564461 0.469471 -0.34502 0.0 -1.0 0.0 
0.0864174 0.469471 -0.094079 0.0 -1.0 0.0 
-0.738787 0.156354 0.18823 -0.707132 0.0 -0.707082 
-0.530988 -0.528992 -0.0195729 0.707062 -0.0 0.707152 
-0.710229 -0.502459 0.159671 -0.70711 1.10859e-05 -0.707104 
-0.308073 0.469471 0.257993 0.0 -1.0 -0.0 
0.0864174 0.469471 -0.38423 0.0 -1.0 -0.0 
0.566516 0.498036 -0.193046 0.0 1.0 -0.0 
0.0707336 0.469471 0.423487 0.0 -1.0 -0.0 
0.748085 -0.244203 -0.20126 0.707082 -0.0 0.707132 
-0.684704 0.498036 -0.0570693 0.0 1.0 -0.0 
-0.548777 0.187722 0.0386141 0.70716 0.0 0.707054 
-0.435721 0.469471 -0.254022 0.0 -1.0 0.0 
-0.870296 0.462188 0.360133 0.707053 -0.0 0.70716 
-0.671856 0.469471 -0.451273 0.0 -1.0 0.0 
0.627509 0.469471 0.125495 0.0 -1.0 -0.0 
0.740565 -0.314161 -0.227391 0.706885 -0.0 -0.707328 
0.588054 0.0387253 0.0392335 0.707089 0.0 -0.707125 
0.482435 0.498036 0.53831 0.0 1.0 0.0 
0.573269 0.469471 0.536602 0.0 -1.0 -0.0 
-0.13795 0.498036 -0.154088 0.0 1.0 -0.0 
0.38441 0.498036 0.141178 0.0 1.0 0.0 
0.504003 0.469471 -0.502683 0.0 -1.0 -0.0 
-0.595829 0.498036 0.0941269 0.0 1.0 0.0 
-0.537992 -0.490545 -0.0298372 0.707142 -0.0 -0.707072 
0.300112 0.469471 0.240395 0.0 -1.0 -0.0 
0.0792271 0.469471 0.113758 0.0 -1.0 -0.0 
0.903065 0.469471 0.093303 0.0 -1.0 -0.0 
0.929229 0.156254 -0.382421 0.707213 0.0 0.707001 
-0.594638 -0.235742 0.0549173 -0.706848 0.0 0.707365 
0.917877 0.469471 0.367811 0.0 -1.0 -0.0 
0.633499 0.398052 -0.116125 -0.0 -1.0 0.0 
-0.4782 0.454347 -0.0093755 0.0 0.0 -1.0 
0.897911 0.20714 0.389489 -0.707001 -0.0 0.707212 
0.266781 0.469471 0.196072 0.0 -1.0 -0.0 
-0.38802 0.498036 -0.0561128 0.0 1.0 -0.0 
-0.63607 -0.171072 0.0855112 -0.707107 0.0 -0.707107 
0.559548 0.498036 -0.366595 0.0 1.0 -0.0 
0.91679 -0.32402 -0.369978 0.707213 -0.0 0.707001 
0.760822 0.469471 0.282333 0.0 -1.0 -0.0 
-0.289994 0.498036 0.282333 0.0 1.0 0.0 
0.746524 -0.00918174 -0.199699 0.707082 -0.0 0.707132 
0.915359 -0.212216 -0.368546 0.707213 -0.0 0.707001 
0.39661 0.498036 0.313838 0.0 1.0 0.0 
0.073551 -0.183656 0.0191922 -0.0 0.0 1.0 
-0.909505 0.469471 -0.109763 0.0 -1.0 0.0 
0.559006 -0.0673062 0.0505821 -0.707125 -0.0 0.707089 
0.563466 0.498036 -0.34446 0.0 1.0 -0.0 
0.1888 0.498036 -0.318848 0.0 1.0 -0.0 
0.71479 -0.489519 0.206374 -0.707107 -0.000125804 0.707107 
-0.287597 0.469471 0.134531 0.0 -1.0 -0.0 
-0.793836 0.469471 0.358386 0.0 -1.0 -0.0 
-0.766905 0.139621 -0.218344 -0.707107 -0.0 0.707107 
-0.728903 -0.133797 -0.18034 -0.707132 0.0 0.707082 
0.131289 0.498036 0.276011 0.0 1.0 0.0 
-0.894663 0.273103 0.344105 -0.707054 -0.0 -0.70716 
-0.268868 0.469471 -0.477606 0.0 -1.0 -0.0 
0.097505 -0.215229 0.0138429 0.0 -1.0 0.0 
-0.183256 0.498036 0.0166861 0.0 1.0 0.0 
-0.579982 0.287062 -0.0314215 -0.707054 0.0 0.70716 
0.235416 0.498036 -0.339028 0.0 1.0 -0.0 
-0.983785 0.469471 -0.485749 0.0 -1.0 0.0 
0.735006 -0.102429 -0.188182 0.707082 -0.0 0.707132 
-0.64114 0.498036 0.172559 0.0 1.0 0.0 
0.729454 0.469471 0.533274 0.0 -1.0 -0.0 
-0.688248 0.129886 0.13769 -0.707107 0.0 -0.707107 
-0.967669 0.469471 0.165662 0.0 -1.0 -0.0 
0.572616 0.124986 -0.0662003 -0.707107 0.0 -0.707107 
0.800031 0.469471 -0.5097 0.0 -1.0 -0.0 
-0.0129143 0.498036 0.262129 0.0 1.0 0.0 
0.266781 0.498036 -0.533226 -0.0 1.0 -0.0 
-0.140998 0.498036 -0.117605 0.0 1.0 -0.0 
0.196204 0.498036 -0.101921 0.0 1.0 -0.0 
0.556932 0.234773 0.0485077 -0.707125 0.0 0.707089 
0.454987 0.498036 -0.533226 -0.0 1.0 -0.0 
0.87947 -0.0236371 -0.373064 -0.707001 0.0 -0.707212 
0.400094 -0.196532 -0.00794786 0.0 -0.0 -1.0 
-0.601769 -0.166142 0.0574878 -0.0 1.0 -0.0 
-0.408061 0.498036 -0.0691052 0.0 1.0 -0.0 
-0.737857 0.498036 -0.264257 -0.0 1.0 -0.0 
-0.463172 0.469471 0.1212 0.0 -1.0 -0.0 
-0.564896 0.498036 0.270058 0.0 1.0 0.0 
0.0236821 0.498036 0.415645 0.0 1.0 0.0 
0.7007 0.498036 0.0999645 0.0 1.0 0.0 
-0.0861046 0.498036 0.415645 0.0 1.0 0.0 
-0.556619 0.313192 -0.0484661 0.707142 -0.0 -0.707072 
0.476992 0.469471 -0.3495 0.0 -1.0 -0.0 
0.636007 0.469471 0.215331 0.0 -1.0 -0.0 
-0.999687 0.477872 0.0941269 -1.0 0.0 0.0 
-0.736111 0.498036 0.23434 0.0 1.0 0.0 
-0.0426306 0.474111 -0.571315 0.0 0.0 -1.0 
-0.8838 0.498036 -0.480944 -0.0 1.0 -0.0 
-0.90142 -0.196532 -0.352862 -0.70716 -0.0 0.707054 
-0.00702956 0.469471 -0.262484 0.0 -1.0 0.0 
-0.686925 -0.186652 0.136366 -0.707107 -0.0 -0.707107 
-0.901663 0.47003 -0.571315 0.0 0.0 -1.0 
0.434078 0.474959 -0.571315 0.0 0.0 -1.0 
0.76355 0.437933 0.21473 0.70711 1.40204e-05 -0.707104 
0.75298 0.498036 -0.439123 0.0 1.0 -0.0 
-0.209617 0.469471 -0.0634172 0.0 -1.0 0.0 
-0.595829 -0.243583 -0.0557267 -0.70717 0.0 -0.707043 
-0.208091 0.498036 0.211149 0.0 1.0 0.0 
0.0509139 0.469471 -0.390067 0.0 -1.0 -0.0 
-0.360571 0.498036 -0.0862371 0.0 1.0 -0.0 
0.477626 0.364044 -0.00752703 -1.0 0.0 0.0 
0.602463 0.469471 -0.51384 0.0 -1.0 -0.0 
-0.360571 0.498036 0.117653 0.0 1.0 0.0 
0.099268 0.469471 0.392845 0.0 -1.0 -0.0 
0.109943 0.498036 0.282333 0.0 1.0 0.0 
-0.580145 -0.408264 0.0694116 -0.707528 0.0 0.706685 
-0.924837 -0.179237 0.391309 -0.707064 -0.0 0.70715 
-0.878137 0.498036 -0.14113 -0.0 1.0 -0.0 
0.658877 0.498036 -0.431281 0.0 1.0 -0.0 
0.52804 -0.468157 0.0196144 -0.707125 -0.0 0.707089 
0.542444 0.148679 0.0340193 -0.707125 0.0 0.707089 
0.73207 0.498036 0.496236 0.0 1.0 0.0 
-0.574045 0.498036 0.553566 0.0 1.0 0.0 
-0.901663 -0.384738 -0.393507 0.707053 0.0 -0.70716 
0.454987 0.454347 0.0191923 -0.0 0.0 1.0 
-0.807996 0.498036 0.483619 0.0 1.0 0.0 
-0.999687 0.492883 0.0161219 -1.0 0.0 0.0 
-0.999687 0.495572 -0.337958 -1.0 0.0 0.0 
0.972338 0.469471 0.014172 0.0 -1.0 -0.0 
0.00538531 0.498036 0.250762 0.0 1.0 0.0 
-0.326592 0.498036 -0.0319288 0.0 1.0 -0.0 
-0.999687 0.492883 0.0161219 -1.0 0.0 0.0 
-0.930119 0.0152705 -0.381565 -0.70716 0.0 0.707054 
0.870361 -0.212216 0.321542 0.707114 -0.0 -0.7071 
-0.656388 0.498036 -0.170774 -0.0 1.0 -0.0 
-0.6614 0.469471 -0.235628 0.0 -1.0 0.0 
-0.658128 0.498036 -0.230117 -0.0 1.0 -0.0 
0.261773 0.469471 0.453511 0.0 -1.0 -0.0 
-0.0127175 -0.215229 0.0123244 0.0 -1.0 0.0 
-0.575101 0.173476 -0.066949 0.707142 -0.0 -0.707072 
0.966888 0.498036 -0.372241 0.0 1.0 -0.0 
-0.585254 -0.206777 0.034694 -0.707142 0.0 -0.707072 
0.0622404 0.469471 0.126418 0.0 -1.0 -0.0 
-0.756996 -0.373549 -0.208435 -0.707132 0.0 0.707082 
-0.672285 0.469471 -0.440796 0.0 -1.0 0.0 
-0.0420646 0.48771 0.571363 -0.0 0.0 1.0 
-0.873271 -0.512935 0.363109 0.707053 -0.0 0.70716 
-0.321362 0.498036 -0.250917 -0.0 1.0 -0.0 
0.407936 0.469471 0.0470754 0.0 -1.0 -0.0 
-0.486042 0.498036 -0.196024 -0.0 1.0 -0.0 
-0.67168 -0.471648 -0.163529 0.707107 -0.0 -0.707107 
0.442573 0.469471 0.225191 0.0 -1.0 -0.0 
0.658877 0.498036 0.329384 0.0 1.0 0.0 
-0.501726 0.498036 0.501906 0.0 1.0 0.0 
-0.783794 0.101461 -0.235233 -0.707107 0.0 0.707107 
0.589554 -0.303826 0.0407334 0.707089 0.0 -0.707125 
-0.656546 -0.166142 -0.121285 0.0 1.0 0.0 
-0.0155274 0.498036 -0.399913 -0.0 1.0 -0.0 
0.525564 0.498036 -0.203866 0.0 1.0 -0.0 
-0.749018 0.367946 0.218688 -0.707107 0.0 0.707106 
-0.873345 -0.530372 0.332563 -0.0 -1.0 -0.0 
-0.200899 0.469471 -0.447317 0.0 -1.0 -0.0 
0.800031 0.498036 0.117653 0.0 1.0 0.0 
-0.738341 0.249535 0.187783 -0.707132 0.0 -0.707082 
-0.870746 -0.250298 -0.362594 0.707053 0.0 -0.70716 
-0.796227 0.483022 -0.571315 0.0 -0.0 -1.0 
-0.0590957 0.498036 -0.562547 -0.0 1.0 -0.0 
-0.327962 0.0439116 -0.00755552 -1.0 0.0 0.0 
0.808525 0.469471 -0.442838 0.0 -1.0 -0.0 
-0.566546 -0.327332 -0.0179879 -0.707054 -0.0 0.70716 
0.0707336 0.469471 -0.54891 0.0 -1.0 -0.0 
-0.512618 0.498036 0.519324 0.0 1.0 0.0 
-0.6651 0.498036 0.556669 0.0 1.0 0.0 
-0.711932 0.469471 0.556942 0.0 -1.0 -0.0 
0.0983957 0.469471 -0.259826 0.0 -1.0 -0.0 
0.815715 0.469471 0.486222 0.0 -1.0 -0.0 
-0.770908 0.0909598 -0.223399 -0.0 -1.0 -0.0 
-0.613318 0.430821 0.0627592 -0.707107 0.0 -0.707107 
-0.540935 0.211247 -0.0327807 0.707142 -0.0 -0.707072 
0.318409 0.469471 0.561346 0.0 -1.0 -0.0 
0.920428 -0.426333 -0.373616 0.707213 -0.0 0.707001 
0.0550498 0.469471 0.172546 0.0 -1.0 -0.0 
0.15569 0.498036 -0.512285 -0.0 1.0 -0.0 
-0.610643 0.498036 0.546189 0.0 1.0 0.0 
-0.387367 0.469471 -0.150961 0.0 -1.0 0.0 
-0.434342 -0.181447 -0.00794781 0.0 0.0 -1.0 
0.454987 -0.215229 0.00786587 -0.0 -1.0 -0.0 
-0.409368 0.498036 -0.355711 -0.0 1.0 -0.0 
0.674561 0.477872 0.571363 -0.0 0.0 1.0 
-0.337046 0.469471 -0.0705532 0.0 -1.0 0.0 
0.583506 0.0644922 0.0643086 0.707534 -0.0 0.70668 
-0.90142 0.062251 -0.352862 -0.70716 -0.0 0.707054 
0.321675 0.498036 0.258807 0.0 1.0 0.0 
0.891435 0.389639 0.342617 0.707107 -0.0 -0.707107 
-0.240947 -0.167311 -0.00794777 0.0 -0.0 -1.0 
0.852089 0.45939 -0.305265 0.70711 1.38248e-05 0.707104 
0.956001 0.498036 -0.025461 0.0 1.0 -0.0 
-0.296531 0.498036 0.0385081 0.0 1.0 0.0 
0.580609 0.0395439 -0.0337888 0.707001 -0.0 0.707213 
-0.467089 0.469471 0.0750637 0.0 -1.0 -0.0 
0.864824 -0.502878 -0.358422 -0.707001 0.0 -0.707212 
0.729011 -0.267328 0.180192 0.707082 0.0 -0.707132 
-0.156682 0.101461 0.0191923 0.0 0.0 1.0 
0.528228 -0.220257 0.0198018 -0.707125 -0.0 0.707089 
-0.0660654 0.498036 0.0951909 0.0 1.0 0.0 
0.117785 0.498036 -0.133289 0.0 1.0 -0.0 
-0.853743 0.498036 -0.0135732 0.0 1.0 -0.0 
-0.0089908 0.498036 -0.157499 0.0 1.0 -0.0 
-0.872098 0.14067 0.321542 -0.707107 0.0 -0.707107 
-0.377129 0.498036 -0.54289 -0.0 1.0 -0.0 
0.583234 0.363522 0.0645859 0.707107 -4.15586e-05 0.707106 
-0.0227173 0.469471 0.415787 0.0 -1.0 -0.0 
0.0158414 0.498036 0.259951 0.0 1.0 0.0 
0.298149 0.469471 0.494064 0.0 -1.0 -0.0 
-0.75538 -0.214282 0.204824 -0.707132 0.0 -0.707082 
0.655826 0.498036 -0.31792 0.0 1.0 -0.0 
0.58557 -0.398913 0.0367498 0.707089 -0.0 -0.707125 
-0.949588 0.498036 0.115655 0.0 1.0 0.0 
-0.341401 0.498036 -0.127301 0.0 1.0 -0.0 
-0.696469 0.498036 -0.0742124 0.0 1.0 -0.0 
-0.728926 0.469471 0.227734 0.0 -1.0 -0.0 
0.00904446 0.110065 0.0191923 -0.0 -0.0 1.0 
-0.721735 0.498036 0.530685 0.0 1.0 0.0 
-0.909505 0.469471 -0.0235018 0.0 -1.0 0.0 
-0.329204 0.469471 -0.109763 0.0 -1.0 0.0 
-0.867681 0.498036 0.239486 0.0 1.0 0.0 
-0.0861046 0.454347 -0.0093755 0.0 -0.0 -1.0 
0.926215 0.111848 -0.379406 0.707213 0.0 0.707001 
-0.920969 0.329393 0.370407 -0.707054 -0.0 -0.70716 
1.0 0.496692 -0.342809 1.0 -0.0 0.0 
0.715576 -0.487771 -0.16875 0.70711 -1.38248e-05 0.707104 
0.552138 0.498036 -0.530613 -0.0 1.0 -0.0 
0.965586 0.498036 0.0653647 0.0 1.0 0.0 
-0.999687 0.481232 0.0346981 -1.0 0.0 0.0 
0.596141 0.498036 0.272414 0.0 1.0 0.0 
-0.535195 -0.295155 0.0133568 0.707018 -0.0 -0.707196 
0.430916 0.398052 -0.00585339 -0.0 -1.0 0.0 
-0.556619 0.469471 0.329384 0.0 -1.0 -0.0 
0.574819 -0.35403 -0.0280008 0.707001 -0.0 0.707213 
-0.744586 -0.447473 -0.196024 -0.707132 0.0 0.707082 
-0.35273 0.469471 -0.0235018 0.0 -1.0 0.0 
0.90278 0.292167 -0.396367 -0.707001 0.0 -0.707212 
-0.681218 0.498036 0.264291 0.0 1.0 0.0 
-0.938259 0.498036 0.547179 0.0 1.0 0.0 
0.90957 0.273983 0.360752 0.707107 -0.0 -0.707107 
-0.09569 0.498036 0.380622 0.0 1.0 0.0 
-0.114107 -0.0158824 -0.00794783 0.0 0.0 -1.0 
0.91766 0.469471 -0.470491 0.0 -1.0 -0.0 
-0.147313 0.469471 -0.081147 0.0 -1.0 0.0 
-0.486042 0.352402 -0.00794779 0.0 -0.0 -1.0 
0.848171 0.469471 -0.519534 0.0 -1.0 -0.0 
-0.791876 0.469471 0.47838 0.0 -1.0 -0.0 
-0.69712 0.469471 0.526557 0.0 -1.0 -0.0 
-0.509568 -0.141639 0.0191923 -0.0 -0.0 1.0 
-0.587987 -0.125955 -0.0635693 -0.707589 -4.7111e-05 -0.706625 
0.118873 0.469471 0.419094 0.0 -1.0 -0.0 
-0.31352 0.469471 0.454855 0.0 -1.0 -0.0 
0.883718 0.0940465 0.3753 -0.707001 -0.0 0.707212 
0.912649 0.469471 -0.343723 0.0 -1.0 -0.0 
-0.331603 0.469471 -0.219854 0.0 -1.0 0.0 
0.723717 0.148698 0.174899 0.707082 0.0 -0.707132 
0.960354 0.498036 -0.0801743 0.0 1.0 -0.0 
0.0158402 0.498036 -0.258759 0.0 1.0 -0.0 
0.909818 0.469471 0.35291 0.0 -1.0 -0.0 
0.886044 0.352402 0.337226 0.707107 0.0 -0.707107 
-0.656602 0.469471 -0.432239 0.0 -1.0 0.0 
-0.658564 0.117144 0.148404 0.7071 -0.0 0.707114 
-0.747712 -0.408179 0.219995 -0.707107 -0.0 0.707107 
0.367204 0.469471 -0.162427 0.0 -1.0 0.0 
0.847083 -0.510208 -0.340682 -0.707126 0.0 -0.707088 
-0.916041 0.498036 0.473126 0.0 1.0 0.0 
-0.700678 -0.19347 0.190517 0.7071 -0.0 0.707114 
0.722482 -0.530373 -0.181188 -0.0 -1.0 -0.0 
-0.744825 0.469471 0.117653 0.0 -1.0 -0.0 
-0.3841 0.498036 -0.469269 -0.0 1.0 -0.0 
-0.266469 0.469471 -0.407755 0.0 -1.0 -0.0 
0.838994 -0.18869 0.290175 0.707114 0.0 -0.7071 
0.541248 -0.235742 -0.0348327 -0.707107 -0.0 -0.707107 
-0.438991 0.485714 -0.571315 0.0 -0.0 -1.0 
-0.564461 0.498036 -0.470491 -0.0 1.0 -0.0 
-0.10963 0.498036 0.196072 0.0 1.0 0.0 
-0.156682 0.469471 0.509748 0.0 -1.0 -0.0 
-0.106384 0.0789538 -0.00794783 0.0 -0.0 -1.0 
0.341501 0.469471 -0.29585 0.0 -1.0 -0.0 
-0.0939481 0.498036 -0.197421 0.0 1.0 -0.0 
0.0864174 0.498036 -0.305811 0.0 1.0 -0.0 
0.558819 0.263525 -0.0524029 -0.707107 -0.0 -0.707107 
0.91766 0.469471 0.203914 0.0 -1.0 -0.0 
-0.361009 0.498036 0.121483 0.0 1.0 0.0 
-0.736983 -0.314161 0.226824 0.707132 -0.0 0.707082 
0.572616 0.368086 0.0641924 -0.707125 -0.0 0.707089 
0.733055 -0.0633852 0.184236 0.707082 0.0 -0.707132 
-0.752667 0.498036 -0.305811 -0.0 1.0 -0.0 
-0.989454 0.469471 -0.510239 0.0 -1.0 0.0 
-0.823244 0.109303 -0.315089 0.707143 -0.0 -0.707071 
0.382765 0.474336 -0.571315 0.0 0.0 -1.0 
0.980395 0.469471 0.266649 0.0 -1.0 -0.0 
0.21973 0.469471 0.494064 0.0 -1.0 -0.0 
-0.459467 0.498036 0.173229 0.0 1.0 0.0 
-0.151453 0.498036 -0.322764 -0.0 1.0 -0.0 
0.914441 0.291371 0.399961 0.707106 0.0 0.707108 
-0.172366 0.498036 0.5568 0.0 1.0 0.0 
-0.86267 -0.216135 0.321745 0.0 -1.0 0.0 
-0.709102 0.498036 0.0998427 0.0 1.0 0.0 
-0.556619 -0.314161 0.0464571 0.70716 -0.0 0.707054 
0.786747 0.469471 -0.317891 0.0 -1.0 -0.0 
-0.35273 0.469471 -0.517542 0.0 -1.0 -0.0 
-0.563375 0.469471 0.141595 0.0 -1.0 -0.0 
-0.545491 -0.522429 -0.0373373 0.707142 0.0 -0.707072 
0.989112 0.498036 0.0994635 0.0 1.0 0.0 
0.624461 0.498036 0.457391 0.0 1.0 0.0 
-0.587747 0.148512 -0.0391856 -0.707054 0.0 0.70716 
-0.105273 0.498036 0.386203 0.0 1.0 0.0 
-0.705616 -0.530372 -0.164656 0.0 -1.0 -0.0 
-0.656228 -0.166142 -0.130326 0.0 1.0 -0.0 
-0.577801 0.378478 0.0272401 -0.707142 0.0 -0.707072 
-0.298706 0.498036 -0.296339 -0.0 1.0 -0.0 
-0.909505 0.124986 -0.401347 0.707053 -0.0 -0.70716 
-0.63003 0.469471 0.308408 0.0 -1.0 -0.0 
-0.401744 0.469471 -0.200817 0.0 -1.0 0.0 
-0.10963 0.0622511 -0.0079478 0.0 -0.0 -1.0 
0.728641 -0.33682 -0.181817 0.707082 -0.0 0.707132 
-0.748602 0.206019 0.198045 -0.707132 0.0 -0.707082 
0.060497 0.469471 0.459091 0.0 -1.0 -0.0 
-0.0795679 0.498036 -0.507073 -0.0 1.0 -0.0 
0.293578 0.469471 -0.403777 0.0 -1.0 -0.0 
-0.0261993 0.469471 0.0463538 0.0 -1.0 -0.0 
0.800468 0.498036 0.36109 0.0 1.0 0.0 
-0.636244 0.41855 0.0856854 -0.707107 0.0 -0.707107 
0.593852 0.124986 -0.0470275 0.707001 -0.0 0.707213 
0.87845 0.430821 0.370034 -0.707001 -0.0 0.707212 
-0.275618 0.498036 0.469798 0.0 1.0 0.0 
0.522513 0.498036 -0.245182 0.0 1.0 -0.0 
0.612697 0.498036 0.470887 0.0 1.0 0.0 
-0.825047 0.117144 0.274491 -0.707107 0.0 -0.707107 
0.784347 0.469471 -0.321494 0.0 -1.0 -0.0 
-0.493884 0.498036 -0.172498 -0.0 1.0 -0.0 
0.580211 -0.0945871 0.0313916 0.707089 0.0 -0.707125 
-0.627196 0.469471 0.541116 0.0 -1.0 -0.0 
-0.059964 0.498036 0.0406431 0.0 1.0 0.0 
-0.548777 -0.02401 0.0386141 0.70716 0.0 0.707054 
-0.172366 0.498036 0.203914 0.0 1.0 0.0 
0.84822 0.40335 0.299401 0.707114 -0.0 -0.7071 
0.564774 0.109303 0.05635 -0.707125 -0.0 0.707089 
-0.729141 0.498036 -0.282285 -0.0 1.0 -0.0 
0.38441 0.469471 -0.439123 0.0 -1.0 -0.0 
0.826656 0.433758 -0.320251 -0.70715 0.0 -0.707064 
0.776505 0.498036 0.156862 0.0 1.0 0.0 
-0.395209 0.469471 -0.146682 0.0 -1.0 0.0 
-0.359264 0.498036 0.459188 0.0 1.0 0.0 
0.102101 -0.0553776 0.0191923 -0.0 -0.0 1.0 
-0.305678 0.498036 0.51759 0.0 1.0 0.0 
-0.999687 0.481682 0.469582 -1.0 -0.0 0.0 
-0.748352 -0.159135 0.197796 -0.707132 0.0 -0.707082 
-0.61511 0.398052 0.07438 -0.0 -1.0 0.0 
0.172678 0.415137 -0.0093755 0.0 0.0 -1.0 
-0.392809 0.498036 -0.00148304 0.0 1.0 -0.0 
-0.669325 -0.192207 0.118766 -0.707107 -0.0 -0.707107 
0.530048 -0.458835 -0.0187726 -0.707152 -0.0 0.707062 
0.65757 -0.487131 0.108751 0.707114 -0.0 -0.7071 
0.73755 -0.291177 -0.230405 0.706885 -0.0 -0.707328 
-0.572022 -0.069862 0.0214612 -0.707142 0.0 -0.707072 
0.517722 0.469471 -0.14113 0.0 -1.0 -0.0 
-0.548777 0.469471 -0.34502 0.0 -1.0 0.0 
-0.163359 0.0933217 0.0191923 0.0 0.0 1.0 
-0.547256 0.469471 0.0989972 0.0 -1.0 -0.0 
-0.857325 -0.193893 -0.349173 0.707143 0.0 -0.707071 
0.133469 0.498036 0.109811 0.0 1.0 0.0 
0.803071 -0.188248 0.254251 0.707114 0.0 -0.7071 
0.556324 -0.436405 0.00750496 0.707089 -0.0 -0.707125 
-0.00310868 0.469471 -0.0837006 0.0 -1.0 0.0 
0.561941 -0.159226 0.0535166 -0.707125 -0.0 0.707089 
-0.927826 0.0857878 0.388321 -0.707064 -0.0 0.70715 
-0.384097 0.469471 0.533274 0.0 -1.0 -0.0 
-0.315697 0.498036 -0.541591 -0.0 1.0 -0.0 
0.977998 0.469471 0.104208 0.0 -1.0 -0.0 
0.494197 0.498036 0.164704 0.0 1.0 0.0 
0.21363 0.498036 0.318436 0.0 1.0 0.0 
-0.909505 0.242615 -0.401347 0.707053 -0.0 -0.70716 
0.0798838 0.498036 0.00639295 0.0 1.0 0.0 
-0.987489 0.498036 -0.3613 -0.0 1.0 -0.0 
-0.697774 0.422979 -0.189615 0.707107 -0.000124944 -0.707107 
-0.0861046 -0.215229 -0.00781795 -0.0 -1.0 -0.0 
0.901977 0.498036 0.0900642 0.0 1.0 0.0 
0.143273 0.469471 0.350388 0.0 -1.0 -0.0 
-0.736983 0.469471 -0.14113 0.0 -1.0 0.0 
0.622086 -0.523304 -0.0752602 0.70711 -1.38248e-05 0.707104 
0.901976 0.469471 0.51759 0.0 -1.0 -0.0 
-0.572303 0.469471 -0.227391 0.0 -1.0 0.0 
-0.0813115 0.498036 0.41851 0.0 1.0 0.0 
0.381359 0.498036 -0.168165 0.0 1.0 -0.0 
-0.906074 -0.244005 0.355514 -0.707054 0.0 -0.70716 
-0.242943 0.469471 0.454855 0.0 -1.0 -0.0 
-0.580365 0.469471 -0.180291 0.0 -1.0 0.0 
0.823557 0.469471 0.0941269 0.0 -1.0 -0.0 
0.316884 0.498036 -0.133563 0.0 1.0 -0.0 
-0.788394 0.498036 -0.0371412 0.0 1.0 -0.0 
-0.628504 -0.530373 0.082089 -0.0 -1.0 0.0 
0.179651 0.498036 -0.112121 0.0 1.0 -0.0 
-0.341837 0.498036 -0.348678 -0.0 1.0 -0.0 
0.659313 0.498036 0.0763535 0.0 1.0 0.0 
-0.776193 0.498036 -0.352862 -0.0 1.0 -0.0 
0.12127 0.498036 0.377645 0.0 1.0 0.0 
-0.627196 0.0936187 -0.119046 0.707107 -0.0 -0.707107 
-0.795299 -0.20015 0.244743 -0.707107 0.0 -0.707107 
0.666719 -0.510208 -0.160308 -0.707126 0.0 -0.707088 
-0.258627 -0.212216 -0.0079478 0.0 0.0 -1.0 
-0.736973 -0.359189 -0.22881 0.706981 -0.0 -0.707233 
-0.572303 -0.149481 0.0621434 0.70716 -0.0 0.707054 
0.337359 0.469471 0.51759 0.0 -1.0 -0.0 
0.517722 0.498036 -0.045389 0.0 1.0 -0.0 
-0.538714 -0.502344 -0.0118487 0.707062 -0.0 0.707152 
-0.572508 -0.508535 0.0219471 -0.707142 0.0 -0.707072 
-0.742633 -0.403775 0.225074 -0.707107 -0.0 0.707107 
-0.282151 0.498036 -0.24884 -0.0 1.0 -0.0 
-0.999687 0.485714 -0.454807 -1.0 0.0 0.0 
-0.581011 0.375927 -0.0705532 -0.707238 0.0 -0.706976 
0.901976 0.498036 0.329384 0.0 1.0 0.0 
0.921861 0.400044 -0.394551 0.707106 -0.0 -0.707108 
0.551017 -0.290765 0.00219819 0.707089 -0.0 -0.707125 
-0.894258 0.498036 0.0815656 0.0 1.0 0.0 
-0.592876 0.0478621 0.0566804 -0.706872 2.34487e-05 0.707341 
0.300112 0.469471 -0.105805 0.0 -1.0 0.0 
0.172678 0.498036 -0.0548694 0.0 1.0 -0.0 
0.69155 0.498036 -0.183544 0.0 1.0 -0.0 
0.141311 0.477872 -0.571315 0.0 0.0 -1.0 
0.00872839 -0.165237 -0.0014687 -0.0 1.0 0.0 
-0.0773909 0.498036 0.284652 0.0 1.0 0.0 
-0.857007 0.469471 0.304685 0.0 -1.0 -0.0 
-0.839366 -0.530373 -0.309918 0.0 -1.0 -0.0 
0.363279 0.469471 0.228042 0.0 -1.0 -0.0 
0.619667 -0.463157 0.111243 -0.7071 0.0 0.707114 
0.525564 0.273983 0.0191923 -0.0 0.0 1.0 
0.0548308 0.469471 0.511737 0.0 -1.0 -0.0 
0.808309 0.498036 -0.139606 0.0 1.0 -0.0 
0.823557 0.498036 -0.407755 0.0 1.0 -0.0 
0.637092 0.498036 -0.519265 -0.0 1.0 -0.0 
0.960571 0.469471 -0.155552 0.0 -1.0 -0.0 
-0.352729 0.498036 -0.152898 0.0 1.0 -0.0 
-0.525252 0.469471 -0.329336 0.0 -1.0 0.0 
-0.342711 0.498036 -0.00390041 0.0 1.0 -0.0 
-0.0192281 0.469471 -0.126298 0.0 -1.0 0.0 
-0.691241 0.498036 -0.00607034 0.0 1.0 -0.0 
1.0 0.485714 -0.109763 1.0 -0.0 0.0 
-0.943935 0.493102 0.571363 -0.0 -0.0 1.0 
-0.735467 -0.0306158 -0.186904 -0.707132 0.0 0.707082 
0.491146 0.498036 -0.564637 -0.0 1.0 -0.0 
0.894134 0.297508 0.385714 -0.707001 -0.0 0.707212 
0.813754 0.469471 0.52079 0.0 -1.0 -0.0 
-0.170194 0.492657 0.571363 -0.0 0.0 1.0 
0.755372 -0.352583 0.210598 0.706886 -0.0 0.707328 
0.566302 0.365062 0.0578782 -0.707125 -0.0 0.707089 
0.0158402 0.469471 0.274491 0.0 -1.0 -0.0 
0.859938 0.469471 0.494054 0.0 -1.0 -0.0 
0.0829335 0.498036 -0.021505 0.0 1.0 -0.0 
1.0 0.485714 -0.0862371 1.0 -0.0 0.0 
0.58526 -0.522984 0.0364398 0.707089 -0.0 -0.707125 
-0.305678 0.498036 0.0470754 0.0 1.0 0.0 
-0.68209 0.469471 0.564641 0.0 -1.0 -0.0 
-0.758986 0.469471 0.532636 0.0 -1.0 -0.0 
0.862769 0.498036 0.570274 0.0 1.0 0.0 
0.615593 0.106759 -0.0687677 0.707114 -0.0 0.7071 
0.365243 0.498036 -0.0494777 0.0 1.0 -0.0 
-0.823244 0.469471 0.0157078 0.0 -1.0 -0.0 
-0.138821 0.498036 0.117653 0.0 1.0 0.0 
-0.887972 -0.0559223 0.337416 -0.707054 0.0 -0.70716 
-0.896053 -0.152197 0.385887 0.707053 -0.0 0.70716 
-0.838928 0.469471 -0.188182 0.0 -1.0 0.0 
0.601695 -0.196532 -0.0548694 0.707114 -0.0 0.7071 
-0.0573491 0.498036 -0.532569 -0.0 1.0 -0.0 
0.533406 -0.133797 0.0249808 -0.707125 0.0 0.707089 
-0.407623 0.469471 0.156862 0.0 -1.0 -0.0 
0.612264 0.498036 -0.465983 -0.0 1.0 -0.0 
0.298149 0.498036 0.164704 0.0 1.0 0.0 
-0.649853 0.498036 0.569855 0.0 1.0 0.0 
-0.027498 0.0930533 0.00750901 0.0 -1.0 0.0 
0.562536 -0.00611668 -0.0157208 0.707001 -0.0 0.707213 
-0.999687 0.491763 -0.0819575 -1.0 -0.0 0.0 
-0.831304 0.469471 0.235329 0.0 -1.0 -0.0 
-0.171059 0.498036 0.549048 0.0 1.0 0.0 
0.525517 -0.194092 0.0191923 -0.0 0.0 1.0 
0.878276 -0.084191 0.36986 -0.707001 -0.0 0.707212 
-0.926012 0.347894 0.37545 -0.707054 -0.0 -0.70716 
-0.368634 0.469471 -0.082968 0.0 -1.0 0.0 
-0.754469 0.0909598 -0.243096 0.0 -1.0 -0.0 
-0.744825 -0.282793 -0.224877 -0.707107 0.0 -0.707107 
-0.743267 -0.0527834 -0.226435 -0.707107 -0.0 -0.707107 
0.243256 0.498036 0.376436 0.0 1.0 0.0 
-0.893821 -0.314161 0.383656 0.707053 -0.0 0.70716 
-0.100644 -0.187205 -0.00794785 0.0 0.0 -1.0 
-0.68209 0.454347 -0.173936 0.707107 -0.000124944 -0.707107 
-0.752667 0.469471 0.117653 0.0 -1.0 -0.0 
0.893123 0.323203 -0.346304 0.707213 0.0 0.707001 
0.5883 -0.322003 0.0595132 0.706869 9.69729e-06 0.707344 
0.469149 0.469471 -0.0146657 0.0 -1.0 0.0 
-0.70987 -0.458953 0.176766 0.0 1.0 0.0 
-0.754463 0.0041935 -0.205902 -0.707132 0.0 0.707082 
0.779993 -0.530372 0.257963 0.0 -1.0 -0.0 
0.571308 0.498036 -0.411559 0.0 1.0 -0.0 
0.899679 0.203405 -0.352862 0.707213 0.0 0.707001 
-0.764432 0.498036 0.149264 0.0 1.0 0.0 
-0.296531 0.498036 0.00936964 0.0 1.0 0.0 
-0.236417 0.0992246 -0.00794784 0.0 -0.0 -1.0 
-0.344016 0.498036 0.448274 0.0 1.0 0.0 
-0.101788 0.469471 -0.407755 0.0 -1.0 -0.0 
-0.915911 0.253885 0.36535 -0.707054 -0.0 -0.70716 
0.768664 0.498036 0.227439 0.0 1.0 0.0 
0.95992 0.498036 0.217647 0.0 1.0 0.0 
0.658877 0.477872 -0.571315 0.0 0.0 -1.0 
0.600877 0.0909597 0.0742764 0.0 -1.0 -0.0 
0.612802 -0.458953 -0.0987245 0.0 1.0 0.0 
-0.533759 -0.291413 -0.0256035 0.707142 -0.0 -0.707072 
-0.33378 0.469471 0.569903 0.0 -1.0 -0.0 
0.53537 0.469471 -0.111017 0.0 -1.0 0.0 
-0.908882 -0.341369 0.358322 -0.707054 0.0 -0.70716 
0.746654 0.026061 -0.221306 0.706885 -0.0 -0.707328 
-0.730011 -0.530372 -0.185467 0.0 -1.0 -0.0 
0.880193 0.498036 -0.301497 0.0 1.0 -0.0 
0.113209 0.469471 0.326018 0.0 -1.0 -0.0 
0.61852 -0.166142 -0.103736 0.0 1.0 0.0 
0.827977 -0.490523 -0.321575 -0.707126 0.0 -0.707088 
-0.0625789 0.469471 0.298017 0.0 -1.0 -0.0 
-0.451191 0.498036 -0.179691 -0.0 1.0 -0.0 
-0.615607 -0.207599 -0.107456 0.707107 0.0 -0.707107 
0.666553 -0.485701 0.117734 0.707114 -0.0 -0.7071 
0.923198 -0.110271 -0.376388 0.707213 0.0 0.707001 
0.899679 -0.125955 -0.352862 0.707213 -0.0 0.707001 
-0.572303 0.498036 0.211756 0.0 1.0 0.0 
0.586007 -0.0945871 -0.0391856 0.707001 -0.0 0.707213 
-0.554826 0.465747 0.0446636 0.70716 0.0 0.707054 
0.0158402 0.469471 0.35291 0.0 -1.0 -0.0 
-0.882316 -0.420719 0.372153 0.707053 -0.0 0.70716 
0.283121 0.469471 0.0227905 0.0 -1.0 -0.0 
0.803519 0.498036 -0.541215 -0.0 1.0 -0.0 
0.553838 -0.447048 -0.00702548 0.707001 -0.0 0.707213 
-0.458379 0.469471 0.253219 0.0 -1.0 -0.0 
-0.611513 0.498036 0.47838 0.0 1.0 0.0 
-0.678385 0.469471 -0.408529 0.0 -1.0 0.0 
0.839241 0.498036 0.290175 0.0 1.0 0.0 
0.585055 0.234773 0.0627592 0.707501 -0.0 0.706712 
-0.809521 0.469471 0.189969 0.0 -1.0 -0.0 
-0.219417 0.469471 -0.172498 0.0 -1.0 0.0 
0.669679 -0.477449 -0.163263 -0.707107 -0.0 -0.707107 
-0.84176 0.469471 0.104774 0.0 -1.0 -0.0 
-0.815402 0.469471 0.250965 0.0 -1.0 -0.0 
-0.50739 0.498036 0.411502 0.0 1.0 0.0 
-0.617611 0.498036 0.337462 0.0 1.0 0.0 
-0.31352 0.469471 -0.415597 0.0 -1.0 -0.0 
-0.240331 0.498036 -0.44685 -0.0 1.0 -0.0 
0.87709 -0.358944 0.368675 -0.707001 -0.0 0.707212 
-0.862764 -0.371678 0.352603 0.707053 -0.0 0.70716 
0.724307 -0.177752 -0.177484 0.707082 -0.0 0.707132 
0.580458 -0.243583 0.0673591 0.70781 0.0 0.706403 
0.156995 0.469471 -0.0313437 0.0 -1.0 0.0 
-0.399781 0.498036 -0.133289 0.0 1.0 -0.0 
0.811143 0.469471 0.426289 0.0 -1.0 -0.0 
-0.729141 0.0544091 -0.220981 0.70698 -0.0 -0.707233 
-0.0939465 0.469471 -0.329336 0.0 -1.0 -0.0 
0.813159 -0.486878 -0.306756 -0.707126 0.0 -0.707088 
-0.89417 -0.427039 -0.345611 -0.70716 -0.0 0.707054 
0.725969 0.498036 -0.19336 0.0 1.0 -0.0 
0.509775 0.454964 -0.0079478 0.0 -0.0 -1.0 
0.669114 0.469471 0.0284966 0.0 -1.0 -0.0 
0.599411 0.469471 0.310765 0.0 -1.0 -0.0 
0.901976 -0.39258 0.393553 -0.707001 -0.0 0.707212 
0.107329 0.498036 0.318646 0.0 1.0 0.0 
-0.446832 0.498036 0.0706012 0.0 1.0 0.0 
-0.660306 0.498036 0.506501 0.0 1.0 0.0 
0.450846 0.469471 -0.569838 0.0 -1.0 -0.0 
0.698086 0.498036 -0.196024 0.0 1.0 -0.0 
-0.375385 0.498036 0.172036 0.0 1.0 0.0 
-0.885979 -0.2279 -0.377825 0.707053 0.0 -0.70716 
0.0201955 0.498036 0.0481253 0.0 1.0 0.0 
0.886292 -0.530372 0.368594 0.0 -1.0 -0.0 
0.603983 0.469471 -0.14113 0.0 -1.0 -0.0 
-0.470358 0.498036 0.541116 0.0 1.0 0.0 
-0.724569 0.469471 0.379223 0.0 -1.0 -0.0 
-0.912715 -0.171967 -0.404557 0.707053 -0.0 -0.70716 
0.947938 0.469471 0.40911 0.0 -1.0 -0.0 
-0.828806 -0.458953 0.292878 0.0 1.0 0.0 
-0.882969 -0.358543 -0.334408 -0.70716 -0.0 0.707054 
0.928116 0.498036 0.322083 0.0 1.0 0.0 
0.893709 -0.21379 0.385289 -0.707001 -0.0 0.707212 
0.112121 0.498036 0.440337 0.0 1.0 0.0 
0.635353 -0.530373 -0.0944343 -0.0 -1.0 -0.0 
0.375913 0.469471 -0.104298 0.0 -1.0 0.0 
0.885514 0.326682 -0.379106 -0.707001 0.0 -0.707212 
-0.944575 0.469471 -0.428917 0.0 -1.0 0.0 
-0.746529 -0.0560703 0.195973 -0.707132 0.0 -0.707082 
-0.791876 0.469471 2.39611e-05 0.0 -1.0 -0.0 
0.483958 0.469471 0.508434 0.0 -1.0 -0.0 
-0.83288 -0.475282 -0.284319 -0.707107 0.0 0.707107 
0.91766 -0.51805 0.396742 0.707106 -0.0 0.707108 
0.916202 -0.322305 -0.369389 0.707213 -0.0 0.707001 
0.159158 0.42209 0.0191924 -0.0 0.0 1.0 
0.549806 0.171733 -0.0433901 -0.707107 -0.0 -0.707107 
-0.31352 0.498036 0.415645 0.0 1.0 0.0 
0.777813 0.498036 -0.13387 0.0 1.0 -0.0 
-0.918876 0.469471 0.0798651 0.0 -1.0 -0.0 
0.172678 0.498036 0.51759 0.0 1.0 0.0 
-0.0926418 0.498036 -0.448077 -0.0 1.0 -0.0 
-0.266469 0.469471 -0.101921 0.0 -1.0 0.0 
0.925502 0.156354 0.3889 0.707106 -0.0 0.707108 
-0.297836 0.469471 -0.290127 0.0 -1.0 0.0 
1.0 0.477872 0.181363 1.0 0.0 0.0 
-0.901663 -0.016168 -0.393507 0.707053 -0.0 -0.70716 
0.593268 0.0760085 -0.0464436 0.707001 -0.0 0.707213 
-0.805712 0.431099 -0.257151 -0.70711 -1.12163e-05 0.707104 
-0.0985832 -0.0834645 -0.00794779 0.0 0.0 -1.0 
-0.61195 0.498036 0.226418 0.0 1.0 0.0 
0.854924 0.498036 -0.274443 0.0 1.0 -0.0 
0.298149 0.469471 0.0627592 0.0 -1.0 -0.0 
0.748714 -0.308961 -0.219248 0.706885 0.0 -0.707328 
-0.518938 0.469471 -0.153615 0.0 -1.0 0.0 
0.477626 -0.132668 0.00749746 -1.0 -0.0 -0.0 
-0.713457 -0.118113 0.203297 0.707132 0.0 0.707082 
0.651905 0.498036 -0.14268 0.0 1.0 -0.0 
0.800031 0.469471 0.180388 0.0 -1.0 -0.0 
0.995209 0.498036 0.339599 0.0 1.0 0.0 
-0.574111 0.336718 0.0235497 -0.707142 0.0 -0.707072 
0.517722 0.383769 -0.00794777 0.0 -0.0 -1.0 
-0.854612 0.399453 0.344451 0.7071 -0.0 0.707114 
0.715791 -0.496011 -0.209383 -0.707126 0.0 -0.707088 
-0.112188 -0.159534 0.0191923 -0.0 -0.0 1.0 
0.919297 0.248272 0.370479 0.707107 -0.0 -0.707107 
0.652034 -0.183154 0.103215 0.707114 -0.0 -0.7071 
-0.917347 0.469471 -0.305811 0.0 -1.0 0.0 
-0.511727 0.321696 -0.00794781 0.0 -0.0 -1.0 
-0.116577 0.488415 0.571363 -0.0 0.0 1.0 
0.74739 -0.333392 -0.220571 0.706885 0.0 -0.707328 
-0.525252 0.498036 0.384278 0.0 1.0 0.0 
0.204046 -0.180848 0.0191923 -0.0 0.0 1.0 
0.237811 0.469471 0.421203 0.0 -1.0 -0.0 
0.889588 -0.294346 0.381169 -0.707001 -0.0 0.707212 
0.551013 0.313772 0.00219438 0.707089 -0.0 -0.707125 
0.62751 0.498036 0.487884 0.0 1.0 0.0 
0.825625 -0.502534 0.317213 -0.707123 -0.0 0.707091 
-0.713457 0.498036 -0.21955 -0.0 1.0 -0.0 
0.5883 0.422979 0.0798763 -0.7071 0.0 0.707114 
0.464571 0.498036 -0.391485 0.0 1.0 -0.0 
-0.902384 0.198174 -0.353826 -0.70716 0.0 0.707054 
0.614006 0.498036 -0.0099149 0.0 1.0 -0.0 
0.772148 0.498036 -0.323687 0.0 1.0 -0.0 
0.60188 -0.213522 -0.055054 0.707114 -0.0 0.7071 
-0.729141 0.498036 -0.274443 -0.0 1.0 -0.0 
-0.292608 0.498036 0.511244 0.0 1.0 0.0 
-0.674248 0.498036 -0.172498 -0.0 1.0 -0.0 
-0.999687 0.48213 0.104292 -1.0 0.0 0.0 
0.532803 0.301231 0.0243776 -0.707125 -0.0 0.707089 
-0.352511 0.469471 0.256136 0.0 -1.0 -0.0 
-0.0329544 0.498036 0.483509 0.0 1.0 0.0 
0.732681 0.117684 -0.185857 0.707082 -0.0 0.707132 
-0.854612 0.469471 0.172546 0.0 -1.0 -0.0 
-0.691675 0.498036 0.317494 0.0 1.0 0.0 
-0.347065 0.498036 0.311977 0.0 1.0 0.0 
-0.0390553 0.498036 -0.419615 -0.0 1.0 -0.0 
-0.579015 -0.388637 -0.0304543 -0.707054 -0.0 0.70716 
-0.533094 -0.2279 -0.024938 0.707142 -0.0 -0.707072 
-0.0939465 0.415137 0.0191923 -0.0 -0.0 1.0 
0.802212 0.498036 0.0927735 0.0 1.0 0.0 
0.807873 0.469471 0.360752 0.0 -1.0 -0.0 
0.705234 -0.230721 0.19681 -0.707258 0.0 0.706956 
-0.0861046 0.469471 0.250965 0.0 -1.0 -0.0 
0.38441 0.469471 0.384278 0.0 -1.0 -0.0 
-0.847862 0.469471 0.00412629 0.0 -1.0 -0.0 
0.880675 -0.462237 0.372259 -0.707001 -0.0 0.707212 
0.721612 0.498036 -0.250917 0.0 1.0 -0.0 
-0.716456 0.396514 0.206295 0.707132 0.0 0.707082 
0.55432 0.498036 -0.254048 0.0 1.0 -0.0 
-0.235101 0.462188 0.0191923 -0.0 0.0 1.0 
-0.0782627 0.498036 -0.117605 0.0 1.0 -0.0 
-0.167575 0.498036 0.0439296 0.0 1.0 0.0 
-0.916184 0.0857768 0.399961 -0.707064 -0.0 0.70715 
-0.85875 0.469471 0.022447 0.0 -1.0 -0.0 
-0.755951 -0.125955 0.211756 -0.707107 0.0 0.707106 
0.471541 0.498036 -0.390471 0.0 1.0 -0.0 
0.930198 -0.117491 -0.386214 0.707106 -0.0 -0.707108 
-0.572303 0.498036 0.298017 0.0 1.0 0.0 
0.771501 0.431378 0.222681 0.70711 1.39552e-05 -0.707104 
-0.864849 0.469471 -0.25566 0.0 -1.0 0.0 
-0.576773 0.00069432 0.0666143 0.70716 -0.0 0.707054 
0.847521 0.498036 -0.124994 0.0 1.0 -0.0 
-0.809084 0.469471 -0.482567 0.0 -1.0 0.0 
-0.827968 -0.509948 0.277412 -0.70711 1.09555e-05 -0.707104 
0.436253 0.498036 0.148084 0.0 1.0 0.0 
0.3452 0.469471 -0.462649 0.0 -1.0 -0.0 
-0.501726 0.469471 -0.517542 0.0 -1.0 -0.0 
-0.177592 0.498036 -0.0763905 0.0 1.0 -0.0 
-0.321362 0.498036 -0.0862371 0.0 1.0 -0.0 
0.739334 0.248738 0.226626 0.706886 -0.0 0.707328 
-0.465781 0.469471 -0.558925 0.0 -1.0 -0.0 
0.68676 0.498036 0.555872 0.0 1.0 0.0 
-0.802985 0.469471 0.141741 0.0 -1.0 -0.0 
-0.117472 0.469471 -0.431281 0.0 -1.0 -0.0 
-0.10963 0.469471 0.541116 0.0 -1.0 -0.0 
0.906985 0.469471 -0.43168 0.0 -1.0 -0.0 
0.879325 0.498036 -0.0596644 0.0 1.0 -0.0 
0.54909 0.0151996 0.0406655 -0.707125 -0.0 0.707089 
0.541248 0.498036 0.415645 0.0 1.0 0.0 
-0.091553 0.469471 -0.562396 0.0 -1.0 -0.0 
0.89072 -0.231296 -0.384311 -0.707001 0.0 -0.707212 
0.245655 0.469471 -0.165504 0.0 -1.0 0.0 
0.556932 0.498036 -0.094079 0.0 1.0 -0.0 
