ply
format ascii 1.0
comment VCGLIB generated
element vertex 2000
property float x
property float y
property float z
property float nx
property float ny
property float nz
element face 0
property list uchar int vertex_indices
end_header
-0.294649 0.540737 0.0221371 -0.70711 0.0 0.707104 
0.0710936 -0.775395 -0.12502 0.707104 -1.94458e-05 -0.70711 
-0.0913126 -0.882436 0.0576084 0.0 -1.0 0.0 
-0.05153 -0.804924 0.183104 0.707107 0.0 0.707107 
-0.222277 -0.780575 0.0992544 0.0 1.0 0.0 
0.0101106 0.162131 0.0502263 0.707107 0.0 0.707107 
-0.0814478 0.163951 -0.330059 0.991453 -0.0 -0.130465 
0.0333949 0.597579 -0.0804013 0.0 1.0 0.0 
-0.200122 -0.103624 0.116665 -0.70711 -0.0 0.707104 
-0.0665439 -0.621773 -0.266361 0.707104 -0.0 -0.70711 
-0.22419 0.36883 -0.228372 -0.707107 0.0 -0.707107 
-0.242594 -0.882436 0.129192 0.0 -1.0 0.0 
-0.238955 0.819139 -0.212209 -0.701052 -0.130533 -0.701061 
0.0248748 0.199042 0.0354621 0.707107 0.0 0.707107 
0.0396389 -0.0962421 0.0206979 0.707107 0.0 0.707107 
-0.0248737 0.970107 -0.045741 0.43047 0.793342 0.43047 
0.137532 0.368654 -0.0383589 -0.103688 0.989086 0.104676 
-0.184704 0.114837 0.132083 -0.70711 -0.0 0.707104 
0.0894891 0.597579 -0.0273574 0.0 1.0 0.0 
-0.305394 -0.398908 -0.147169 -0.707107 0.0 -0.707107 
-0.0544021 -0.155299 0.114739 0.707107 -0.0 0.707107 
-0.0265444 -0.882436 0.0792148 0.0 -1.0 0.0 
0.120844 -0.428437 -0.0752695 0.707107 -0.0 -0.707107 
-0.141065 -0.502258 -0.311497 -0.707107 0.0 -0.707107 
-0.034182 0.361448 0.0945189 0.707107 0.0 0.707107 
0.046449 0.0780529 0.0138879 0.707107 0.0 0.707107 
-0.0396379 0.50909 -0.235751 0.707104 6.30574e-06 -0.70711 
-0.13704 0.248949 -0.315522 -0.707107 0.0 -0.707107 
-0.280526 0.459335 -0.172036 -0.707107 0.0 -0.707107 
-0.120841 -0.882436 -0.00144844 0.0 -1.0 0.0 
-0.0986947 -0.162681 -0.29481 0.70711 -2.13182e-07 -0.707104 
-0.14801 0.351527 0.168777 -0.70711 -0.0 0.707104 
-0.142987 0.309774 -0.309575 -0.707107 0.0 -0.707107 
-0.179898 -0.723721 0.136889 -0.70711 -0.0 0.707104 
-0.294154 -0.882436 -0.0973101 -0.0 -1.0 0.0 
0.0451619 0.813988 -0.00678206 0.70106 -0.130501 0.70106 
-0.135605 -0.627753 0.181182 -0.70711 -0.0 0.707104 
-0.216808 -0.882436 0.146194 0.0 -1.0 0.0 
-0.00272743 -0.812306 -0.270077 0.707105 0.0 -0.707109 
0.148853 0.192285 -0.0778598 0.134226 0.064074 -0.988877 
-0.183641 -0.82527 0.204383 -0.707111 -0.0 0.707102 
-0.244415 -0.302941 -0.208147 -0.707107 0.0 -0.707107 
-0.133115 -0.882436 0.125017 0.0 -1.0 0.0 
-0.0149725 -0.87025 0.146547 0.707107 0.0 0.707107 
-0.378393 -0.780575 -0.128996 -0.0 1.0 0.0 
-0.115385 -0.140535 0.175722 0.707107 -0.0 0.707107 
-0.238955 -0.480111 0.0778318 -0.70711 -0.0 0.707104 
0.11346 -0.612989 -0.0531231 0.707107 0.0 0.707107 
-0.120488 -0.882436 -0.300819 -0.0 -1.0 0.0 
0.0563294 0.863431 -0.0227873 0.701055 0.130507 0.701064 
0.140836 0.59758 -0.0642632 0.0 1.0 0.0 
-0.396562 -0.800798 -0.00854132 -0.707111 0.0 0.707102 
-0.0415641 -0.347233 0.101901 0.707107 -0.0 0.707107 
-0.203223 0.988927 0.02808 -0.707107 -8.58236e-05 0.707107 
-0.289188 0.0637512 0.027598 -0.70711 0.0 0.707104 
-0.216808 0.981023 -0.0974158 -0.270591 0.923884 -0.270591 
0.0368956 -0.454287 0.0234413 0.707107 0.0 0.707107 
-0.165134 -0.745867 0.151653 -0.70711 -0.0 0.707104 
-0.35876 -0.708334 -0.0419748 -0.70711 -0.0 0.707104 
0.0286287 0.59758 0.0382525 0.0 1.0 0.0 
-0.22419 0.582911 0.121091 -0.707107 -0.0 0.707107 
-0.18728 -0.723721 0.129507 -0.70711 -0.0 0.707104 
-0.231573 -0.82707 0.156451 -0.707111 -0.0 0.707102 
-0.276621 0.5732 0.0618059 -0.0 -1.0 -0.0 
-0.12435 -0.387412 0.20579 -0.789043 -0.0986985 0.606358 
-0.305394 0.457416 -0.147169 -0.707107 0.0 -0.707107 
-0.302976 -0.362027 -0.149586 -0.707107 0.0 -0.707107 
-0.216808 -0.738485 -0.235754 -0.707107 0.0 -0.707107 
0.0120368 0.442651 -0.212571 0.707107 -1.6535e-07 -0.707107 
-0.208861 0.656519 0.0224421 -0.707107 -0.000252083 0.707107 
0.0994342 -0.487603 -0.100385 0.707104 0.0 -0.70711 
-0.0810225 0.975911 -0.000287988 0.43047 0.793342 0.43047 
0.050216 0.922488 -0.0531232 0.560975 0.608782 0.560975 
-0.229739 -0.882436 0.0986432 0.0 -1.0 0.0 
-0.145346 0.151474 -0.307216 -0.707107 0.0 -0.707107 
-0.04656 0.597579 -0.215589 0.0 1.0 0.0 
-0.0179988 0.224214 -0.234629 0.707107 -0.0 -0.707107 
0.00465466 0.90766 0.00593366 0.653282 0.382682 0.653282 
0.0194189 0.730553 -0.0205779 0.560986 -0.60876 0.560986 
-0.317008 0.597579 -0.160355 0.0 1.0 0.0 
0.0641749 -0.882436 -0.0525222 0.0 -1.0 0.0 
-0.154902 0.140947 0.161885 -0.70711 -0.0 0.707104 
-0.382688 -0.315427 -0.0659023 -0.70711 0.0 0.707104 
-0.243246 -0.882436 0.0113458 0.0 -1.0 0.0 
-0.162362 -0.844923 0.225662 -0.707111 -0.0 0.707102 
-0.0986824 0.870813 -0.200765 0.707107 4.40536e-05 -0.707107 
-0.0248737 0.915106 0.0299776 0.560975 0.608782 0.560975 
-0.100621 0.169514 0.160958 0.707107 -0.0 0.707107 
-0.150369 -0.236502 -0.302193 -0.707107 0.0 -0.707107 
0.122768 0.221188 -0.125537 0.130858 0.0 -0.991401 
0.122768 -0.882436 -0.0678874 0.0 -1.0 0.0 
-0.0101095 -0.421055 0.0704464 0.707107 -0.0 0.707107 
-0.165134 0.494326 0.151653 -0.70711 0.0 0.707104 
0.106078 -0.0888599 -0.045741 0.707107 0.0 0.707107 
0.0231087 -0.882436 -0.119895 -0.0 -1.0 0.0 
-0.367344 -0.638127 -0.0852179 -0.707107 0.0 -0.707107 
-0.106077 -0.882436 -0.0974158 -0.0 -1.0 0.0 
-0.0617842 0.523854 -0.257897 0.707104 6.30574e-06 -0.70711 
-0.187803 0.389494 -0.264759 -0.707107 0.0 -0.707107 
0.0296731 -0.812306 0.101901 0.707107 0.0 0.707107 
-0.120841 0.442651 0.181178 0.707107 -0.0 0.707107 
-0.219684 -0.804924 -0.304115 -0.707109 0.0 -0.707105 
-0.227811 0.5732 -0.237583 -0.0 -1.0 0.0 
-0.231573 0.139985 -0.22099 -0.707107 0.0 -0.707107 
-0.0248737 0.990416 -0.104798 0.270599 0.923879 0.270599 
-0.216808 -0.738485 -0.235754 -0.707107 0.0 -0.707107 
-0.288707 -0.273412 -0.163855 -0.707107 0.0 -0.707107 
-0.0819048 0.340408 -0.331692 0.923924 0.0 -0.382575 
-0.171501 -0.861081 0.216523 -0.707111 -0.0 0.707102 
-0.296737 0.922488 -0.11218 -0.560967 0.608803 -0.56096 
-0.165134 -0.882436 -0.0309768 0.0 -1.0 0.0 
-0.259179 -0.36938 -0.193383 -0.707107 0.0 -0.707107 
-0.0157115 -0.457965 -0.215529 0.707104 0.0 -0.70711 
-0.120841 -0.08886 -0.316956 0.707074 2.49592e-06 -0.70714 
-0.211305 -0.180373 0.105481 -0.70711 -0.0 0.707104 
-0.313587 -0.746358 -0.138975 -0.707107 0.0 -0.707107 
-0.0101095 -0.0371852 0.0704464 0.707107 0.0 0.707107 
-0.150369 0.671497 0.0564907 0.270572 -0.923895 0.270572 
-0.00524711 0.0163611 0.065584 0.707107 0.0 0.707107 
-0.331607 0.275119 -0.0148211 -0.70711 0.0 0.707104 
-0.106077 -0.494876 0.200254 -0.375628 -0.165207 0.911927 
0.0566875 -0.882436 -0.149699 -0.0 -1.0 0.0 
0.100622 -0.834452 -0.166728 0.707105 0.0 -0.707109 
-0.0322442 0.819138 -0.134326 0.707111 6.9965e-07 -0.707103 
0.0120368 0.811756 0.0259277 0.70106 -0.130501 0.70106 
-0.204706 -0.185875 -0.247856 -0.707107 0.0 -0.707107 
0.0618649 -0.216832 -0.00152806 0.707107 0.0 0.707107 
-0.299021 0.764392 -0.0677189 -0.70711 3.37915e-05 0.707104 
0.0194189 0.162131 -0.197211 0.707107 -0.0 -0.707107 
-0.00465367 0.221188 0.0649905 0.707107 0.0 0.707107 
-0.133179 -0.280795 0.197868 -0.924865 -0.0230962 -0.379593 
0.0194189 -0.812306 0.112155 0.707107 0.0 0.707107 
0.0269939 -0.882436 -0.0858859 -0.0 -1.0 0.0 
-0.369911 -0.398908 -0.0826516 -0.707107 0.0 -0.707107 
0.00321398 0.536159 0.0571228 0.707107 0.0 0.707107 
-0.290629 -0.882436 0.0428442 0.0 -1.0 0.0 
-0.271161 -0.780575 -0.187259 0.0 1.0 0.0 
-0.401361 -0.780575 -0.104798 -0.0 1.0 0.0 
-0.216808 -0.00765684 0.0999783 -0.70711 -0.0 0.707104 
-0.22419 -0.627753 -0.228372 -0.707107 0.0 -0.707107 
-0.335457 0.381742 -0.117105 -0.707107 0.0 -0.707107 
-0.121114 -0.780575 0.243373 -0.0 1.0 0.0 
-0.312776 -0.753249 0.00401023 -0.70711 -0.0 0.707104 
-0.12792 -0.882436 -0.2551 -0.0 -1.0 0.0 
0.0691699 -0.155299 -0.126944 0.707111 5.54804e-07 -0.707103 
-0.0848626 0.317148 -0.309472 0.707139 0.0 -0.707074 
-0.0780071 0.989814 -0.0496105 0.270599 0.923879 0.270599 
0.164502 0.149127 -0.065704 0.988938 0.0640336 -0.133799 
-0.0505127 -0.133172 -0.246628 0.70711 -2.13182e-07 -0.707104 
-0.272683 0.5732 0.0547563 0.0 -1.0 0.0 
-0.0932389 -0.450583 0.153576 0.707107 -0.0 0.707107 
-0.369909 0.132603 -0.0531231 -0.70711 0.0 0.707104 
-0.231573 -0.354616 0.085214 -0.70711 -0.0 0.707104 
-0.0964371 -0.441829 0.156774 0.707107 0.0 0.707107 
-0.318234 -0.421054 -0.00144844 -0.70711 0.0 0.707104 
-0.30347 -0.413672 0.0133158 -0.70711 -0.0 0.707104 
0.156017 -0.291007 -0.074207 0.60694 -0.0869818 -0.789973 
-0.237033 0.295009 -0.215529 -0.707107 0.0 -0.707107 
-0.231573 0.139985 0.085214 -0.70711 0.0 0.707104 
-0.369317 0.342755 -0.0832449 -0.707107 0.0 -0.707107 
-0.0913126 0.708407 -0.193394 0.707107 -2.24175e-07 -0.707107 
0.150397 -0.80072 -0.0188232 0.707107 0.0 0.707107 
0.0470211 0.176896 0.0133158 0.707107 0.0 0.707107 
0.133024 -0.819688 -0.134326 0.707105 0.0 -0.707109 
0.0913157 0.494326 -0.104798 0.707107 8.8619e-08 -0.707107 
-0.318234 -0.0150389 -0.00144844 -0.70711 0.0 0.707104 
-0.254614 0.774846 -0.186001 -0.653278 -0.382681 -0.653286 
-0.325616 -0.332469 -0.00883054 -0.70711 0.0 0.707104 
0.115386 0.560765 -0.0807276 0.707107 -1.50203e-07 -0.707107 
-0.0798531 0.287627 0.16834 0.775572 -0.215807 -0.593225 
-0.269203 -0.210609 0.0475835 -0.70711 -0.0 0.707104 
0.0343095 0.113864 0.0260273 0.707107 0.0 0.707107 
-0.280085 -0.431757 -0.172477 -0.707107 0.0 -0.707107 
-0.0216799 -0.355494 0.0820167 0.707107 -0.0 0.707107 
-0.021341 -0.146094 0.0816778 0.707107 -0.0 0.707107 
0.0341831 -0.819688 -0.233167 0.707105 0.0 -0.707109 
-0.108003 -0.199591 0.16834 0.707107 -0.0 0.707107 
-0.0765484 0.47218 -0.272662 0.707105 8.67225e-06 -0.707109 
-0.32169 -0.780575 -0.166112 -0.0 1.0 0.0 
-0.0474362 -0.851038 0.17901 0.707107 0.0 0.707107 
0.110359 -0.330887 -0.085755 0.707111 5.54804e-07 -0.707103 
0.00643503 -0.465347 -0.193383 0.707104 0.0 -0.70711 
-0.271089 0.0119218 -0.181474 -0.707107 0.0 -0.707107 
-0.0717664 -0.882436 -0.0565229 0.0 -1.0 0.0 
-0.19274 -0.0519494 0.124047 -0.70711 -0.0 0.707104 
-0.324631 0.5732 -0.133407 -0.0 -1.0 -0.0 
-0.0868871 0.0809284 -0.311497 0.707139 0.0 -0.707074 
0.0120368 0.272863 0.0483001 0.707107 0.0 0.707107 
-0.0546961 0.351963 0.115033 0.707107 0.0 0.707107 
-0.209661 -0.487692 0.107126 -0.70711 -0.0 0.707104 
0.168298 0.0290378 -0.0652664 0.925541 0.00507515 0.378614 
-0.121714 0.796055 0.10959 -0.70711 -3.23689e-05 0.707104 
-0.120718 0.182431 -0.328976 -0.991401 0.0 -0.130856 
-0.0343015 0.59758 -0.201662 0.0 1.0 -0.0 
-0.0194178 0.235953 0.0797547 0.707107 0.0 0.707107 
-0.238955 -0.812306 -0.284844 -0.707109 0.0 -0.707105 
-0.106686 -0.748394 -0.302799 0.707104 -1.94458e-05 -0.70711 
0.0681351 0.413123 -0.156473 0.707107 -1.10318e-06 -0.707107 
-0.118737 -0.882436 -0.219482 -0.0 -1.0 0.0 
0.00465468 0.235952 -0.211976 0.707107 0.0 -0.707107 
-0.14221 -0.511487 0.174577 -0.70711 -0.0 0.707104 
-0.177975 0.47218 0.138811 -0.70711 0.0 0.707104 
0.184791 -0.828753 -0.0825595 0.707105 0.0 -0.707109 
-0.303418 0.569578 -0.149145 -0.707107 0.0 -0.707107 
-0.349686 0.162131 -0.0329006 -0.70711 0.0 0.707104 
-0.159351 0.260809 -0.293211 -0.707107 0.0 -0.707107 
-0.115385 0.0956926 0.175722 0.707107 -0.0 0.707107 
-0.382248 -0.882436 -0.0460831 0.0 -1.0 0.0 
-0.289124 -0.882436 0.088092 0.0 -1.0 0.0 
-0.0116428 0.977617 -0.074331 0.270599 0.923879 0.270599 
-0.106077 -0.457965 -0.305894 0.707104 0.0 -0.70711 
-0.39734 -0.882436 -0.0671762 0.0 -1.0 0.0 
-0.029556 0.968873 -0.0387843 0.43047 0.793342 0.43047 
-0.0895331 -0.583461 -0.28935 0.707104 -0.0 -0.70711 
-0.145092 -0.882436 -0.217725 -0.0 -1.0 0.0 
-0.338436 -0.653312 -0.0216504 -0.70711 -0.0 0.707104 
-0.306591 0.808282 -0.0752885 -0.70711 -3.33959e-05 0.707104 
-0.170594 0.221188 -0.281968 -0.707107 0.0 -0.707107 
0.0292909 -0.882436 0.0863632 0.0 -1.0 0.0 
0.0415652 -0.494876 -0.158253 0.707104 0.0 -0.70711 
-0.00111178 -0.882436 -0.213958 -0.0 -1.0 0.0 
-0.157726 -0.882436 -0.293048 -0.0 -1.0 0.0 
-0.374917 0.109922 -0.0581315 -0.70711 0.0 0.707104 
-0.34038 0.398359 -0.0235947 -0.70711 0.0 0.707104 
-0.283247 -0.133153 -0.169315 -0.707107 0.0 -0.707107 
-0.297712 -0.0647525 0.019074 -0.70711 0.0 0.707104 
-0.180094 0.597579 0.119088 0.0 1.0 0.0 
-0.337797 -0.812306 -0.186001 -0.707109 0.0 -0.707105 
-0.0432072 0.952016 0.00593366 0.43047 0.793342 0.43047 
-0.332998 -0.288177 -0.0162126 -0.70711 0.0 0.707104 
-0.122767 -0.199591 0.183104 0.707107 -0.0 0.707107 
0.089666 0.354066 -0.11218 0.707107 0.0 0.707107 
-0.0989183 -0.391526 0.190486 0.919006 0.0921452 -0.383325 
0.019802 -0.0280761 -0.176312 0.707111 5.54804e-07 -0.707103 
-0.303258 0.739668 -0.116752 -0.65329 -0.382654 -0.65329 
-0.0961667 0.184783 0.200957 0.608448 0.0183747 0.793381 
0.159679 -0.0667136 -0.0569888 0.378962 0.0079189 0.925378 
0.0816721 -0.882436 -0.0526557 0.0 -1.0 0.0 
-0.177976 0.546001 -0.274586 -0.707107 0.0 -0.707107 
-0.123878 0.128131 -0.319992 0.707074 2.49592e-06 -0.70714 
-0.089267 0.597579 -0.262017 0.0 1.0 0.0 
-0.142987 0.339302 0.1738 -0.70711 -0.0 0.707104 
0.124549 -0.800746 -0.142802 0.707105 0.0 -0.707109 
0.0162776 -0.882436 -0.0243755 0.0 -1.0 0.0 
-0.349885 0.242805 -0.0330994 -0.70711 0.0 0.707104 
-0.216808 0.863431 0.0144941 -0.70711 3.23625e-05 0.707104 
-0.179898 -0.243884 -0.272664 -0.707107 0.0 -0.707107 
0.0742842 -0.878009 0.0572898 0.707107 -0.0 0.707107 
0.143252 0.59758 -0.0590393 0.0 1.0 0.0 
-0.119008 0.998272 -0.0683385 0.0922872 0.991447 0.092286 
-0.163212 -0.155299 -0.28935 -0.707107 0.0 -0.707107 
-0.0174801 0.819138 -0.119562 0.707111 6.9965e-07 -0.707103 
-0.302282 -0.056674 0.0145045 -0.70711 0.0 0.707104 
-0.172516 -0.325087 0.144271 -0.70711 -0.0 0.707104 
-0.0120357 0.0366358 0.0723726 0.707107 0.0 0.707107 
0.0248748 0.0440179 0.0354621 0.707107 0.0 0.707107 
-0.261101 -0.443201 -0.191461 -0.707107 0.0 -0.707107 
-0.233103 -0.346919 -0.21946 -0.707107 0.0 -0.707107 
-0.0881903 0.29248 -0.340961 0.608458 0.0 -0.793586 
0.0470238 -0.325087 -0.14909 0.70711 -2.13182e-07 -0.707104 
-0.150369 0.826521 0.0809353 -0.70711 3.33773e-05 0.707104 
-0.265768 -0.828265 -0.258031 -0.707109 0.0 -0.707105 
-0.369909 -0.0888599 -0.0531231 -0.70711 0.0 0.707104 
-0.0383889 0.50079 0.0987257 0.707107 0.0 0.707107 
-0.18728 0.184278 -0.265282 -0.707107 0.0 -0.707107 
-0.305394 0.819139 -0.145771 -0.701052 -0.130533 -0.701061 
-0.18728 -0.780575 -0.326261 -0.0 1.0 0.0 
-0.0765484 -0.871363 0.208122 0.707107 -0.0 0.707107 
0.0967537 -0.348527 -0.0993601 0.707111 5.54804e-07 -0.707103 
-0.1309 -0.0145607 -0.321662 -0.707107 0.0 -0.707107 
-0.179319 -0.123822 0.137468 -0.70711 -0.0 0.707104 
-0.314277 -0.491816 -0.138285 -0.707107 0.0 -0.707107 
-0.0839305 -0.882436 -0.104798 -0.0 -1.0 0.0 
0.10608 -0.398908 -0.0900337 0.707111 5.54804e-07 -0.707103 
0.0851485 -0.780575 -0.173528 -0.0 1.0 -0.0 
-0.194662 0.457416 -0.2579 -0.707107 0.0 -0.707107 
-0.0637104 -0.435819 0.124047 0.707107 -0.0 0.707107 
-0.187107 0.994447 -0.0784645 -0.0922865 0.991447 -0.0922865 
-0.071203 0.339302 0.160958 0.906775 -0.201355 -0.370426 
-0.333 -0.775395 -0.119562 -0.707107 0.0 -0.707107 
-0.194662 -0.147917 0.122125 -0.70711 -0.0 0.707104 
-0.259803 -0.8125 0.128219 -0.707111 0.0 0.707102 
-0.142987 0.819139 -0.245071 0.707111 6.9965e-07 -0.707103 
-0.0971424 0.870902 -0.199225 0.707107 4.40536e-05 -0.707107 
-0.268483 -0.583461 0.0483031 -0.70711 -0.0 0.707104 
0.0231604 0.59758 -0.000405576 0.0 1.0 -0.0 
-0.236938 0.0567604 -0.215624 -0.707107 0.0 -0.707107 
-0.073037 -0.169244 0.133374 0.707107 -0.0 0.707107 
-0.0142881 0.664114 -0.104798 0.270572 -0.923895 0.270572 
-0.0101095 -0.0445673 -0.206224 0.707111 5.54804e-07 -0.707103 
-0.058426 0.597579 -0.177285 0.0 1.0 0.0 
-0.354932 -0.1545 -0.038146 -0.70711 0.0 0.707104 
-0.268483 0.250717 -0.184079 -0.707107 0.0 -0.707107 
-0.114881 -0.409272 -0.310996 0.70711 -2.13182e-07 -0.707104 
-0.308424 0.922393 -0.100597 -0.560967 0.608803 -0.56096 
-0.371841 -0.563692 -0.0550558 -0.70711 0.0 0.707104 
-0.100558 0.110457 0.20525 0.793834 -0.0131443 0.607993 
-0.0268 0.464798 0.0871368 0.707107 0.0 0.707107 
-0.20609 -0.780575 0.130291 0.0 1.0 0.0 
0.0489473 -0.620371 0.0113895 0.707107 -0.0 0.707107 
-0.155829 0.501708 0.160958 -0.70711 0.0 0.707104 
-0.130017 -0.194533 -0.322545 -0.707107 0.0 -0.707107 
-0.128223 0.974163 -0.205515 -0.430481 0.79333 -0.430481 
0.0784757 -0.398908 -0.117638 0.70711 -2.13182e-07 -0.707104 
-0.191679 -0.882436 0.160594 0.0 -1.0 0.0 
0.0415652 -0.155299 -0.154549 0.707111 5.54804e-07 -0.707103 
-0.0691663 0.597579 -0.230294 0.0 1.0 0.0 
-0.261101 0.553383 -0.191461 -0.707107 0.0 -0.707107 
-0.164452 -0.882436 -0.345474 -0.0 -1.0 0.0 
-0.25582 0.597579 -0.113027 0.0 1.0 0.0 
-0.179898 -0.295559 -0.272664 -0.707107 0.0 -0.707107 
-0.369359 -0.653545 -0.0832033 -0.707107 0.0 -0.707107 
-0.04702 0.206424 0.107357 0.707107 0.0 0.707107 
0.0748682 -0.780575 -0.145284 -0.0 1.0 0.0 
-0.0803754 0.848667 0.116665 0.701056 0.130539 0.701056 
-0.328273 0.597579 -0.0560672 0.0 1.0 0.0 
-0.288706 -0.708956 0.02808 -0.70711 -0.0 0.707104 
-0.18655 0.406896 0.130237 -0.70711 0.0 0.707104 
-0.246337 -0.443201 0.0704496 -0.70711 -0.0 0.707104 
-0.293604 0.597579 -0.0642726 0.0 1.0 0.0 
-0.369952 -0.181746 -0.0826101 -0.707107 0.0 -0.707107 
-0.238955 -0.26603 -0.213607 -0.707107 0.0 -0.707107 
-0.124934 -0.573855 0.185271 0.707107 -0.0 0.707107 
-0.231573 0.715789 -0.000269733 -0.707111 -4.65308e-05 0.707103 
-0.362528 0.324538 -0.0900337 -0.707107 0.0 -0.707107 
0.0755172 0.398359 -0.14909 0.707107 -5.53953e-07 -0.707107 
-0.347762 -0.243884 -0.0309768 -0.70711 0.0 0.707104 
-0.350914 0.525666 -0.0341287 -0.70711 0.0 0.707104 
-0.137469 -0.781822 0.250556 -0.707111 0.0 0.707102 
-0.154439 0.597579 0.0811327 0.0 1.0 0.0 
-0.377291 -0.140535 -0.0605053 -0.70711 0.0 0.707104 
0.0489473 0.243335 0.0113895 0.707107 0.0 0.707107 
0.0322569 -0.251266 0.02808 0.707107 0.0 0.707107 
-0.157752 0.582911 -0.323305 -0.707107 -0.0 -0.707107 
-0.228143 0.767464 -0.208147 -0.653278 -0.382681 -0.653286 
-0.0770669 -0.882436 -0.299742 -0.0 -1.0 0.0 
0.0710936 -0.288177 -0.0107568 0.707107 0.0 0.707107 
-0.106077 -0.332469 0.21119 0.607993 -0.013148 0.793833 
0.192081 -0.834452 -0.0752695 0.707105 0.0 -0.707109 
-0.349328 -0.882436 0.0347196 0.0 -1.0 0.0 
0.114209 0.450033 -0.0235947 0.963846 0.265145 0.0264365 
-0.393869 -0.855965 -0.129929 -0.707109 0.0 -0.707105 
0.196589 -0.834452 -0.0650153 0.707107 0.0 0.707107 
0.00270889 0.980036 -0.0969393 0.270599 0.923879 0.270599 
0.122768 0.169514 -0.0624315 0.707107 0.0 0.707107 
-0.172516 -0.745867 0.144271 -0.70711 -0.0 0.707104 
-0.1279 0.996309 -0.0383589 0.0922836 0.991447 0.0922836 
0.120844 0.457415 -0.0752695 0.707107 -0.0 -0.707107 
-0.0248737 -0.170063 0.0852106 0.707107 -0.0 0.707107 
-0.137715 0.597579 0.150144 0.0 1.0 0.0 
-0.0868871 0.36883 -0.311497 0.707139 0.0 -0.707074 
-0.32754 -0.531786 -0.125022 -0.707107 0.0 -0.707107 
-0.157752 0.981023 -0.156473 -0.270591 0.923884 -0.270591 
0.000925831 -0.749188 -0.195188 0.707104 -1.94458e-05 -0.70711 
-0.222395 0.946173 -0.160818 -0.560967 0.608803 -0.56096 
-0.0120357 0.0735463 0.0723726 0.707107 0.0 0.707107 
-0.015921 0.00165364 -0.212036 0.707111 5.54804e-07 -0.707103 
-0.0544021 -0.00027474 0.114739 0.707107 -0.0 0.707107 
-0.148826 -0.4807 0.167961 -0.70711 -0.0 0.707104 
-0.297084 -0.128446 -0.155478 -0.707107 0.0 -0.707107 
-0.173205 0.309205 -0.279357 -0.707107 0.0 -0.707107 
-0.01234 0.0098099 0.0726768 0.707107 0.0 0.707107 
-0.207504 0.538619 0.109283 -0.70711 0.0 0.707104 
0.0341831 -0.170063 -0.161931 0.707111 5.54804e-07 -0.707103 
-0.233061 0.240945 0.0837257 -0.70711 0.0 0.707104 
-0.166314 0.833903 0.0649905 -0.70711 3.33773e-05 0.707104 
-0.228454 0.994583 -0.0356514 -0.0922865 0.991447 -0.0922865 
0.108004 0.302391 -0.0476672 0.707107 0.0 0.707107 
-0.261101 0.960717 -0.0974158 -0.430495 0.793317 -0.43049 
-0.0120357 -0.361998 0.0723726 0.707107 -0.0 0.707107 
0.0708659 0.178492 -0.010529 0.707107 0.0 0.707107 
-0.0424593 0.997498 -0.136579 0.0922836 0.991447 0.0922836 
-0.172516 0.560765 0.144271 -0.70711 0.0 0.707104 
-0.291807 0.715789 -0.0605052 -0.707111 -4.65308e-05 0.707103 
-0.22986 0.396364 -0.222702 -0.707107 0.0 -0.707107 
-0.0691542 0.841285 -0.171237 0.707111 -6.93954e-07 -0.707103 
-0.0193161 0.495322 -0.215429 0.707104 6.30574e-06 -0.70711 
-0.288706 -0.6499 0.02808 -0.70711 -0.0 0.707104 
-0.296088 0.450033 0.0206979 -0.70711 0.0 0.707104 
-0.298403 -0.677988 0.0183835 -0.70711 -0.0 0.707104 
-0.231573 0.956711 -0.134326 -0.430495 0.793317 -0.43049 
0.0529102 -0.882436 0.0517656 0.0 -1.0 0.0 
-0.268483 0.390977 0.0483031 -0.70711 0.0 0.707104 
-0.106858 -0.510534 0.197096 -0.375594 -0.165202 0.911942 
-0.0691663 0.686261 0.00765441 0.430471 -0.793341 0.430471 
-0.354006 -0.840105 0.034016 -0.707111 0.0 0.707102 
-0.0986947 0.450033 0.159032 0.707107 0.0 0.707107 
-0.113459 0.154749 -0.341248 -0.60865 0.0 -0.793438 
-0.225369 0.974163 0.00593366 -0.707101 6.44352e-05 0.707113 
0.0251705 0.0198577 0.0351664 0.707107 0.0 0.707107 
0.0146066 -0.780575 0.106264 0.0 1.0 0.0 
0.0544032 0.139985 0.00593366 0.707107 0.0 0.707107 
-0.238955 -0.620371 -0.213607 -0.707107 0.0 -0.707107 
-0.065338 0.221188 -0.281968 0.707107 -0.0 -0.707107 
0.0178767 -0.368154 0.0424601 0.707107 -0.0 0.707107 
-0.244414 -0.310323 0.0723726 -0.70711 -0.0 0.707104 
-0.108234 -0.882436 0.106235 0.0 -1.0 0.0 
0.0563294 0.767464 -0.0543011 0.707095 -2.85316e-05 -0.707118 
-0.197195 0.727982 -0.21068 -0.560989 -0.60876 -0.560983 
-0.234551 -0.882436 0.108017 0.0 -1.0 0.0 
-0.238955 0.597579 0.0428442 0.0 1.0 0.0 
-0.318234 0.272863 -0.00144844 -0.70711 0.0 0.707104 
-0.305282 0.226206 0.0115041 -0.70711 0.0 0.707104 
-0.064569 -0.875452 -0.331918 0.707105 -0.0 -0.707109 
0.114917 -0.813645 -0.152433 0.707105 0.0 -0.707109 
0.0415652 -0.206974 -0.154549 0.707111 5.54804e-07 -0.707103 
-0.194662 0.354066 0.122125 -0.70711 0.0 0.707104 
-0.251633 -0.303073 -0.200929 -0.707107 0.0 -0.707107 
-0.333636 -0.683275 -0.118927 -0.707107 0.0 -0.707107 
0.108514 0.340506 -0.0481775 0.707107 0.0 0.707107 
-0.20262 -0.882436 0.147287 0.0 -1.0 0.0 
-0.163212 -0.612989 -0.28935 -0.707107 0.0 -0.707107 
0.0174949 -0.738485 -0.178619 0.707104 -1.94458e-05 -0.70711 
0.122768 -0.605607 -0.0180134 0.792 -0.0291439 0.609825 
-0.312776 -0.882436 -0.119562 -0.0 -1.0 0.0 
-0.231573 0.597579 0.00593366 0.0 1.0 0.0 
-0.163231 0.92987 -0.237676 -0.560975 0.608781 -0.560975 
0.122768 0.597579 -0.0974158 0.0 1.0 0.0 
-0.216808 -0.0445673 0.0999783 -0.70711 -0.0 0.707104 
0.0484362 -0.866434 0.0831379 0.707107 -0.0 0.707107 
-0.176942 0.582911 -0.304115 -0.707107 -0.0 -0.707107 
-0.064717 0.982698 -0.0386024 0.270599 0.923879 0.270599 
-0.0832492 -0.882436 -0.30859 -0.0 -1.0 0.0 
-0.307337 -0.882436 -0.212893 -0.0 -1.0 0.0 
-0.106077 -0.834452 0.237651 0.707107 -0.0 0.707107 
-0.288707 -0.494876 -0.163855 -0.707107 0.0 -0.707107 
-0.229271 0.897493 -0.199098 -0.653282 0.382682 -0.653282 
0.0401094 -0.273824 0.0202275 0.707107 0.0 0.707107 
-0.110708 0.995315 -0.145535 -0.0922865 0.991447 -0.0922865 
-0.305394 0.523854 -0.147169 -0.707107 0.0 -0.707107 
-0.141469 -0.62653 -0.311093 -0.707107 0.0 -0.707107 
-0.0628057 0.40035 0.123143 0.707107 0.0 0.707107 
0.0322569 -0.391526 0.02808 0.707107 -0.0 0.707107 
-0.216598 0.957845 -0.147211 -0.430495 0.793317 -0.43049 
0.00389199 0.000203925 0.0564449 0.707107 0.0 0.707107 
0.0355398 0.383309 0.024797 0.707107 0.0 0.707107 
-0.012955 -0.0269686 0.073292 0.707107 0.0 0.707107 
-0.175316 0.541879 -0.277246 -0.707107 0.0 -0.707107 
-0.312776 -0.782777 -0.211022 -0.707109 0.0 -0.707105 
-0.307391 -0.639455 0.00939503 -0.70711 -0.0 0.707104 
-0.0858568 -0.0445673 0.146194 0.707107 -0.0 0.707107 
-0.106077 0.656732 -0.0276435 0.382755 0.0 0.92385 
0.124709 0.211845 -0.071405 0.707107 -0.0 -0.707107 
-0.0174809 0.900342 -0.119562 0.707107 -3.31039e-08 -0.707107 
-0.258944 -0.882436 0.0559389 0.0 -1.0 0.0 
-0.289661 0.334385 -0.162901 -0.707107 0.0 -0.707107 
-0.280375 0.220014 -0.172187 -0.707107 0.0 -0.707107 
-0.268483 -0.26603 0.0483031 -0.70711 -0.0 0.707104 
-0.357068 -0.243884 -0.0402828 -0.70711 0.0 0.707104 
-0.105884 -0.882436 -0.0542603 0.0 -1.0 0.0 
-0.0839305 -0.472729 -0.283748 0.707104 0.0 -0.70711 
-0.378421 -0.882436 -0.129278 -0.0 -1.0 0.0 
-0.441718 -0.780575 -0.0704514 -0.0 1.0 0.0 
-0.0800179 -0.882436 -0.0053216 0.0 -1.0 0.0 
-0.12437 -0.882436 -0.195614 -0.0 -1.0 0.0 
0.0341831 0.523854 -0.16193 0.707104 6.30574e-06 -0.70711 
-0.00832934 -0.590843 -0.208147 0.707104 -0.0 -0.70711 
-0.238166 0.00405854 -0.214396 -0.707107 0.0 -0.707107 
-0.32497 -0.780575 0.0254428 0.0 1.0 0.0 
-0.117325 0.332815 -0.337174 -0.793395 0.0 -0.608707 
-0.290629 -0.753249 0.0261566 -0.70711 -0.0 0.707104 
-0.228487 0.574517 -0.252569 -0.707107 0.0 -0.707107 
-0.0565109 -0.813782 -0.32386 0.707105 -0.0 -0.707109 
-0.243706 -0.753106 0.0730802 -0.70711 -0.0 0.707104 
0.0483804 0.870813 -0.0162126 0.701055 0.130507 0.701064 
0.115386 0.442651 -0.0230294 0.854816 0.0976233 0.509665 
-0.0617842 -0.339851 0.122121 0.707107 -0.0 0.707107 
0.0282386 0.361557 -0.188392 0.707107 0.0 -0.707107 
-0.138481 -0.841834 0.249543 -0.707111 -0.0 0.707102 
-0.0839305 -0.657282 0.175558 -0.346233 -0.317507 0.882787 
-0.148448 -0.0814779 -0.304115 -0.707107 0.0 -0.707107 
-0.296088 -0.103624 0.0206979 -0.70711 0.0 0.707104 
-0.262524 -0.194561 0.0542621 -0.70711 -0.0 0.707104 
0.12293 -0.86587 0.00864436 0.707107 0.0 0.707107 
-0.129178 -0.882436 -0.164017 -0.0 -1.0 0.0 
-0.101546 -0.0233882 0.161883 0.707107 -0.0 0.707107 
0.0141409 -0.882436 -0.187856 -0.0 -1.0 0.0 
-0.229651 0.354066 -0.222911 -0.707107 0.0 -0.707107 
-0.222268 0.457416 -0.230294 -0.707107 0.0 -0.707107 
-0.364702 0.597579 -0.0262268 0.0 1.0 0.0 
0.0932399 0.287627 -0.0329031 0.707107 0.0 0.707107 
-0.206012 -0.882436 0.170494 0.0 -1.0 0.0 
0.0544032 -0.413672 0.00593366 0.707107 -0.0 0.707107 
0.151157 -0.214377 -0.0821236 0.135341 -0.0431634 -0.989858 
-0.338178 -0.882436 -0.128161 -0.0 -1.0 0.0 
0.0120368 0.413123 0.0483001 0.707107 0.0 0.707107 
-0.262712 -0.882436 -0.152734 -0.0 -1.0 0.0 
0.0573877 0.519397 -0.138726 0.707104 6.30574e-06 -0.70711 
0.0888679 0.25088 -0.028531 0.707107 0.0 0.707107 
0.163515 -0.839135 -0.103836 0.707105 0.0 -0.707109 
-0.261101 0.854111 -0.186001 -0.701052 0.130539 -0.70106 
0.11763 0.547405 -0.0784834 0.707107 8.8619e-08 -0.707107 
-0.0930911 -0.882436 -0.106409 -0.0 -1.0 0.0 
-0.207504 -0.753249 0.109283 -0.70711 -0.0 0.707104 
-0.158706 -0.882436 -0.150604 -0.0 -1.0 0.0 
-0.113459 0.819138 0.117846 -0.70711 -3.23689e-05 0.707104 
-0.0810545 0.61244 0.0133158 0.608759 -0.0 0.793355 
-0.32754 -0.679428 -0.0107542 -0.70711 -0.0 0.707104 
-0.0321206 -0.882436 -0.0507558 0.0 -1.0 0.0 
-0.163212 0.103075 -0.28935 -0.707107 0.0 -0.707107 
-0.0311493 0.78961 0.0649905 0.701052 -0.130533 0.701061 
-0.283327 0.481202 -0.169235 -0.707107 0.0 -0.707107 
0.126844 -0.882436 -0.0026818 0.0 -1.0 0.0 
0.108141 -0.584005 -0.0916782 0.707104 0.0 -0.70711 
0.00465468 -0.738485 0.0951309 0.606815 0.608957 0.510829 
-0.11852 0.965445 -0.229149 0.707092 2.78959e-05 -0.707121 
-0.337797 -0.863981 -0.186001 -0.707109 0.0 -0.707105 
-0.0446209 -0.357301 -0.240736 0.70711 -2.13182e-07 -0.707104 
0.0541376 0.207352 -0.162493 0.707107 0.0 -0.707107 
-0.261101 0.0514 -0.191461 -0.707107 0.0 -0.707107 
-0.106077 -0.657282 -0.302192 0.707104 -1.94458e-05 -0.70711 
-0.00116408 -0.734621 0.0947493 0.340608 0.919622 0.195656 
-0.0120339 0.479562 -0.208147 0.707104 6.30574e-06 -0.70711 
0.0637115 -0.354616 -0.132403 0.70711 -2.13182e-07 -0.707104 
-0.0736285 0.59758 -0.227157 0.0 1.0 0.0 
-0.275618 0.201638 0.0411686 -0.70711 0.0 0.707104 
-0.165134 -0.780575 0.197868 0.0 1.0 0.0 
0.0765516 0.523854 -0.119562 0.707107 -1.50203e-07 -0.707107 
-0.135605 0.922488 0.0956979 -0.707107 -6.4107e-08 0.707107 
-0.0322558 0.774846 -0.134338 0.707107 -4.40509e-05 -0.707107 
-0.294154 -0.882436 -0.0973101 -0.0 -1.0 0.0 
-0.188001 0.999632 -0.0139593 0.0922872 0.991447 0.092286 
0.0717572 -0.539773 -0.0114203 0.707107 -0.0 0.707107 
0.0489473 0.464798 -0.147166 0.707107 -9.51377e-08 -0.707107 
-0.163212 -0.450583 -0.28935 -0.707107 0.0 -0.707107 
-0.332998 -0.0150389 -0.0162126 -0.70711 0.0 0.707104 
-0.131025 -0.550353 0.185762 -0.70711 -0.0 0.707104 
-0.139009 -0.0780587 0.177778 -0.70711 -0.0 0.707104 
0.0340718 0.938507 -0.0543635 0.560975 0.608782 0.560975 
0.115386 0.0514 -0.0550494 0.707107 0.0 0.707107 
-0.034182 -0.347233 0.0945189 0.707107 -0.0 0.707107 
-0.211149 0.969838 -0.130558 -0.430481 0.79333 -0.430481 
-0.135605 0.206424 -0.316957 -0.707107 0.0 -0.707107 
-0.347762 0.213806 -0.0309768 -0.70711 0.0 0.707104 
-0.142712 -0.780575 -0.351081 0.0 1.0 0.0 
-0.236152 0.0194759 -0.21641 -0.707107 0.0 -0.707107 
-0.256915 -0.882436 -0.0895394 -0.0 -1.0 0.0 
0.112956 -0.590454 -0.0868627 0.707104 0.0 -0.70711 
-0.122767 0.486944 0.183104 0.707107 -0.0 0.707107 
-0.122767 0.361448 0.183104 0.707107 -0.0 0.707107 
-0.133683 -0.428437 -0.318879 -0.707107 0.0 -0.707107 
0.0174941 0.553383 -0.178619 0.707104 6.30574e-06 -0.70711 
-0.172516 -0.00765684 0.144271 -0.70711 -0.0 0.707104 
-0.294972 0.597579 -0.147267 0.0 1.0 0.0 
-0.342304 -0.780575 0.0206979 0.0 1.0 0.0 
-0.0688035 0.368772 -0.285434 0.707107 -0.0 -0.707107 
-0.200122 0.47218 0.116665 -0.70711 0.0 0.707104 
-0.175565 -0.0134298 0.141222 -0.70711 -0.0 0.707104 
-0.0465317 0.911811 -0.148613 0.707107 -3.31039e-08 -0.707107 
-0.276657 -0.882436 -0.0876711 -0.0 -1.0 0.0 
0.108004 -0.0298031 -0.0476672 0.707107 0.0 0.707107 
-0.128223 0.978861 -0.193383 -0.270591 0.923884 -0.270591 
-0.112817 0.837549 -0.2149 0.707111 -6.93954e-07 -0.707103 
-0.203222 0.870813 0.02808 -0.70711 3.23625e-05 0.707104 
-0.11208 -0.431139 -0.308195 0.70711 -2.13182e-07 -0.707104 
-0.0637104 0.0440179 0.124047 0.707107 -0.0 0.707107 
-0.31349 -0.529101 -0.139072 -0.707107 0.0 -0.707107 
-0.396853 -0.878745 -0.126944 -0.707109 0.0 -0.707105 
-0.0322558 0.828113 0.0723726 0.701056 0.130539 0.701056 
-0.151216 -0.882436 -0.306779 -0.0 -1.0 0.0 
-0.288707 -0.258648 -0.163855 -0.707107 0.0 -0.707107 
-0.163245 -0.882436 -0.304882 -0.0 -1.0 0.0 
-0.128223 -0.882436 -0.267204 -0.0 -1.0 0.0 
-0.157563 0.298378 0.159224 -0.70711 -0.0 0.707104 
0.0467143 0.373043 -0.169916 0.707107 0.0 -0.707107 
-0.298011 0.597579 -0.156473 0.0 1.0 0.0 
-0.0913126 0.464798 -0.287426 0.707104 8.50633e-06 -0.707109 
-0.0710887 0.00710737 -0.267204 0.707111 5.54804e-07 -0.707103 
0.144915 -0.780575 -0.119562 -0.0 1.0 0.0 
-0.153136 0.597579 -0.224779 0.0 1.0 0.0 
-0.30804 -0.0110499 -0.144522 -0.707107 0.0 -0.707107 
0.043038 -0.638438 -0.153076 0.70711 2.44505e-07 -0.707104 
-0.286612 -0.583216 -0.165951 -0.707107 0.0 -0.707107 
-0.120841 0.420505 0.181178 0.707107 -0.0 0.707107 
-0.32754 -0.480111 -0.125022 -0.707107 0.0 -0.707107 
-0.238955 0.00710736 -0.213607 -0.707107 0.0 -0.707107 
0.0585746 -0.424201 -0.13754 0.70711 -2.13182e-07 -0.707104 
-0.0248737 -0.36938 0.0852106 0.707107 -0.0 0.707107 
-0.153672 -0.128499 0.163116 -0.70711 -0.0 0.707104 
-0.246337 -0.398908 -0.206225 -0.707107 0.0 -0.707107 
0.00273028 0.501708 -0.193383 0.707104 6.30574e-06 -0.70711 
-0.244414 -0.745867 0.0723726 -0.70711 -0.0 0.707104 
0.0823688 -0.730658 0.0165405 0.72417 -0.677126 0.130682 
-0.202044 0.538619 -0.250518 -0.707107 0.0 -0.707107 
-0.0913127 -0.162681 0.15165 0.707107 -0.0 0.707107 
0.0232472 0.250717 -0.193383 0.707107 0.0 -0.707107 
-0.238955 0.582911 -0.242101 -0.707107 3.79198e-07 -0.707107 
-0.320158 0.0514 -0.132404 -0.707107 0.0 -0.707107 
-0.328972 0.245504 -0.12359 -0.707107 0.0 -0.707107 
-0.32754 -0.398908 -0.0107542 -0.70711 0.0 0.707104 
0.0285815 -0.620371 -0.171237 0.707104 -0.0 -0.70711 
-0.113459 -0.882436 -0.208147 -0.0 -1.0 0.0 
-0.00272743 0.176896 0.0630643 0.707107 0.0 0.707107 
0.0691674 0.19166 -0.00883054 0.707107 0.0 0.707107 
-0.371832 0.295009 -0.0807295 -0.707107 0.0 -0.707107 
-0.29609 -0.317705 -0.156473 -0.707107 0.0 -0.707107 
0.150762 -0.413993 -0.0554019 0.983988 -0.123088 -0.128906 
-0.19274 -0.133153 0.124047 -0.70711 -0.0 0.707104 
-0.04702 -0.08886 0.107357 0.707107 -0.0 0.707107 
0.0341831 -0.022421 -0.161931 0.707111 5.54804e-07 -0.707103 
-0.259386 0.192032 0.0574005 -0.70711 0.0 0.707104 
-0.261101 -0.0962421 0.0556853 -0.70711 0.0 0.707104 
-0.0174916 0.981767 -0.0826516 0.270599 0.923879 0.270599 
-0.416125 -0.882436 -0.0974158 -0.0 -1.0 0.0 
-0.119504 0.0316936 -0.315618 0.707074 2.49592e-06 -0.70714 
-0.0865257 -0.882436 -0.306816 -0.0 -1.0 0.0 
0.026801 -0.376762 -0.169314 0.70711 -2.13182e-07 -0.707104 
0.0219243 0.917582 -0.019508 0.560975 0.608782 0.560975 
-0.104738 0.0514838 0.209433 0.793777 -0.0131392 0.608068 
-0.264093 0.372172 0.0526929 -0.70711 0.0 0.707104 
-0.115385 -0.413672 0.175722 0.707107 -0.0 0.707107 
-0.196567 -0.377205 0.120219 -0.70711 -0.0 0.707104 
-0.318236 -0.642518 -0.134326 -0.707107 0.0 -0.707107 
-0.289866 -0.364985 0.0269201 -0.70711 -0.0 0.707104 
-0.0459554 -0.882436 0.0611486 0.0 -1.0 0.0 
0.0667629 0.30996 -0.149867 0.707107 0.0 -0.707107 
0.00465468 0.125221 -0.211976 0.707107 -0.0 -0.707107 
0.0710936 -0.332469 -0.0107568 0.707107 0.0 0.707107 
0.100622 0.00710736 -0.0954917 0.707107 -0.0 -0.707107 
-0.184119 -0.430035 -0.268443 -0.707107 0.0 -0.707107 
-0.0858568 -0.598225 0.146194 0.707107 -0.0 0.707107 
-0.181511 0.0912178 -0.271051 -0.707107 0.0 -0.707107 
0.113222 0.520645 -0.0528852 0.707107 0.0 0.707107 
-0.202044 -0.0150389 -0.250518 -0.707107 0.0 -0.707107 
0.0248748 0.427887 0.0354621 0.707107 0.0 0.707107 
-0.379215 0.538619 -0.0733476 -0.707107 0.0 -0.707107 
-0.133683 -0.708956 -0.318879 -0.707107 0.0 -0.707107 
-0.238045 -0.647643 0.0787419 -0.70711 -0.0 0.707104 
-0.182415 -0.780575 -0.303428 0.0 1.0 0.0 
0.0227221 0.597579 -0.0361517 0.0 1.0 0.0 
-0.0943906 -0.382369 -0.290506 0.70711 -2.13182e-07 -0.707104 
-0.36445 -0.568696 -0.0881117 -0.707107 0.0 -0.707107 
-0.334922 -0.50964 -0.0181363 -0.70711 0.0 0.707104 
-0.308161 0.748236 -0.0768576 -0.70711 3.3956e-05 0.707104 
-0.157752 -0.882436 0.131429 0.0 -1.0 0.0 
-0.0322558 -0.162681 -0.228371 0.70711 -2.13182e-07 -0.707104 
-0.265532 -0.780575 -0.224533 -0.0 1.0 -0.0 
0.06917 -0.251266 -0.126944 0.707111 5.54804e-07 -0.707103 
-0.262386 -0.0225 0.0544002 -0.70711 0.0 0.707104 
-0.298011 0.811756 -0.151779 -0.701052 -0.130533 -0.701061 
-0.128223 -0.576079 -0.324335 0.706853 0.0 -0.707361 
-0.280975 -0.882436 -0.0374691 0.0 -1.0 0.0 
0.159679 -0.295559 -0.0557023 0.924317 -0.033885 0.380118 
-0.17618 0.121293 0.140607 -0.70711 -0.0 0.707104 
-0.0446404 -0.882436 -0.274546 -0.0 -1.0 0.0 
-0.202044 0.287627 0.114743 -0.70711 0.0 0.707104 
-0.355657 -0.243126 -0.096905 -0.707107 0.0 -0.707107 
-0.113241 -0.780575 0.241138 0.0 1.0 0.0 
-0.0544021 -0.841834 0.185976 0.707107 -0.0 0.707107 
0.0292808 0.520811 -0.166832 0.707104 6.30574e-06 -0.70711 
-0.209426 0.922488 0.0218769 -0.707107 -8.5476e-08 0.707107 
-0.0780432 -0.590843 0.183104 0.791782 0.0286378 0.610132 
-0.318236 -0.206974 -0.134326 -0.707107 0.0 -0.707107 
-0.134291 0.994896 -0.0167858 0.0922836 0.991447 0.0922836 
-0.0986947 0.693643 -0.209325 0.707092 -2.78664e-05 -0.707121 
-0.0543913 0.715789 -0.156473 0.707107 -2.11356e-07 -0.707107 
-0.0799126 -0.882436 -0.169099 -0.0 -1.0 0.0 
-0.0996541 -0.882436 -0.192616 -0.0 -1.0 0.0 
0.0784757 -0.620371 -0.0181389 0.707107 -0.0 0.707107 
-0.319513 0.915106 -0.0974158 -0.560967 0.608803 -0.56096 
-0.261101 0.968728 -0.0826516 -0.430495 0.793317 -0.43049 
-0.157752 0.715789 -0.236893 -0.560989 -0.60876 -0.560983 
2.96236e-05 0.597579 -0.0639546 0.0 1.0 -0.0 
0.0637115 -0.0593315 -0.00337462 0.707107 0.0 0.707107 
-0.216437 0.760082 -0.215529 -0.65329 -0.382654 -0.65329 
-0.360947 -0.863828 -0.162851 -0.707109 0.0 -0.707105 
-0.0950571 0.997483 -0.137895 -0.0922901 0.991446 -0.092289 
-0.0408738 0.597579 -0.177355 0.0 1.0 -0.0 
-0.0544021 0.0218716 0.114739 0.707107 -0.0 0.707107 
-0.135605 0.833903 0.0956992 -0.70711 3.23625e-05 0.707104 
-0.128178 0.741887 0.103125 -0.707107 -2.93587e-07 0.707107 
-0.257092 0.806305 -0.0257892 -0.70711 -3.33959e-05 0.707104 
-0.283247 -0.627753 -0.169315 -0.707107 0.0 -0.707107 
0.0728048 0.0506598 -0.13446 -0.0 -1.0 -0.0 
-0.288681 -0.0628443 -0.163881 -0.707107 0.0 -0.707107 
-0.0396379 0.678879 -0.035479 0.430471 -0.793341 0.430471 
0.00465468 0.531237 0.0556821 0.707107 0.0 0.707107 
-0.216808 0.796992 -0.230232 -0.701052 -0.130533 -0.701061 
0.113462 0.265481 -0.0826516 0.707107 -0.0 -0.707107 
0.0101106 0.0440179 0.0502263 0.707107 0.0 0.707107 
0.0389651 -0.882436 -0.00622689 0.0 -1.0 0.0 
-0.04702 -0.539168 0.107357 0.707107 -0.0 0.707107 
0.0590654 0.11266 0.00127144 0.707107 0.0 0.707107 
-0.0143234 -0.468475 0.0746603 0.707107 0.0 0.707107 
-0.193543 -0.780329 -0.259019 -0.707107 0.0 -0.707107 
-0.150369 -0.882436 -0.341025 -0.0 -1.0 0.0 
-0.0182857 -0.882436 -0.16266 -0.0 -1.0 0.0 
-0.23409 -0.780575 -0.279957 -0.0 1.0 0.0 
-0.31726 -0.780575 0.00259274 0.0 1.0 0.0 
-0.209937 -0.14357 0.10685 -0.70711 -0.0 0.707104 
-0.317017 -0.882436 -0.0444939 0.0 -1.0 0.0 
-0.231573 -0.0298031 -0.22099 -0.707107 0.0 -0.707107 
-0.0322558 -0.12577 0.0925927 0.707107 -0.0 0.707107 
-0.139364 0.703021 0.0919394 -0.707111 -4.64784e-05 0.707103 
0.0984568 0.59758 -0.0953188 0.0 1.0 0.0 
-0.120543 -0.882436 -0.111592 -0.0 -1.0 0.0 
-0.135605 -0.347234 0.181182 -0.70711 -0.0 0.707104 
-0.0849028 0.247924 -0.337442 0.793395 0.0 -0.608707 
0.0852524 -0.21607 -0.0249156 0.707107 0.0 0.707107 
-0.118782 -0.80057 -0.386131 0.707105 -0.0 -0.707109 
-0.219186 -0.818192 -0.304613 -0.707109 0.0 -0.707105 
-0.0489463 -0.494876 0.109283 0.707107 -0.0 0.707107 
-0.349207 -0.175994 -0.0324215 -0.70711 0.0 0.707104 
0.0649001 0.384807 -0.15173 0.707107 0.0 -0.707107 
-0.049984 0.5732 -0.268985 -0.0 -1.0 -0.0 
-0.0316922 -0.248957 -0.227807 0.70711 -2.13182e-07 -0.707104 
-0.00272743 0.782228 -0.10481 0.707107 -4.40509e-05 -0.707107 
-0.120841 0.272863 0.181178 0.707107 -0.0 0.707107 
0.120844 0.457415 -0.0752695 0.707107 -0.0 -0.707107 
-0.32754 -0.780575 0.0330596 -0.0 1.0 -0.0 
-0.18728 0.693643 -0.176638 -0.430484 -0.793329 -0.430479 
-0.22965 -0.0593315 0.0871368 -0.70711 -0.0 0.707104 
-0.10667 0.225719 -0.344898 -0.38277 0.0 -0.923844 
-0.121491 -0.151707 0.221497 0.125423 -0.0122208 0.992028 
0.0563294 0.546001 0.00400745 0.707107 0.0 0.707107 
-0.160171 -0.842886 -0.363628 -0.707109 0.0 -0.707105 
-0.00904492 -0.882436 0.0699335 0.0 -1.0 0.0 
-0.12083 0.745317 -0.222911 0.707107 -1.62175e-07 -0.707107 
-0.0753594 -0.080022 0.135696 0.707107 -0.0 0.707107 
-0.0175216 -0.882436 -0.0401125 0.0 -1.0 0.0 
-0.238955 -0.0814779 0.0778318 -0.70711 -0.0 0.707104 
-0.0470093 0.900342 -0.14909 0.707107 -3.31039e-08 -0.707107 
-0.209426 -0.428437 -0.243136 -0.707107 0.0 -0.707107 
-0.287757 -0.0482635 0.0290291 -0.70711 0.0 0.707104 
-0.191521 0.701025 -0.186001 -0.430484 -0.793329 -0.430479 
-0.217676 0.0866025 -0.234886 -0.707107 0.0 -0.707107 
-0.142987 -0.780575 0.212632 0.0 1.0 0.0 
-0.200122 -0.384144 -0.25244 -0.707107 0.0 -0.707107 
-0.128223 0.981545 -0.18422 -0.27059 0.923884 -0.27059 
-0.165134 -0.882436 -0.171237 -0.0 -1.0 0.0 
0.0194189 0.147367 -0.197211 0.707107 -0.0 -0.707107 
-0.0966432 -0.882436 -0.286854 -0.0 -1.0 0.0 
0.00272849 -0.206974 0.0576084 0.707107 -0.0 0.707107 
-0.0667925 0.59758 0.10035 0.0 1.0 0.0 
-0.131686 -0.0518451 -0.320876 -0.707107 0.0 -0.707107 
-0.0515413 0.656732 -0.0974158 0.0922866 -0.991447 0.0922866 
-0.335837 0.0576412 -0.0190517 -0.70711 0.0 0.707104 
-0.128462 0.0956926 0.197868 -0.988027 0.0792451 0.132377 
-0.106077 -0.882436 -0.208147 -0.0 -1.0 0.0 
-0.36445 0.280245 -0.047665 -0.70711 0.0 0.707104 
0.103749 0.136501 -0.109115 0.0 -1.0 0.0 
-0.214045 -0.882436 -0.0202891 0.0 -1.0 0.0 
-0.323158 -0.569029 -0.00637244 -0.70711 -0.0 0.707104 
-0.342304 -0.103624 -0.0255185 -0.70711 0.0 0.707104 
-0.347762 0.250717 -0.0309768 -0.70711 0.0 0.707104 
