ply
format ascii 1.0
comment VCGLIB generated
element vertex 2000
property float x
property float y
property float z
property float nx
property float ny
property float nz
element face 0
property list uchar int vertex_indices
end_header
-0.0827355 -0.550256 -0.0810408 -0.382888 -0.000307719 -0.923795 
-0.0772171 0.398896 -0.0649014 -0.785702 -0.13781 -0.60306 
-0.0827355 -0.996598 0.0165214 -0.0 -1.0 0.0 
0.0611024 0.407174 0.0312942 0.0 1.0 0.0 
3.94508e-05 -0.119827 -0.00727508 -0.165417 0.0 -0.986224 
0.00609482 -0.996598 -0.10736 0.0 -1.0 -0.0 
3.94508e-05 0.354749 -0.00727508 -0.165417 0.0 -0.986224 
0.066175 -0.940663 -0.118709 0.923866 0.0 -0.382717 
-0.0606622 -0.726843 -0.0880688 -0.38264 0.0 -0.923898 
0.00555778 0.0733147 0.00474867 0.874876 -0.0 0.484347 
0.083077 -0.508973 0.0389751 0.0 1.0 0.0 
0.0105609 -0.994645 -0.0100518 -0.0 -1.0 -0.0 
0.0664221 -0.508973 -0.109568 -0.0 1.0 -0.0 
-0.0496255 -0.566811 -0.0947547 -0.382655 6.74283e-05 -0.923891 
0.0518583 -0.994645 -0.0476054 -0.0 -1.0 -0.0 
-0.0915923 0.407174 -0.0218567 0.0 1.0 0.0 
0.0835016 -0.831691 -0.0717719 0.923895 0.0 -0.382646 
-0.106173 -0.760115 0.0206019 0.0 -1.0 -0.0 
-0.0937721 -0.996598 -3.36021e-05 -0.0 -1.0 -0.0 
-0.0165155 -0.994645 0.0496313 -0.0 -1.0 -0.0 
-0.0441072 0.407174 -0.00555193 -0.0 1.0 -0.0 
0.121443 -0.908948 0.06497 0.38261 0.0 0.92391 
-0.0473242 -0.940242 0.134872 0.382557 -0.0 0.923932 
0.0883327 -0.853764 -0.0601072 0.923895 -0.0 -0.382646 
-0.0120084 -0.508973 -0.0564614 -0.0 1.0 -0.0 
0.0497044 -0.721324 0.0925725 0.38264 -0.0 0.923898 
0.0301211 0.407174 0.0839933 0.0 1.0 -0.0 
0.0869786 -0.508973 0.00604737 -0.0 1.0 -0.0 
0.00555778 0.407174 0.0661863 -0.0 1.0 -0.0 
-0.0827355 -0.994645 -0.0221069 0.0 -1.0 -0.0 
0.0605271 -0.994645 0.0520314 -0.0 -1.0 -0.0 
0.106417 -0.584836 -0.0215526 0.924062 -0.000534169 -0.382242 
0.077296 -0.958613 0.0832552 0.382675 -7.65877e-05 0.923883 
-0.0716988 -0.57233 0.105118 -0.923892 4.46809e-05 0.382654 
-0.0716988 0.407174 0.0661863 0.0 1.0 0.0 
0.0490438 -0.594749 0.0949567 0.382809 -0.000197838 0.923827 
-0.121207 -0.653404 -0.0195264 -0.923895 0.0 0.382646 
-0.00547888 -0.119827 -0.00481589 -0.874876 0.0 -0.484347 
0.0110761 0.407174 -0.0441802 -0.0 1.0 -0.0 
-0.048219 0.38763 -0.0741031 -0.0 -1.0 0.0 
0.0298553 -0.508973 -0.0322017 -0.0 1.0 -0.0 
0.0190844 0.407174 0.0813963 0.0 1.0 -0.0 
0.0467937 -0.848246 0.093778 0.38264 -0.0 0.923898 
-0.0134872 0.407174 0.0800978 -0.0 1.0 -0.0 
-0.0315503 -0.768833 0.126225 0.38264 -0.0 0.923898 
-0.0275522 -0.726843 0.124569 0.38264 -0.0 0.923898 
3.94508e-05 -0.395743 -0.00727508 -0.165417 0.0 -0.986224 
-0.0538798 -0.996598 0.0843868 -0.0 -1.0 0.0 
0.122853 -0.575786 0.0643908 0.38264 6.25804e-05 0.923897 
0.122355 -0.908948 0.0220397 0.923895 -0.0 -0.382646 
0.0607411 -0.994645 0.0385947 -0.0 -1.0 -0.0 
-0.0211886 0.407174 0.0704497 0.0 1.0 0.0 
0.0669144 0.38763 -0.00972186 -0.0 -1.0 -0.0 
-0.0652744 0.407174 0.0521727 0.0 1.0 0.0 
0.0100258 -0.508973 -0.0447261 -0.0 1.0 -0.0 
-0.0223408 0.407174 0.0936415 0.0 1.0 0.0 
-0.00998605 -0.508973 -0.0529296 -0.0 1.0 -0.0 
-0.0907589 -0.530241 -0.0777155 -0.382655 6.74283e-05 -0.923891 
0.0766451 -0.798581 -0.0883268 0.923895 0.0 -0.382646 
0.0682893 -0.994645 0.0330144 -0.0 -1.0 -0.0 
-0.0827355 0.387859 -0.0494559 -0.56784 -0.730436 -0.379501 
0.0386677 0.398896 -0.0939097 0.187311 -0.0605015 -0.980436 
-0.0496255 -0.776508 -0.0926397 -0.38264 0.0 -0.923898 
-0.0115552 0.38763 0.060314 0.0 -1.0 0.0 
-0.0334503 0.406805 -0.0963785 -0.284889 -0.119724 -0.951055 
-0.126233 -0.973249 -0.026548 -0.923883 2.63958e-05 0.382676 
0.00682106 -0.853764 0.110333 0.38264 -0.0 0.923898 
0.0033405 -0.391012 0.00638409 0.579544 -0.0 0.814941 
0.0764781 -0.552866 -0.0938352 0.923883 2.58145e-05 -0.382676 
-0.0375448 0.38763 0.02037 0.0 -1.0 -0.0 
0.0651267 -0.508973 -0.101421 -0.0 1.0 -0.0 
0.00555778 -0.953094 0.110856 0.38264 -0.0 0.923898 
-0.0601565 -0.508973 0.13066 0.0 1.0 0.0 
0.0999688 -0.992317 -0.0371196 0.923883 -2.65635e-05 -0.382676 
-0.0661805 0.393378 -0.0753775 -0.54813 -0.11749 -0.8281 
0.0117347 -0.996598 0.101445 0.0 -1.0 0.0 
0.054777 -0.903429 -0.137992 -0.382632 0.0 -0.923901 
-0.124536 -0.508973 -0.0531737 -0.0 1.0 -0.0 
0.0993693 -0.743398 -0.0385687 0.924211 -0.0 -0.381882 
0.0331494 0.407174 -0.0110703 0.0 1.0 0.0 
0.0135661 0.407174 0.0800978 0.0 1.0 -0.0 
0.0552227 -0.809618 0.090287 0.38264 -0.0 0.923898 
-0.0551438 -0.837209 0.138109 0.382557 -0.0 0.923932 
-0.0542985 0.407174 0.0782407 0.0 1.0 0.0 
0.0793819 -0.675161 -0.0817187 0.923895 0.0 -0.382646 
-0.0551438 -0.688214 0.138109 0.382557 -0.0 0.923932 
-0.0013527 0.407174 0.075223 0.0 1.0 0.0 
0.0134506 -0.831041 0.107587 0.38264 -0.0 0.923898 
0.0412265 0.38763 -0.0301353 0.0 -1.0 0.0 
0.0607411 -0.798581 -0.131827 0.923866 -0.0 -0.382717 
-0.0674241 -0.704769 0.110333 -0.923895 0.0 0.382646 
-0.0252888 -0.508973 0.00323522 0.0 1.0 0.0 
0.0706059 -0.508973 -0.0772852 -0.0 1.0 -0.0 
-0.0917889 -0.544738 -0.0772902 -0.382888 -0.000307719 -0.923795 
-0.0834227 -0.831691 0.0717047 -0.923895 0.0 0.382646 
-0.108563 -0.610958 0.0110031 -0.923895 0.0 0.382646 
0.0243597 0.407174 -0.0319654 -0.0 1.0 -0.0 
-0.0473621 -0.508973 -0.0793088 -0.0 1.0 -0.0 
0.113213 -0.63855 -3.36021e-05 0.923895 0.0 -0.382646 
0.123583 -0.9023 0.0640838 0.38261 0.0 0.92391 
-0.0650921 0.407174 -0.0338225 -0.0 1.0 -0.0 
0.0386677 -0.953094 -0.13132 -0.382632 0.0 -0.923901 
0.0552227 -0.528183 0.0923991 0.382655 6.72785e-05 0.923891 
0.0248114 -0.994645 -0.0536128 -0.0 -1.0 -0.0 
0.13594 -0.908326 0.0589665 0.38261 -0.0 0.92391 
0.0179492 -0.838551 -0.120626 -0.38264 0.0 -0.923898 
-0.0384478 -0.508973 0.0402499 0.0 1.0 0.0 
-0.0621294 -0.947654 -0.0874611 -0.38264 0.0 -0.923898 
-0.00452628 0.045723 -0.00555193 -0.579543 0.0 -0.814941 
-0.0184046 0.375348 0.0149626 -0.568371 -0.661266 0.489573 
-0.0938529 -0.614745 0.0465209 -0.923895 0.0 0.382646 
0.0185756 -0.508973 0.0850556 0.0 1.0 0.0 
-0.0882538 -0.508973 -0.0662535 -0.0 1.0 -0.0 
0.030886 -0.508973 -0.0766599 -0.0 1.0 -0.0 
0.0107857 0.38763 -0.0807697 -0.0 -1.0 0.0 
0.0640568 -0.508973 -0.0345194 -0.0 1.0 -0.0 
-0.00998924 0.369291 -0.0115901 -0.271793 -0.896332 -0.350311 
0.0430655 -0.994645 -0.032484 -0.0 -1.0 -0.0 
-0.103992 -0.925503 0.0220397 -0.923895 0.0 0.382646 
-0.00547888 -0.312968 0.00462272 -0.665838 0.0 0.746097 
0.112732 -0.960665 -0.00630615 0.923886 1.08288e-05 -0.382669 
-0.0415342 -0.94194 -0.0959908 -0.38264 0.0 -0.923898 
0.0386677 -0.908948 -0.13132 -0.382632 0.0 -0.923901 
-0.0501733 0.407174 -0.0425833 -0.0 1.0 -0.0 
-0.0577026 0.38763 -0.0262398 -0.0 -1.0 0.0 
0.0441861 -0.908948 -0.133606 -0.382632 0.0 -0.923901 
0.0292985 -0.994645 -0.0393376 0.0 -1.0 0.0 
0.083332 -0.583366 -0.0772902 0.923883 2.58193e-05 -0.382676 
0.0221128 0.407174 -0.0331436 -0.0 1.0 -0.0 
0.125923 -0.537657 0.0255399 0.923851 0.000113511 -0.382753 
-0.00959875 0.407174 0.0803771 -0.0 1.0 -0.0 
0.0717777 -0.710288 -0.100079 0.923895 0.0 -0.382646 
0.115499 -0.897911 0.00548473 0.923895 -0.0 -0.382646 
0.0110761 -0.770989 0.108571 0.38264 -0.0 0.923898 
0.000329961 0.38763 -0.0825356 0.0 -1.0 0.0 
0.0981663 0.398896 -0.0221069 0.969081 -0.170212 -0.178635 
-0.0606622 -0.980686 -0.0901785 -0.382655 6.3206e-05 -0.923891 
-0.0125716 0.407174 -0.0125245 0.0 1.0 -0.0 
-0.0496255 -0.649586 0.135825 0.382557 -0.0 0.923932 
-0.0200664 -0.715806 -0.104882 -0.38264 0.0 -0.923898 
-0.0496255 -0.980686 0.135825 0.382675 -7.6534e-05 0.923883 
-0.00747648 0.407174 0.0407655 0.0 1.0 0.0 
-0.0992904 -0.864801 -0.0720706 -0.38264 0.0 -0.923898 
0.050313 0.407174 -0.0139227 0.0 1.0 -0.0 
0.058727 0.38763 -0.0460384 -0.0 -1.0 0.0 
-0.0262817 -0.931663 -0.102308 -0.38264 0.0 -0.923898 
0.093851 -0.577848 -0.051894 0.923883 2.58193e-05 -0.382676 
-0.0383427 0.407174 0.0506929 -0.0 1.0 -0.0 
-0.0994315 -0.508973 -0.015697 0.0 1.0 0.0 
-0.0256841 0.38763 -0.0395042 -0.0 -1.0 -0.0 
0.0741882 -0.550256 -0.0993635 0.923883 2.58193e-05 -0.382676 
0.00555778 0.0512414 0.00474867 0.874876 -0.0 0.484347 
0.0110761 -0.759953 0.110684 0.382675 -0.0 0.923883 
0.00295045 -0.955557 0.112785 0.0 1.0 0.0 
-0.114795 -0.858165 -0.00404299 -0.923895 0.0 0.382646 
3.94508e-05 -0.456445 0.0072206 0.169772 -0.0 0.985483 
0.0604732 -0.682696 -0.132473 0.923866 -0.0 -0.382717 
-0.0350681 0.407174 0.0342729 0.0 1.0 0.0 
0.0761242 -0.508973 -0.0781682 -0.0 1.0 -0.0 
0.0880726 -0.682696 -0.0607352 0.923895 0.0 -0.382646 
-0.0328449 -0.610573 0.128881 0.382655 6.72785e-05 0.923891 
0.0947619 -0.759953 -0.0496986 0.923871 0.0 -0.382703 
-0.124562 -0.732361 -0.0276252 -0.923895 0.0 0.382646 
0.110365 -0.508973 -0.0106857 -0.0 1.0 -0.0 
0.0441861 -0.947576 -0.133606 -0.382632 0.0 -0.923901 
-0.0180663 -0.795963 -0.10571 -0.38264 0.0 -0.923898 
0.115499 -0.782026 0.00548473 0.923895 -0.0 -0.382646 
-0.1324 -0.881356 -0.0414387 -0.923866 0.0 0.382717 
0.0828144 -0.996598 -3.36021e-05 -0.0 -1.0 -0.0 
-0.0748323 -0.508973 0.0488788 0.0 1.0 0.0 
-0.0829981 -0.508973 0.0389751 0.0 1.0 0.0 
0.041097 0.407174 0.0579253 0.0 1.0 -0.0 
0.042561 0.38763 0.0790516 -0.0 -1.0 -0.0 
-0.118423 -0.881356 -0.0662535 -0.382557 0.0 -0.923932 
-0.0486359 -0.508973 -0.0824807 -0.0 1.0 -0.0 
0.12007 -0.693733 0.0165214 0.923895 -0.0 -0.382646 
0.0639681 0.38763 0.0251525 -0.0 -1.0 -0.0 
-0.0263587 -0.508973 -0.053355 -0.0 1.0 -0.0 
-0.0626433 -0.508973 0.0746676 0.0 1.0 0.0 
0.0912792 -0.828507 -0.0529928 0.923895 -0.0 -0.382646 
0.0993693 -0.996598 0.0717047 0.0 -1.0 0.0 
0.0132275 -0.994645 -0.0113307 -0.0 -1.0 -0.0 
-0.00452628 0.150571 -0.00555193 -0.579543 0.0 -0.814941 
0.0717777 -0.837209 0.0834307 0.38264 -0.0 0.923898 
0.0766451 -0.953094 -0.0883268 0.923895 -0.0 -0.382646 
0.0581871 -0.958613 -0.137992 0.923866 -0.0 -0.382717 
0.00886544 -0.893157 -0.116864 -0.38264 0.0 -0.923898 
0.0835016 -0.627513 -0.0717719 0.923895 0.0 -0.382646 
0.0251163 -0.659853 -0.123595 -0.38264 0.0 -0.923898 
-0.0479254 0.407174 -0.0353718 -0.0 1.0 -0.0 
-0.0483201 -0.994645 0.0491551 0.0 -1.0 -0.0 
0.0331494 0.407174 -0.0607352 0.0 1.0 0.0 
0.0376686 -0.994645 0.0235476 -0.0 -1.0 -0.0 
0.0933681 0.407174 -0.00130345 0.0 1.0 -0.0 
0.0880726 -0.870319 -0.0607352 0.923895 -0.0 -0.382646 
-0.0606622 -0.566811 -0.090184 -0.382888 -0.000307719 -0.923795 
-0.0814142 0.38763 -0.035075 -0.0 -1.0 0.0 
0.115924 -0.57233 0.00140304 0.923846 8.27836e-05 -0.382763 
0.0552227 -0.671659 0.090287 0.38264 -0.0 0.923898 
0.0581871 -0.517146 -0.137992 0.923295 -0.000321533 -0.384092 
-0.132944 -0.562822 -0.0602414 -0.382557 0.0 -0.923932 
-0.091781 -0.986204 -0.0772902 -0.382655 6.3206e-05 -0.923891 
-0.0560335 -0.508973 0.0704928 0.0 1.0 0.0 
0.0321313 -0.578705 0.101967 0.382655 6.73172e-05 0.923891 
-0.0646668 0.407174 0.0284977 -0.0 1.0 -0.0 
-0.0715299 0.38763 -0.013736 -0.0 -1.0 0.0 
3.94508e-05 -0.130863 -0.00727508 -0.165417 0.0 -0.986224 
-0.122276 -0.660623 -0.0221069 -0.923895 0.0 0.382646 
-0.121364 -0.782026 -0.0650361 -0.382557 0.0 -0.923932 
-0.0603938 -0.577848 0.132406 -0.923888 -0.0 0.382664 
0.0165944 -0.726843 0.106285 0.38264 -0.0 0.923898 
-0.0969022 -0.754561 -0.0751674 -0.382672 0.0 -0.923885 
0.0817095 0.38763 0.0419667 -0.0 -1.0 -0.0 
-0.0165155 -0.994645 0.0385947 0.0 -1.0 -0.0 
0.0594477 -0.508973 -0.0181982 -0.0 1.0 -0.0 
0.132479 -0.931021 0.0603995 0.38261 0.0 0.92391 
3.94508e-05 0.407174 -0.0772902 0.0 1.0 -0.0 
0.131831 -0.616476 0.060668 0.38261 -0.0 0.92391 
0.0276311 -0.897911 -0.124636 -0.38264 0.0 -0.923898 
3.94508e-05 -0.953094 -0.113209 -0.38264 0.0 -0.923898 
-0.0992904 -0.870319 0.0333921 -0.923895 0.0 0.382646 
-0.0278148 -0.508973 0.0301454 0.0 1.0 0.0 
-0.00547888 -0.994645 -0.0662535 0.0 -1.0 -0.0 
0.05409 -0.508973 -0.103187 -0.0 1.0 -0.0 
-0.0882538 -0.804099 -0.0766415 -0.38264 0.0 -0.923898 
0.00870008 -0.963592 -0.118908 -0.382672 -2.56725e-05 -0.923884 
-0.024518 -0.675025 0.123312 0.38264 -0.0 0.923898 
0.0867663 -0.671659 0.077223 0.38264 -0.0 0.923898 
0.093851 -0.743398 0.0742888 0.38264 -0.0 0.923898 
-0.00620901 0.407174 0.0363344 -0.0 1.0 -0.0 
-0.0028737 0.407174 0.0243405 0.0 1.0 -0.0 
-0.0336469 -0.994645 -0.0120754 0.0 -1.0 -0.0 
0.0467532 -0.508973 0.0790042 0.0 1.0 0.0 
-0.0175146 -0.994645 0.0105626 0.0 -1.0 -0.0 
0.0840381 -0.563696 0.0804626 0.382809 -0.000197838 0.923827 
-0.0385693 -0.508973 -0.0170802 -0.0 1.0 -0.0 
-0.110279 -0.665167 0.00686051 -0.923895 0.0 0.382646 
-0.0126651 -0.994645 -0.0211628 0.0 -1.0 -0.0 
-0.0109972 0.407174 0.00548473 0.0 1.0 0.0 
0.0721325 -0.996598 -0.0369473 -0.0 -1.0 -0.0 
0.0462002 0.38763 -0.0292619 -0.0 -1.0 0.0 
-0.0748616 -0.996598 0.0950542 -0.0 -1.0 -0.0 
0.0221128 -0.721324 -0.122351 -0.38264 0.0 -0.923898 
0.00477322 0.407174 0.0952193 0.0 1.0 0.0 
0.0993693 -0.996598 0.0551497 -0.0 -1.0 0.0 
-0.0251655 -0.517146 -0.104882 -0.382655 6.74283e-05 -0.923891 
-0.00674223 -0.782026 -0.1104 -0.38264 0.0 -0.923898 
-0.0536158 0.38763 -0.0180715 -0.0 -1.0 0.0 
-0.0106822 0.38763 -0.0595403 -0.0 -1.0 0.0 
-0.135822 -0.804099 -0.0496986 -0.923866 0.0 0.382717 
-0.0661805 -0.649586 -0.0857833 -0.38264 0.0 -0.923898 
0.0601128 -0.935436 -0.133343 0.923866 0.0 -0.382717 
0.0540736 0.407174 -0.0650846 0.0 1.0 0.0 
-0.0764131 -0.811082 0.088629 -0.923895 0.0 0.382646 
0.0469634 0.38763 0.0350838 -0.0 -1.0 0.0 
-0.0334546 -0.508973 0.0883493 0.0 1.0 0.0 
0.00555778 -0.881356 0.110856 0.38264 -0.0 0.923898 
-0.0692696 0.407174 0.0319552 0.0 1.0 0.0 
-0.0519617 -0.994645 0.0383898 0.0 -1.0 -0.0 
-0.0618343 -0.752809 0.128928 -0.923888 -0.0 0.382664 
0.137998 -0.842728 0.0581143 0.38261 -0.0 0.92391 
-0.0816028 -0.508973 -0.0117049 0.0 1.0 0.0 
-0.0384836 -0.732361 -0.0993635 -0.382376 0.0 -0.924007 
0.106357 -0.831691 -0.0165886 0.923895 -0.0 -0.382646 
-0.00711662 -0.202602 -3.36021e-05 -0.998412 0.0 -0.0563367 
-0.0384034 0.407174 0.0220278 0.0 1.0 0.0 
-0.0716988 -0.875838 -0.0834979 -0.38264 0.0 -0.923898 
0.0405358 0.38763 -0.0550862 -0.0 -1.0 0.0 
-0.0606621 -0.809618 0.131758 -0.923888 -0.0 0.382664 
-0.00547888 -0.63855 0.115427 0.38264 -0.0 0.923898 
-0.0867401 0.407174 0.0320296 0.0 1.0 0.0 
0.000767184 -0.264835 0.00709523 0.169772 -0.0 0.985483 
0.115924 -0.508973 0.0496313 0.0 1.0 0.0 
-0.121364 -0.765471 -0.0650361 -0.382557 0.0 -0.923932 
0.00979914 0.407174 0.023047 0.0 1.0 0.0 
0.0577313 -0.987247 0.0913586 0.382655 2.8716e-05 0.923891 
-0.1324 -0.511628 -0.0604672 -0.382655 6.74283e-05 -0.923891 
-0.135843 -0.989051 -0.0590409 -0.382655 6.3206e-05 -0.923891 
0.0661574 -0.508973 -0.0497388 -0.0 1.0 -0.0 
0.0857871 -0.815136 -0.0662535 0.923895 0.0 -0.382646 
0.133497 -0.64107 0.0599779 0.38261 -0.0 0.92391 
0.0935207 -0.612974 0.0748311 -0.398761 -0.901982 0.165586 
0.0858015 -0.667145 -0.0662188 0.923895 0.0 -0.382646 
0.119902 -0.53922 0.0110031 0.923883 2.58193e-05 -0.382676 
0.0386677 -0.517146 -0.13132 -0.382655 6.74283e-05 -0.923891 
0.0110761 -0.710288 -0.11778 -0.38264 0.0 -0.923898 
0.00719555 -0.290895 -3.36021e-05 0.99841 -0.0 0.0563619 
-0.0546974 -0.561293 0.137925 0.382557 -0.0 0.923932 
-0.128963 -0.508973 -0.0464019 0.0 1.0 0.0 
-0.064965 -0.897911 0.12137 -0.923888 0.0 0.382664 
0.0129358 -0.508973 0.063736 0.0 1.0 0.0 
-0.101707 -0.787544 0.027558 -0.923895 0.0 0.382646 
0.115499 -0.743398 0.00548473 0.923895 -0.0 -0.382646 
-0.0275522 0.407174 0.0165214 0.0 1.0 0.0 
0.00459339 -0.257785 -0.00555193 0.665837 0.0 -0.746097 
-0.0862761 -0.865924 -0.0774605 -0.38264 0.0 -0.923898 
0.0588968 -0.737406 -0.136279 0.923866 -0.0 -0.382717 
-0.117705 -0.886874 -0.0110703 -0.923895 0.0 0.382646 
0.0572333 -0.996598 0.0679669 -0.0 -1.0 0.0 
-0.0716988 -0.793063 -0.0834979 -0.38264 0.0 -0.923898 
0.106357 -0.837209 -0.0165886 0.923895 -0.0 -0.382646 
0.125383 -0.589498 0.0242354 0.923931 -4.72162e-05 -0.38256 
0.0497044 -0.994645 -0.0221069 -0.0 -1.0 -0.0 
-0.0135495 -0.603017 0.120888 0.382655 6.72785e-05 0.923891 
0.0976347 -0.768056 -0.0427623 0.923923 2.73608e-05 -0.382579 
0.00562524 0.103944 0.00462686 0.874876 -0.0 0.484347 
-0.0716988 -0.704769 -0.0834979 -0.38264 0.0 -0.923898 
0.0984997 0.406068 0.0257457 0.960339 -0.15818 0.229628 
0.077296 -0.508973 -0.0717719 -0.0 1.0 -0.0 
0.0961587 0.407174 0.0135802 0.0 1.0 -0.0 
0.00711014 0.341394 0.00148004 0.99841 0.0 0.0563619 
0.104071 -0.660623 -0.0221069 0.923895 0.0 -0.382646 
-0.0441072 -0.704769 0.13354 0.382557 -0.0 0.923932 
0.124641 -0.853764 0.027558 0.923895 -0.0 -0.382646 
0.0475853 0.407174 -0.00357966 0.0 1.0 0.0 
0.0414524 -0.804099 -0.132473 -0.382632 0.0 -0.923901 
0.0414525 -0.644068 -0.132473 -0.382632 0.0 -0.923901 
-0.0115307 0.38763 0.0605933 0.0 -1.0 0.0 
0.0993693 -0.953094 -0.0334592 0.923895 -0.0 -0.382646 
-0.0442319 0.407174 0.0128403 0.0 1.0 0.0 
0.0880726 -0.721324 -0.0607352 0.923895 0.0 -0.382646 
-0.0434093 -0.994645 0.0328839 0.0 -1.0 -0.0 
0.0973534 -0.653349 -0.0434383 0.924062 -0.0 -0.382242 
0.0554696 -0.925236 -0.138279 -0.382632 0.0 -0.923901 
-0.0546974 -0.710288 0.137925 0.382557 -0.0 0.923932 
0.0259959 0.407174 -0.0350041 -0.0 1.0 -0.0 
0.01815 -0.857254 -0.120709 -0.38264 0.0 -0.923898 
0.077296 -0.649586 0.0811452 0.38264 -0.0 0.923898 
-0.0269436 0.407174 -0.0262844 -0.0 1.0 -0.0 
-0.0674241 -0.688214 0.110333 -0.923895 0.0 0.382646 
-0.0686097 0.407174 0.0644178 -0.0 1.0 -0.0 
-0.0310122 0.407174 0.0211899 -0.0 1.0 -0.0 
-0.012081 -0.996598 -0.0991788 -0.0 -1.0 -0.0 
-0.0230868 -0.715397 0.12272 0.38264 -0.0 0.923898 
0.0497044 -0.577848 -0.135891 -0.382632 0.0 -0.923901 
-0.0481583 0.38763 -0.0454381 -0.0 -1.0 0.0 
0.00988263 -0.508973 -0.0572505 -0.0 1.0 -0.0 
-0.0617403 0.38763 0.0566096 -0.0 -1.0 0.0 
0.00555778 -0.517146 0.112968 0.382655 6.72785e-05 0.923891 
0.0263064 -0.980657 -0.1262 -0.382672 -2.56725e-05 -0.923884 
-0.0551438 -0.577848 -0.0924676 -0.382888 -0.000307719 -0.923795 
-0.077176 -0.508973 -0.0184767 0.0 1.0 0.0 
-0.0868722 -0.908106 0.0633756 -0.923895 0.0 0.382646 
0.0419898 0.38763 0.042592 -0.0 -1.0 0.0 
-0.0218355 -0.938781 0.122201 0.38264 -0.0 0.923898 
-0.0175754 -0.994645 -0.0181025 0.0 -1.0 -0.0 
0.0331494 -0.886874 -0.126922 -0.38264 0.0 -0.923898 
-0.0509712 0.38763 -0.0793951 0.0 -1.0 0.0 
-0.00547888 -0.627513 -0.110923 -0.38264 0.0 -0.923898 
-0.091547 0.387859 0.0330764 -0.669541 -0.730763 0.133042 
0.0862907 -0.508973 -0.00635188 -0.0 1.0 -0.0 
-0.0807379 0.407174 0.0615415 0.0 1.0 0.0 
-0.022175 -0.508973 0.0545334 0.0 1.0 0.0 
-0.0385888 -0.528183 -0.099323 -0.382655 6.74283e-05 -0.923891 
0.0769119 -0.508973 0.0706898 0.0 1.0 0.0 
0.00459339 -0.0756802 -0.00555193 0.665837 -0.0 -0.746097 
-0.0209228 -0.508973 -0.0979989 -0.0 1.0 -0.0 
0.107231 -0.670943 0.0687475 0.38264 -0.0 0.923898 
0.123314 -0.996598 0.0320197 0.0 -1.0 0.0 
0.127168 -0.641191 0.0336595 0.923895 -0.0 -0.382646 
-0.0772171 -0.881356 -0.0812124 -0.38264 0.0 -0.923898 
-0.0217796 0.38763 -0.0908024 -0.0 -1.0 0.0 
-0.0406699 -0.508973 -0.067178 -0.0 1.0 -0.0 
-0.0385888 -0.732361 -0.0993199 -0.382376 0.0 -0.924007 
-0.0957022 -0.820408 0.0420559 -0.923895 0.0 0.382646 
-0.0154035 -0.731861 0.119537 0.38264 -0.0 0.923898 
0.121443 -0.555775 0.0147262 0.923811 0.000176061 -0.382849 
-0.0890338 -0.996598 0.031762 -0.0 -1.0 -0.0 
0.00555778 0.407174 -3.36021e-05 0.0 1.0 0.0 
0.0696181 -0.599921 -0.1104 0.923883 2.58145e-05 -0.382676 
-0.0385888 0.407174 0.0496313 0.0 1.0 0.0 
-0.0451184 -0.508973 0.0157596 0.0 1.0 0.0 
0.109234 -0.508973 -0.010769 -0.0 1.0 -0.0 
0.0741875 -0.522665 -0.0993635 0.923883 2.58193e-05 -0.382676 
0.00830846 -0.674933 -0.116634 -0.38264 0.0 -0.923898 
0.0276311 -0.616476 0.101714 0.38264 -0.0 0.923898 
-0.0853685 -0.595767 0.0721162 -0.923892 4.46809e-05 0.382654 
0.0883327 -0.947576 0.0765743 0.38264 -0.0 0.923898 
-0.0927352 -0.598058 0.0543313 -0.923852 -5.97552e-05 0.382749 
-0.136693 -0.87622 -0.0518005 -0.923866 0.0 0.382717 
0.0684836 -0.508973 -0.0412912 -0.0 1.0 -0.0 
-0.0330705 -0.953094 0.126854 0.38264 -0.0 0.923898 
0.00459339 -0.169492 -0.00555193 0.665837 0.0 -0.746097 
0.00999224 -0.996598 -0.0956468 -0.0 -1.0 -0.0 
-0.0278755 -0.508973 0.0588058 0.0 1.0 0.0 
0.0697886 -0.864801 -0.104882 0.923895 0.0 -0.382646 
-0.100991 0.407174 -0.0115315 0.0 1.0 0.0 
0.132479 -0.682696 0.0603995 0.38261 -0.0 0.92391 
-0.0823164 -0.880477 -0.0791005 -0.38264 0.0 -0.923898 
-0.0681773 -0.855024 0.108515 -0.923895 0.0 0.382646 
0.00960888 0.38763 -0.0363486 0.0 -1.0 -0.0 
0.060118 -0.721324 0.0882596 0.38264 -0.0 0.923898 
-0.0716988 -0.996598 -0.0828085 0.0 -1.0 -0.0 
-0.028612 -0.994645 -0.0206995 0.0 -1.0 -0.0 
-0.0600391 -0.627513 -0.0883268 -0.38264 0.0 -0.923898 
-0.0716988 0.387859 -0.0659712 -0.566915 -0.731475 -0.378882 
0.0883327 -0.508973 0.0551497 0.0 1.0 0.0 
-0.0101962 0.38763 -0.0898571 -0.0 -1.0 0.0 
0.0370003 -0.994645 -0.0287419 -0.0 -1.0 -0.0 
-0.119161 -0.508973 -0.0475044 0.0 1.0 0.0 
-0.0765662 -0.881356 0.0882596 -0.923895 0.0 0.382646 
0.0217978 0.38763 -0.0621373 0.0 -1.0 0.0 
0.0331494 -0.994645 0.0661863 -0.0 -1.0 -0.0 
0.00983144 -0.994645 0.0295795 -0.0 -1.0 -0.0 
-0.00451298 -0.473 0.00548473 -0.665838 0.0 0.746097 
-0.138108 -0.561293 -0.0552169 -0.923866 -0.0 0.382717 
-0.0613261 -0.870933 -0.0877938 -0.38264 0.0 -0.923898 
0.00584491 -0.390002 -0.00443501 0.665837 0.0 -0.746097 
-0.118423 -0.809618 -0.0662535 -0.382557 0.0 -0.923932 
-0.0647132 0.38763 -0.0493336 -0.0 -1.0 0.0 
0.0688579 -0.996598 -0.0533672 -0.0 -1.0 -0.0 
-0.0372955 -0.508973 -0.0146663 0.0 1.0 0.0 
0.00555778 -0.994645 -0.0607352 0.0 -1.0 -0.0 
-0.123357 -0.996598 -0.0253013 -0.0 -1.0 -0.0 
-0.0144736 -0.508973 0.0641816 0.0 1.0 0.0 
0.0316035 -0.994645 0.0276961 -0.0 -1.0 -0.0 
0.115924 -0.870319 0.065147 0.38264 -0.0 0.923898 
0.0540509 -0.508973 -0.0746363 -0.0 1.0 -0.0 
-0.0551438 -0.511628 -0.0924651 -0.382655 6.74283e-05 -0.923891 
-0.136509 -0.840366 -0.0587652 -0.382557 0.0 -0.923932 
0.0760963 0.38763 0.021363 -0.0 -1.0 -0.0 
0.0174841 -0.508973 0.0795823 0.0 1.0 0.0 
0.0135825 -0.508973 0.0450459 0.0 1.0 0.0 
0.0638137 -0.508973 0.00402376 -0.0 1.0 -0.0 
-0.0413698 -0.699251 0.132406 0.382557 -0.0 0.923932 
-0.0603938 -0.870319 0.132406 -0.923888 -0.0 0.382664 
-0.0440433 0.407174 -0.0366008 -0.0 1.0 -0.0 
-0.0700703 -0.996598 -0.083708 0.0 -1.0 -0.0 
0.0608657 0.407174 0.0167358 0.0 1.0 0.0 
-0.0830134 -0.543697 0.0777951 -0.923883 -1.88681e-05 0.382676 
0.0170082 0.383024 0.0242454 0.402348 -0.461322 0.790758 
-0.0275562 -0.946378 0.124571 0.38264 -0.0 0.923898 
0.093851 -0.693733 -0.0467832 0.923895 0.0 -0.382646 
-0.0220339 0.407174 0.0992963 0.0 1.0 0.0 
-0.0801683 -0.508973 0.0586958 0.0 1.0 0.0 
0.0497044 -0.994645 0.027558 -0.0 -1.0 -0.0 
-0.0242485 -0.994645 -0.0254329 0.0 -1.0 -0.0 
-0.0937721 -0.599921 0.0518282 -0.923852 -5.97552e-05 0.382749 
-0.0109972 -0.508973 0.110333 0.0 1.0 0.0 
-0.0716988 -0.704769 0.100012 -0.923895 0.0 0.382646 
-0.00212399 -0.508973 -0.0778005 -0.0 1.0 -0.0 
-0.0738987 -0.74792 0.0966991 -0.0 1.0 0.0 
-0.116473 -0.717147 -0.00809525 -0.923895 0.0 0.382646 
0.0263671 -0.996598 0.0778943 -0.0 -1.0 0.0 
0.0598571 -0.90577 -0.133961 0.923866 -0.0 -0.382717 
0.118508 -0.986204 0.0661863 0.382655 2.8716e-05 0.923891 
0.105312 -0.581837 0.0716561 0.38264 6.25804e-05 0.923897 
0.0812684 -0.994645 0.0356429 -0.0 -1.0 -0.0 
-0.0311501 -0.508973 0.0421393 0.0 1.0 0.0 
-0.0760174 0.38763 0.021363 0.0 -1.0 0.0 
0.00539505 -0.508973 -0.0926874 -0.0 1.0 -0.0 
-0.0496255 -0.649586 -0.0926397 -0.38264 0.0 -0.923898 
-0.0280478 -0.969649 0.126888 0.382675 -7.65877e-05 0.923883 
-0.0973407 -0.996598 0.00294378 0.0 -1.0 0.0 
-0.1324 -0.566811 -0.0604663 -0.382557 0.0 -0.923932 
0.0664612 -0.508973 0.00766566 -0.0 1.0 -0.0 
0.00534385 -0.994645 0.0650164 -0.0 -1.0 -0.0 
-0.0109972 -0.544738 -0.110752 -0.382655 6.74283e-05 -0.923891 
0.0854945 -0.537935 0.0798619 0.382655 6.72785e-05 0.923891 
0.0683357 -0.90275 0.0848562 0.38264 -0.0 0.923898 
-0.0992904 -0.996598 0.00548473 -0.0 -1.0 -0.0 
0.0662594 0.407174 0.027558 0.0 1.0 0.0 
0.0443272 -0.508973 0.0597274 0.0 1.0 0.0 
0.085015 -0.770475 0.0779483 0.38264 -0.0 0.923898 
0.0465416 -0.996598 0.0664871 -0.0 -1.0 0.0 
-0.0772171 -0.743398 0.0866878 -0.923895 0.0 0.382646 
-0.0980524 0.398896 -0.0221069 -0.95898 -0.166673 -0.229297 
-0.0836859 -0.508973 -0.0392796 -0.0 1.0 -0.0 
-0.115845 -0.996598 -0.0607352 0.0 -1.0 -0.0 
-0.0733633 -0.793063 -0.0828085 -0.38264 0.0 -0.923898 
-0.0385888 0.407174 -0.0110703 -0.0 1.0 -0.0 
-0.00547888 0.0733147 0.00462272 -0.665838 0.0 0.746097 
-0.11292 -0.839744 0.000483468 -0.923895 0.0 0.382646 
-0.0320107 -0.994645 -0.00641595 0.0 -1.0 -0.0 
0.108472 -0.583366 -0.0165886 0.924062 -0.000534169 -0.382242 
0.0373744 -0.508973 0.0634417 0.0 1.0 0.0 
0.0326343 -0.994645 -0.00651988 -0.0 -1.0 -0.0 
0.0299673 -0.994645 0.0331958 -0.0 -1.0 -0.0 
-0.0714048 -0.996598 0.0254789 -0.0 -1.0 0.0 
0.0829468 -0.737835 -0.0731112 0.923895 0.0 -0.382646 
0.0335216 -0.996598 0.0742925 -0.0 -1.0 0.0 
0.077296 -0.994645 0.0220397 -0.0 -1.0 -0.0 
0.00307411 0.407174 0.0816614 0.0 1.0 0.0 
-0.0809651 -0.986204 0.0827413 -0.923883 2.63958e-05 0.382676 
-0.122108 -0.975167 -0.0165886 -0.923883 2.63958e-05 0.382676 
0.093851 -0.682696 0.0742888 0.38264 -0.0 0.923898 
0.0552227 -0.511628 0.0923979 0.382655 6.72785e-05 0.923891 
-0.0948502 -0.815136 0.044113 -0.923895 0.0 0.382646 
-0.0281988 -0.508973 0.112853 0.0 1.0 0.0 
0.135901 -0.754434 0.0496313 0.923879 0.0 -0.382686 
0.00455704 -0.760115 0.111366 0.0 -1.0 0.0 
0.115924 -0.953094 0.065147 0.38264 -0.0 0.923898 
-0.0600391 -0.699251 -0.0883268 -0.38264 0.0 -0.923898 
-0.0763966 -0.594403 0.093778 -0.923865 3.64018e-06 0.382718 
0.0634611 -0.996598 -0.109399 -0.0 -1.0 -0.0 
0.0251331 0.38763 -0.0743824 -0.0 -1.0 0.0 
-0.0826322 -0.660848 -0.0789697 -0.38264 0.0 -0.923898 
-0.0200664 -0.693733 -0.104882 -0.38264 0.0 -0.923898 
-0.0464756 0.407174 0.0305587 -0.0 1.0 -0.0 
-0.0882538 -0.870319 -0.0766415 -0.38264 0.0 -0.923898 
-0.100302 -0.508973 -0.0705891 -0.0 1.0 -0.0 
-0.131251 -0.986204 -0.0386619 -0.923883 2.63958e-05 0.382676 
0.0326017 -0.628737 0.0996557 0.38264 -0.0 0.923898 
-0.0341424 -0.508973 -0.0886538 -0.0 1.0 -0.0 
-0.0827355 -0.60544 0.0784746 -0.923892 4.46809e-05 0.382654 
0.12007 -0.931021 0.0165214 0.923895 -0.0 -0.382646 
0.132479 -0.914466 0.04137 0.923879 0.0 -0.382686 
0.0486324 -0.508973 -0.0754092 -0.0 1.0 -0.0 
0.103689 -0.703934 -0.0230283 0.923895 0.0 -0.382646 
-0.106278 -0.666141 0.0165214 -0.923895 0.0 0.382646 
-0.0467149 -0.726843 -0.0938452 -0.38264 0.0 -0.923898 
0.115088 -0.655788 0.00449213 0.923895 0.0 -0.382646 
0.00459339 0.321639 -0.00555193 0.665837 -0.0 -0.746097 
-0.0333169 -0.913583 -0.099394 -0.38264 0.0 -0.923898 
-0.133537 -0.517146 -0.0441802 -0.923883 -1.88681e-05 0.382676 
-0.122106 -0.594403 -0.0165886 -0.923883 -1.88681e-05 0.382676 
0.0428807 -0.994645 0.0504536 -0.0 -1.0 -0.0 
0.0722077 0.404414 -0.0717719 0.829688 -0.0551378 -0.555498 
-0.0546286 -0.994645 -0.00298799 0.0 -1.0 -0.0 
0.0552227 -0.958613 0.092398 0.382675 -7.65877e-05 0.923883 
-0.126847 -0.726843 -0.0331436 -0.923895 0.0 0.382646 
-0.138108 -0.699251 -0.0552169 -0.923866 0.0 0.382717 
0.0116131 -0.996598 -0.108659 -0.0 -1.0 -0.0 
-0.0330705 -0.820654 0.126854 0.38264 -0.0 0.923898 
0.0111873 0.398854 0.100084 0.0797934 -0.149062 0.985603 
0.0252462 -0.508973 0.0605653 0.0 1.0 0.0 
-0.0173609 0.407174 0.0613602 -0.0 1.0 -0.0 
0.0117215 -0.972001 0.110415 0.382675 -7.6534e-05 0.923883 
-0.0902792 -0.710288 0.0551497 -0.923895 0.0 0.382646 
-0.0374398 0.407174 -0.0689801 -0.0 1.0 -0.0 
0.0662594 -0.996598 -0.104882 0.0 -1.0 0.0 
-0.069557 -0.508973 -0.064483 -0.0 1.0 -0.0 
0.0270976 0.38763 0.0696828 0.0 -1.0 0.0 
0.0276311 -0.721324 -0.124636 -0.38264 0.0 -0.923898 
0.023013 -0.81418 0.103627 0.38264 -0.0 0.923898 
0.0671819 0.38763 -0.0201745 0.0 -1.0 0.0 
0.0171423 0.407174 -0.0478811 -0.0 1.0 -0.0 
-0.0581081 -0.864801 0.137925 -0.923888 -0.0 0.382664 
0.0554297 0.396892 -0.0835478 0.547298 -0.172802 -0.818904 
0.137095 -0.58647 0.0584882 0.38261 -0.0 0.92391 
-0.0693747 -0.508973 0.0215123 0.0 1.0 0.0 
0.053709 0.407174 0.0267317 -0.0 1.0 0.0 
-0.0427531 -0.508973 0.0908082 0.0 1.0 0.0 
0.0504726 -0.508973 0.0519997 0.0 1.0 0.0 
0.113044 -0.583366 -0.00555193 0.923847 8.2768e-05 -0.382763 
-0.0325654 -0.635288 -0.0997053 -0.38264 0.0 -0.923898 
0.0546791 0.407174 -0.0361448 0.0 1.0 0.0 
-0.11479 -0.950477 -0.0656513 -0.38264 0.0 -0.923898 
0.00347668 -0.508973 -0.077566 -0.0 1.0 -0.0 
0.101786 -0.831691 -0.0276252 0.923895 -0.0 -0.382646 
0.110095 -0.996598 0.0226747 0.0 -1.0 0.0 
-0.11356 -0.508973 -0.0271057 0.0 1.0 0.0 
0.0734421 -0.903429 0.0827413 0.38264 -0.0 0.923898 
0.077296 -0.903429 -0.0867551 0.923895 -0.0 -0.382646 
0.000554636 -0.994645 -0.0118177 0.0 -1.0 -0.0 
7.1112e-05 -0.994645 -0.0196803 0.0 -1.0 -0.0 
0.103902 -0.533701 -0.0276252 0.923883 2.58193e-05 -0.382676 
0.0828144 -0.63855 0.0788597 0.38264 -0.0 0.923898 
0.0432964 -0.508973 0.0938658 0.0 1.0 0.0 
0.126961 -0.677178 0.0331605 0.923895 -0.0 -0.382646 
0.122211 -0.508973 0.040521 -0.0 1.0 -0.0 
0.046433 0.407174 -0.0267714 0.0 1.0 0.0 
-0.0496255 0.407174 -0.0828085 -0.0 1.0 -0.0 
-0.04251 -0.508973 0.127753 0.0 1.0 0.0 
-0.100362 -0.508973 -0.0258904 0.0 1.0 0.0 
0.0828144 -0.748916 0.0809698 0.382679 -5.95343e-05 0.923881 
-0.0882538 -0.610958 -0.0766415 -0.38264 0.0 -0.923898 
-0.0165155 -0.994645 0.0330764 0.0 -1.0 -0.0 
-0.0269334 0.38763 0.0798895 0.0 -1.0 -0.0 
0.000587296 0.407174 -0.05053 -0.0 1.0 -0.0 
0.104888 -0.743398 -0.0201353 0.923895 -0.0 -0.382646 
-0.0992904 -0.996598 -0.0165886 -0.0 -1.0 -0.0 
0.0883327 -0.508973 0.060668 0.0 1.0 0.0 
3.94508e-05 -0.533701 -0.115322 -0.382655 6.74283e-05 -0.923891 
-0.0772171 0.407174 0.0661863 0.0 1.0 0.0 
0.0922781 -0.975509 -0.0556883 0.923883 -2.67313e-05 -0.382676 
0.0414695 0.38763 0.0845249 -0.0 -1.0 -0.0 
-0.0215401 -0.996598 0.122784 0.0 -1.0 0.0 
3.94508e-05 0.310603 0.0072206 0.169772 -0.0 0.985483 
0.0547752 -0.522665 -0.137992 -0.382655 6.74283e-05 -0.923891 
-0.0385888 -0.644068 0.131255 0.382557 -0.0 0.923932 
-0.0802898 -0.508973 0.0762454 0.0 1.0 0.0 
0.0110761 -0.994645 0.00548473 -0.0 -1.0 -0.0 
0.012136 -0.994645 -0.016804 0.0 -1.0 0.0 
0.0695023 -0.994645 -0.0188424 -0.0 -1.0 -0.0 
0.0188091 -0.994645 -0.0267314 -0.0 -1.0 -0.0 
-0.00674223 -0.627513 -0.1104 -0.38264 0.0 -0.923898 
0.093851 -0.644068 0.0742888 0.38264 -0.0 0.923898 
0.0845002 0.38763 0.020521 -0.0 -1.0 0.0 
0.0355343 -0.508973 -0.00874319 -0.0 1.0 -0.0 
0.0767482 0.407174 -0.0628917 0.0 1.0 0.0 
-0.0839959 0.38763 -0.0329038 -0.0 -1.0 0.0 
0.0980461 -0.988115 -0.0417618 0.923883 -2.67313e-05 -0.382676 
0.0058595 -0.733283 0.110731 0.38264 -0.0 0.923898 
-0.0162881 0.38887 0.0959962 -0.132767 -0.730957 0.669384 
0.0221128 -0.980686 -0.124463 -0.382672 -2.56725e-05 -0.923884 
-0.0568724 -0.994645 0.0145615 0.0 -1.0 -0.0 
-0.110676 -0.699184 0.00590126 -0.923895 0.0 0.382646 
-0.0209999 0.407174 -0.0942103 -0.0 1.0 -0.0 
-0.111499 -0.508973 -0.048147 -0.0 1.0 -0.0 
-0.121364 -0.508973 -0.0552169 -0.0 1.0 -0.0 
-0.0496939 -0.996598 -0.066361 0.0 -1.0 0.0 
-0.113134 -0.897911 -3.36021e-05 -0.923895 0.0 0.382646 
0.0857871 -0.710288 -0.0662535 0.923895 0.0 -0.382646 
-0.0333906 -0.820654 -0.0993635 -0.38264 0.0 -0.923898 
0.0414594 0.407174 -0.0267997 0.0 1.0 -0.0 
0.0251474 0.407174 0.0851933 0.0 1.0 -0.0 
-0.0109972 -0.994645 -3.36021e-05 0.0 -1.0 -0.0 
-0.0551438 -0.994645 0.0330764 0.0 -1.0 -0.0 
0.0563219 -0.996598 -0.0996941 -0.0 -1.0 -0.0 
-0.100523 -0.508973 -0.0212525 0.0 1.0 0.0 
-0.0882538 -0.544738 0.0651434 -0.923883 -1.88681e-05 0.382676 
0.0931768 -0.521476 0.0766789 0.382655 6.72785e-05 0.923891 
-0.0496255 -0.931021 0.135825 0.382557 -0.0 0.923932 
0.115924 -0.798581 0.065147 0.38264 -0.0 0.923898 
-0.110327 -0.508973 -0.0607352 -0.0 1.0 -0.0 
-0.0827355 -0.782026 0.0733639 -0.923895 0.0 0.382646 
3.94508e-05 0.0402047 0.0072206 0.169772 -0.0 0.985483 
-0.00511206 -0.0719826 0.00495009 -0.665838 0.0 0.746097 
-0.113137 -0.640294 -0.0663358 -0.38264 0.0 -0.923898 
-0.0577027 -0.749473 0.138903 -0.923888 -0.0 0.382664 
0.0717777 -0.616476 -0.105188 0.923883 2.58145e-05 -0.382676 
0.0761849 -0.508973 -0.0316431 -0.0 1.0 -0.0 
0.10443 -0.692987 0.0699076 0.38264 -0.0 0.923898 
0.082816 -0.804426 -0.073427 0.923895 0.0 -0.382646 
-0.058641 -0.783162 0.136638 -0.923888 -0.0 0.382664 
-0.0793317 -0.996598 -0.0755584 0.0 -1.0 -0.0 
0.0386677 -0.994645 -0.0110703 -0.0 -1.0 -0.0 
-0.0748877 -0.804543 -0.0821771 -0.38264 0.0 -0.923898 
0.0924741 -0.555775 -0.0552169 0.923883 2.58145e-05 -0.382676 
0.0870655 -0.923648 -0.0631669 0.923895 -0.0 -0.382646 
0.0884011 -0.996598 -0.0601802 0.0 -1.0 0.0 
0.124641 -0.660623 0.027558 0.923895 -0.0 -0.382646 
-0.0708092 -0.508973 0.100358 0.0 1.0 0.0 
0.0199062 -0.837209 -0.121437 -0.38264 0.0 -0.923898 
-0.0661805 -0.644068 -0.0857833 -0.38264 0.0 -0.923898 
-0.00499597 0.407174 -0.0154311 -0.0 1.0 -0.0 
-0.0600391 -0.782026 -0.0883268 -0.38264 0.0 -0.923898 
0.0154617 -0.508973 -0.027287 -0.0 1.0 -0.0 
0.051891 -0.958613 0.093778 0.382675 -7.65877e-05 0.923883 
-0.00668194 0.379034 0.0260531 -0.243974 -0.62015 0.74558 
0.0883327 -0.942058 0.0765743 0.38264 -0.0 0.923898 
-0.0441072 -0.886874 0.13354 0.382557 -0.0 0.923932 
-0.126882 -0.892393 -0.0627512 -0.382557 0.0 -0.923932 
-0.0496255 -0.621995 0.135825 0.382557 -0.0 0.923932 
0.0386677 -0.561293 -0.131323 -0.382655 6.74283e-05 -0.923891 
-0.0192141 -0.994645 -0.0544958 0.0 -1.0 -0.0 
0.0926436 -0.936539 -0.0496986 0.923895 -0.0 -0.382646 
0.0165944 0.376823 0.0189045 0.532776 -0.678031 0.506382 
0.00555778 -0.660623 -0.115494 -0.38264 0.0 -0.923898 
-0.0937721 -0.996598 0.044113 -0.0 -1.0 -0.0 
0.0220229 -0.994645 -0.0718164 0.0 -1.0 -0.0 
0.0664448 0.407174 0.0466993 0.0 1.0 -0.0 
0.0604732 -0.721324 -0.132473 0.923866 -0.0 -0.382717 
-0.0339993 -0.508973 -0.0916682 -0.0 1.0 -0.0 
0.0922812 -0.712477 0.0749389 0.38264 -0.0 0.923898 
-0.0333247 0.38763 -0.0778174 -0.0 -1.0 -0.0 
-0.0385888 -0.610958 0.131258 0.377824 -0.00102394 0.925877 
0.0199062 -0.704769 -0.121437 -0.38264 0.0 -0.923898 
-0.0318673 -0.996598 0.107858 0.0 -1.0 0.0 
0.076895 -0.600965 -0.092832 0.923883 2.58193e-05 -0.382676 
0.0777182 0.407174 -1.51958e-05 0.0 1.0 0.0 
-0.0159077 0.371314 -0.00989155 -0.400055 -0.846552 -0.35115 
0.0102245 0.407174 0.0910065 0.0 1.0 0.0 
0.115924 -0.627513 0.065147 0.38264 -0.0 0.923898 
0.0548291 -0.994645 0.054333 -0.0 -1.0 -0.0 
-0.0376992 -0.508973 0.00880628 0.0 1.0 0.0 
-0.107194 -0.508973 0.00273548 0.0 1.0 0.0 
-0.0730236 -0.996598 0.0258562 -0.0 -1.0 0.0 
-0.00526686 -0.659555 -0.111011 -0.38264 0.0 -0.923898 
-0.0546974 -0.63855 0.137925 0.382557 -0.0 0.923932 
-0.088783 -0.980311 -0.0785315 -0.382655 6.33038e-05 -0.923891 
0.093851 -0.848246 0.0742888 0.38264 -0.0 0.923898 
-0.0441072 -0.958613 -0.097035 -0.382672 -2.56725e-05 -0.923884 
-0.111168 -0.996598 -0.000430328 -0.0 -1.0 -0.0 
-0.0117357 0.370346 0.0120896 -0.401547 -0.861715 0.310173 
0.089682 -0.722024 -0.0568493 0.923895 0.0 -0.382646 
-0.0544245 -0.996598 0.0833799 -0.0 -1.0 0.0 
-0.00204163 -0.508973 -0.0762675 -0.0 1.0 -0.0 
0.0607411 0.407174 -0.0662535 0.0 1.0 0.0 
-0.0200664 -0.605439 -0.104882 -0.38264 0.0 -0.923898 
0.098884 -0.863894 -0.034631 0.923895 -0.0 -0.382646 
0.0903581 -0.798581 -0.0552169 0.923895 0.0 -0.382646 
0.093851 -0.704769 0.0742888 0.38264 -0.0 0.923898 
-0.0130175 -0.508973 -0.102336 -0.0 1.0 -0.0 
0.00719555 -0.114308 -3.36021e-05 0.99841 0.0 0.0563619 
0.00555778 -0.964131 -0.117606 -0.382672 -2.56725e-05 -0.923884 
-0.101537 -0.991722 0.0330764 -0.923883 2.63958e-05 0.382676 
-0.0606622 -0.994645 0.044113 0.0 -1.0 -0.0 
-0.0418557 -0.996598 -0.0924826 -0.0 -1.0 -0.0 
-0.00765426 -0.996598 -0.0927403 0.0 -1.0 0.0 
0.104888 -0.815136 -0.0201353 0.923895 -0.0 -0.382646 
0.00460512 -0.351597 0.00548473 0.579544 -0.0 0.814941 
0.0939313 -0.508973 -0.0452404 -0.0 1.0 -0.0 
0.0169558 0.407174 0.0383581 0.0 1.0 -0.0 
0.131829 -0.938916 0.0606688 0.38261 0.0 0.92391 
0.092476 -0.759953 -0.0552169 0.923871 0.0 -0.382703 
0.0741872 -0.991722 -0.0993635 0.923883 -2.65635e-05 -0.382676 
0.12939 -0.561586 0.0616817 0.383705 -0.000198798 0.923456 
0.0110761 0.407174 -0.0221069 0.0 1.0 0.0 
3.94508e-05 -0.732361 0.113142 0.38264 -0.0 0.923898 
3.94508e-05 0.407174 0.060668 0.0 1.0 0.0 
-0.0275522 -0.726843 0.124569 0.38264 -0.0 0.923898 
0.0773167 -0.677084 -0.0867051 0.923895 0.0 -0.382646 
0.00460512 -0.495073 0.00548473 0.579544 -0.0 0.814941 
0.0883327 -0.710288 -0.0601072 0.923895 0.0 -0.382646 
-0.0558417 -0.994645 0.0487775 0.0 -1.0 -0.0 
-0.126882 -0.980686 -0.0627517 -0.382655 6.3206e-05 -0.923891 
0.0993693 -0.859283 0.0720033 0.38264 -0.0 0.923898 
0.00241984 -0.963614 -0.116306 -0.382672 -2.56725e-05 -0.923884 
-0.034226 0.407174 -0.0238951 0.0 1.0 0.0 
0.0414524 -0.798581 -0.132473 -0.382632 0.0 -0.923901 
-0.102696 -0.581484 -0.072774 -0.382641 6.24649e-05 -0.923897 
0.0221128 -0.820654 0.104 0.38264 -0.0 0.923898 
0.0814722 -0.996598 -0.00712646 -0.0 -1.0 -0.0 
-0.0896878 -0.578881 0.0616868 -0.924101 0.000726465 0.382148 
0.0020978 0.407174 0.0133989 -0.0 1.0 -0.0 
3.94508e-05 -0.362633 0.0072206 0.169772 -0.0 0.985483 
-0.0496255 -0.864801 0.135825 0.382557 -0.0 0.923932 
0.0331494 0.398896 -0.0954362 0.330707 -0.113883 -0.936837 
-0.135822 -0.721324 -0.0496986 -0.923866 0.0 0.382717 
-0.0816148 -0.994645 -0.0233945 0.0 -1.0 -0.0 
-0.125859 -0.996598 -0.0484439 -0.0 -1.0 -0.0 
-0.115845 -0.53922 -0.00146993 -0.923883 -1.88681e-05 0.382676 
-0.100012 -0.892393 -0.0717719 -0.38264 0.0 -0.923898 
0.00555778 0.22231 -0.00469129 0.665837 0.0 -0.746097 
0.0236914 0.407174 -0.0812141 0.0 1.0 0.0 
0.0774593 -0.670959 -0.0863609 0.923895 0.0 -0.382646 
-0.0402332 -0.918428 0.131936 0.382557 -0.0 0.923932 
0.0857871 -0.820654 -0.0662535 0.923895 0.0 -0.382646 
0.0347561 -0.994645 -0.0115601 -0.0 -1.0 -0.0 
-0.115845 -0.964131 -0.0673217 -0.382655 6.33038e-05 -0.923891 
-0.0196976 -0.994645 0.0215092 0.0 -1.0 -0.0 
0.118504 -0.607119 0.00762419 0.923931 -4.72234e-05 -0.38256 
0.0568298 -0.994645 -0.0427595 0.0 -1.0 0.0 
-0.131751 -0.886874 -0.0607352 -0.382557 0.0 -0.923932 
0.093851 -0.996598 0.0717047 0.0 -1.0 0.0 
-0.0361432 -0.508973 0.00843864 0.0 1.0 0.0 
0.00460512 0.316121 0.00548473 0.579544 -0.0 0.814941 
-0.0937721 -0.864801 -0.074356 -0.38264 0.0 -0.923898 
-0.0697012 0.407174 0.0589445 -0.0 1.0 -0.0 
0.0459143 -0.994645 -0.070647 -0.0 -1.0 -0.0 
0.0266513 -0.996598 0.0826277 0.0 -1.0 0.0 
0.0958428 -0.957349 -0.047082 0.923886 1.08288e-05 -0.382669 
0.036961 -0.996598 -0.097433 0.0 -1.0 0.0 
-0.0200907 0.407174 0.083685 0.0 1.0 0.0 
0.0377389 -0.508973 -0.108549 -0.0 1.0 -0.0 
0.0972146 -0.864801 -0.0386619 0.923895 -0.0 -0.382646 
0.0828144 -0.958613 -0.0785369 0.923886 1.08288e-05 -0.382669 
0.0627591 -0.936539 -0.126955 0.923866 0.0 -0.382717 
-0.0425269 -0.82402 -0.0955796 -0.38264 0.0 -0.923898 
0.0688659 -0.512558 -0.11221 0.923883 2.58193e-05 -0.382676 
-0.0477051 -0.508973 0.129303 0.0 1.0 0.0 
0.1039 -0.599921 -0.0276252 0.923811 0.000176019 -0.382849 
-0.0467149 -0.737879 -0.0938452 -0.38264 0.0 -0.923898 
-0.0571138 -0.685612 -0.0895384 -0.38264 0.0 -0.923898 
-0.00106625 0.379526 0.027449 -0.103594 -0.66464 0.739947 
0.0165913 0.407174 -0.0587734 -0.0 1.0 -0.0 
-0.0277819 0.38763 -0.05829 -0.0 -1.0 -0.0 
-0.0645519 -0.996598 -0.0850065 -0.0 -1.0 -0.0 
0.0762848 -0.508973 0.0443267 0.0 1.0 0.0 
0.135901 -0.621994 0.0496313 0.923879 -0.0 -0.382686 
0.10896 -0.996598 0.0113767 0.0 -1.0 0.0 
0.0193819 0.407174 -0.0651729 0.0 1.0 0.0 
0.0207586 -0.508973 0.0960022 0.0 1.0 0.0 
0.125458 -0.762481 0.0295319 0.923895 -0.0 -0.382646 
-0.0385888 -0.994645 0.060668 0.0 -1.0 -0.0 
0.109504 -0.996598 0.00622817 0.0 -1.0 0.0 
-0.138108 -0.776508 -0.0552169 -0.923866 0.0 0.382717 
0.0630868 -0.508973 -0.0973228 -0.0 1.0 -0.0 
0.00555778 -0.252267 -0.00469129 0.665837 0.0 -0.746097 
0.0993693 -0.765471 -0.0385687 0.924211 -0.0 -0.381882 
-0.131019 -0.570736 -0.0381036 -0.923883 -1.88681e-05 0.382676 
-0.0436134 -0.996598 0.119252 -0.0 -1.0 -0.0 
