ply
format ascii 1.0
comment VCGLIB generated
element vertex 2000
property float x
property float y
property float z
property float nx
property float ny
property float nz
element face 0
property list uchar int vertex_indices
end_header
-0.0118413 -0.988109 -0.169593 -0.0 1.0 -0.0 
-0.000837397 0.403003 0.34209 -0.0 1.0 -0.0 
0.00153966 -0.120151 -0.0752167 0.0 -1.0 0.0 
0.0487759 0.334736 -0.290975 0.923809 -0.0 0.382853 
-0.0819852 0.218687 -0.0375458 -0.923825 0.0 -0.382814 
0.116373 0.117647 0.34246 0.0 -1.0 0.0 
0.0101665 0.117647 0.237553 0.0 -1.0 0.0 
-0.0486025 0.0225282 0.0430782 -0.0 -1.0 -0.0 
0.114704 0.229691 0.279199 0.382823 -0.0 -0.923822 
0.0664155 0.208924 -0.049699 0.382812 -0.0 -0.923826 
0.0486804 0.185675 0.406283 -0.382823 -0.0 0.923822 
0.00738939 -0.952441 0.087719 -0.0 1.0 -0.0 
-0.140732 -1.0 0.0516473 0.0 -1.0 0.0 
0.0118553 0.235029 0.236582 0.382498 -0.0 -0.923956 
-0.0971347 0.244352 -0.271917 -0.382823 0.0 0.923822 
0.0415596 0.142136 0.0370192 0.923814 -0.0 0.382842 
-0.0326385 -1.0 -0.0562427 -0.0 -1.0 -0.0 
-0.00426776 -0.0963697 0.312468 0.0 1.0 0.0 
-0.00766248 -1.0 0.0786167 0.0 -1.0 0.0 
0.0556367 0.140195 -0.30753 0.923809 -0.0 0.382853 
-0.150476 -0.952441 -0.000201185 0.0 1.0 0.0 
0.0376764 -0.952441 0.144019 -0.0 1.0 -0.0 
-0.0294232 -0.952441 0.0463953 -0.0 1.0 -0.0 
0.0499795 -0.120151 -0.297735 -0.0 -1.0 -0.0 
-0.0620154 0.313972 -0.396317 -0.923825 0.0 -0.382814 
-0.00640257 -0.952441 -0.0686507 0.0 1.0 0.0 
-0.0191818 -0.960719 -0.162392 0.382837 -0.0 -0.923816 
0.001694 0.189716 0.25745 -0.923821 0.0 -0.382825 
-0.0131083 -1.0 0.0152492 0.0 -1.0 0.0 
0.136712 -1.0 0.0284778 -0.0 -1.0 -0.0 
0.0560337 0.254597 -0.308487 0.923809 -0.0 0.382853 
-0.00597666 0.403003 0.366866 0.0 1.0 0.0 
-0.0570183 -0.111922 0.298128 -0.382842 -0.0 0.923814 
0.0321253 -0.952441 0.0533747 -0.0 1.0 0.0 
0.0813521 0.173158 0.419822 -0.382823 -0.0 0.923822 
-0.0228453 -0.952441 -0.10357 0.0 1.0 0.0 
0.00550591 0.379223 -0.326801 -0.0 1.0 -0.0 
-0.0842652 0.191177 -0.0320439 -0.923825 0.0 -0.382814 
0.00957907 -1.0 -0.147828 0.0 -1.0 -0.0 
-0.0846117 0.0972446 -0.341787 -0.923825 7.78504e-05 -0.382814 
0.0116569 0.349355 0.390941 -0.382823 0.0 0.923822 
-0.121511 -0.991747 -0.175095 -0.923821 -0.0 -0.382825 
0.0310148 -1.0 0.000250127 -0.0 -1.0 -0.0 
0.0268585 0.273707 0.0724936 0.923814 -0.0 0.382842 
0.109665 0.356236 0.3696 0.923814 -0.0 0.382842 
-0.12341 -0.120151 0.231925 0.0 -1.0 0.0 
0.0871942 -0.120151 -0.274131 -0.0 -1.0 0.0 
0.00526709 0.270547 0.0794052 -0.382823 -0.0 0.923822 
-0.0493435 0.0938668 -0.273456 0.0 -1.0 0.0 
0.0761085 -1.0 0.019152 0.0 -1.0 -0.0 
-0.083367 0.268205 0.0426761 -0.382823 -0.0 0.923822 
0.0458196 -1.0 0.0572253 -0.0 -1.0 -0.0 
0.0379507 0.379223 -0.341207 -0.0 1.0 -0.0 
0.0231426 0.0938668 -0.353692 -0.0 -1.0 -0.0 
0.0206273 0.215566 0.0857706 -0.382845 -0.0 0.923813 
-0.120376 -0.0963696 0.235504 0.0 1.0 0.0 
-0.0264945 0.261296 -0.242644 -0.382823 -0.0 0.923822 
-0.0870484 -0.952441 -0.184346 0.0 1.0 0.0 
0.107384 0.328726 0.375102 0.923814 -0.0 0.382842 
-0.121881 -0.964237 0.103939 -0.382837 -0.0 0.923816 
-0.0174207 0.323224 0.303576 -0.923821 0.0 -0.382825 
-0.077865 0.0938669 -0.274131 0.0 -1.0 0.0 
0.0162306 0.360234 -0.224939 -0.382744 0.0 0.923854 
-0.00550043 -0.9585 0.152168 -0.382837 0.0 0.923816 
-0.0205941 -0.543479 -0.0214038 0.382683 0.0 -0.92388 
-0.0797053 0.224189 -0.0430478 -0.923825 0.0 -0.382814 
-0.0558571 0.0701337 -0.100365 0.382643 -0.0 -0.923896 
0.168099 -1.0 -0.0565098 -0.0 -1.0 -0.0 
-0.13852 -1.0 0.0373489 0.0 -1.0 0.0 
0.117796 0.117646 0.28401 0.0 -1.0 0.0 
0.0761902 0.403003 0.402612 0.0 1.0 0.0 
-0.00663542 -0.275584 -0.0156219 0.382683 0.0 -0.92388 
0.100544 0.350734 0.391608 0.923814 -0.0 0.382842 
0.0299946 -0.965804 -0.142013 0.382837 0.0 -0.923816 
-0.0865451 0.114149 -0.0265419 -0.923825 0.0 -0.382814 
-0.0338492 -0.953233 0.14042 -0.382837 0.0 0.923816 
-0.0267537 -0.0289019 -0.0155379 -0.923798 0.0 -0.382879 
0.0358531 0.0225282 0.0375568 0.0 -1.0 0.0 
-0.0762692 -0.952441 0.0780494 -0.0 1.0 -0.0 
-0.00404802 0.19831 -0.233342 -0.382823 -0.0 0.923822 
-0.149391 -1.0 -0.00453399 0.0 -1.0 0.0 
-0.110367 0.229691 -0.279633 -0.923796 0.0 -0.382886 
0.0596843 0.0866396 0.334919 0.923875 -0.0 0.382694 
0.0816922 -0.952441 0.0834976 0.0 1.0 0.0 
-0.0623642 0.307885 -0.0237739 -0.0 1.0 -0.0 
-0.059716 -0.952441 0.0394077 -0.0 1.0 -0.0 
-0.104353 0.185675 0.0339798 -0.382823 -0.0 0.923822 
-0.104003 0.311595 -0.294991 -0.923825 0.0 -0.382814 
-0.0637004 0.379223 -0.305307 -0.0 1.0 -0.0 
-0.0693017 0.0951529 -0.0681542 -0.923825 0.0 -0.382814 
0.0683281 0.403003 0.412277 -0.0 1.0 -0.0 
0.0194361 -0.0963696 -0.108359 -0.0 1.0 -0.0 
0.175573 -0.98811 -0.0595165 0.0 1.0 0.0 
-0.0716086 0.141659 -0.373166 -0.923825 0.0 -0.382814 
-0.0512437 0.301216 0.0559877 -0.382823 -0.0 0.923822 
0.0480613 0.185644 -0.28925 0.923809 -0.0 0.382853 
0.0322511 -1.0 -0.0639323 0.0 -1.0 -0.0 
-0.0478586 -0.120151 0.289623 -0.0 -1.0 -0.0 
-0.0339929 0.0713659 0.0631363 -0.382823 0.0 0.923822 
-0.127611 -0.120151 0.233835 0.0 -1.0 0.0 
-0.037272 -1.0 -0.0256956 0.0 -1.0 0.0 
0.0664175 0.403003 0.273322 -0.0 1.0 -0.0 
-0.0211928 0.0820352 -0.33054 0.382683 0.0 -0.92388 
0.035531 0.108647 0.331086 -0.923798 0.0 -0.382879 
-0.0197156 -0.326008 -0.0210399 0.382683 0.0 -0.92388 
0.0677701 0.243996 -0.0262279 0.923814 -0.0 0.382842 
-0.15648 -0.952441 0.0627 -0.0 1.0 -0.0 
-0.0701326 0.220881 -0.0661493 -0.923825 0.0 -0.382814 
0.0706882 0.403003 0.386106 0.0 1.0 0.0 
-0.157483 -1.0 -0.0582489 0.0 -1.0 0.0 
0.0180955 0.386991 0.393609 -0.382823 0.0 0.923822 
0.039338 0.307885 0.0252393 0.0 1.0 0.0 
-0.138445 -0.952441 -0.0587866 0.0 1.0 0.0 
0.151069 -0.952441 -0.0853401 0.0 1.0 0.0 
0.147179 -1.0 -0.104977 -0.0 -1.0 -0.0 
-0.105375 -0.988109 -0.169593 0.0 1.0 0.0 
0.0690363 -0.952441 0.0165781 0.0 1.0 0.0 
0.0101665 -0.952441 -0.120075 0.0 1.0 0.0 
0.0341975 -1.0 0.00517448 0.0 -1.0 -0.0 
-0.0559765 -0.952441 -0.142963 0.0 1.0 0.0 
0.0168008 -0.952441 0.123303 -0.0 1.0 -0.0 
0.0620107 -0.952441 -0.117496 0.0 1.0 0.0 
-0.104486 -0.964237 -0.169593 -0.923818 0.0 -0.382832 
-0.00940366 -0.597123 0.00471151 0.923836 -0.0 0.38279 
-0.0509711 0.277302 -0.407231 0.382823 0.0 -0.923822 
-0.0221944 -0.111431 -0.0265419 -0.923822 -0.000124561 -0.382822 
0.0191474 -1.0 0.0485044 -0.0 -1.0 -0.0 
-0.0266367 -0.89575 -0.0158201 -0.923798 0.0 -0.382879 
0.00464924 0.0531834 -0.0752935 0.382812 0.0 -0.923826 
-0.042592 -0.952441 0.0706219 -0.0 1.0 -0.0 
0.0524607 -1.0 -0.129306 -0.0 -1.0 -0.0 
0.0592419 0.0695937 0.320565 0.38271 0.0 -0.923869 
-0.0402205 0.295714 0.358596 -0.923821 0.0 -0.382825 
0.0469862 -0.952441 0.0442925 0.0 1.0 0.0 
0.0542196 0.0756356 0.00646995 0.923814 -0.0 0.382842 
0.0230607 -1.0 0.123083 0.0 -1.0 0.0 
0.063957 -0.074962 0.322518 0.38271 0.0 -0.923869 
0.107384 0.262703 0.375102 0.923814 -0.0 0.382842 
0.0542641 -1.0 0.0466682 0.0 -1.0 -0.0 
-0.0626097 0.137111 -0.0843038 -0.923825 0.0 -0.382814 
0.00186536 0.0591297 0.0779956 -0.382823 -0.0 0.923822 
-0.0998729 -0.116933 0.160908 -0.92382 0.0 -0.382827 
-0.136177 -0.952441 0.0215874 0.0 1.0 0.0 
0.0541823 0.152663 0.408563 -0.382823 -0.0 0.923822 
0.00152233 0.322198 0.257864 -0.923821 0.0 -0.382825 
0.0981981 0.39475 0.272359 0.382823 -0.0 -0.923822 
-0.103794 0.106145 -0.274676 -0.382823 0.0 0.923822 
0.133289 -1.0 -0.109647 0.0 -1.0 -0.0 
-0.179138 -1.0 0.00886444 0.0 -1.0 0.0 
0.114704 -0.988109 -0.125577 -0.0 1.0 -0.0 
0.0617724 0.307885 -0.0396472 0.0 1.0 0.0 
-0.0635915 -1.0 -0.118418 0.0 -1.0 0.0 
0.0926961 0.262703 0.27008 0.382823 -0.0 -0.923822 
-0.0170725 0.0938669 -0.274454 -0.0 -1.0 -0.0 
-0.0964046 0.0225282 0.018221 0.0 -1.0 0.0 
0.0959839 0.130655 0.402612 0.923814 -0.0 0.382842 
0.0737807 0.117647 0.305676 -0.0 -1.0 -0.0 
-0.0810601 -0.106435 0.177628 0.92382 -0.0 0.382828 
-0.00497373 -0.607178 -0.0149337 0.382683 -0.0 -0.92388 
-0.0338492 0.39475 0.372084 -0.382823 0.0 0.923822 
-0.072363 0.323224 -0.371346 -0.923825 0.0 -0.382814 
-0.011125 -0.0445497 -0.32637 0.382683 0.0 -0.923879 
0.0450993 0.207683 0.0284778 0.923814 -0.0 0.382842 
-0.132885 -0.952441 -0.0980675 0.0 1.0 0.0 
-0.129718 -0.993009 -0.15529 -0.923821 -0.0 -0.382825 
-0.0924458 0.0733429 0.038914 -0.382823 -0.0 0.923822 
-0.00972641 0.403003 0.371137 0.0 1.0 0.0 
-0.0098268 0.117646 0.320409 0.0 -1.0 0.0 
-0.0687426 0.379223 -0.306155 -0.0 1.0 -0.0 
0.0941809 -0.0988788 -0.282731 0.382843 0.0 -0.923813 
-0.138686 -0.969739 -0.0870636 -0.923818 0.0 -0.382832 
-0.0291509 0.379223 -0.325974 -0.0 1.0 -0.0 
0.122504 0.387999 0.338617 0.923814 -0.0 0.382842 
-0.0368138 0.379223 -0.377935 -0.0 1.0 -0.0 
0.00853553 0.191301 -0.0736831 0.382812 -0.0 -0.923826 
0.0324487 0.379223 -0.342124 -0.0 1.0 -0.0 
-0.0723834 -1.0 -0.1273 0.0 -1.0 0.0 
0.0287977 -1.0 -0.142512 -0.0 -1.0 -0.0 
-0.0283473 -0.348016 0.00112157 -0.383071 0.0 0.923719 
-0.064769 0.147161 -0.389672 -0.923825 0.0 -0.382814 
0.0149231 0.0225283 0.0742779 -0.0 -1.0 -0.0 
-0.102477 0.235193 -0.274131 -0.382823 0.0 0.923822 
0.012709 0.379223 -0.266157 -0.0 1.0 0.0 
0.0816922 -1.0 -0.0430478 -0.0 -1.0 -0.0 
0.0362818 0.403003 0.248419 -0.0 1.0 -0.0 
-0.125493 -1.0 0.049964 0.0 -1.0 0.0 
-0.0261097 -1.0 -0.0195689 0.0 -1.0 0.0 
0.169724 -0.98811 -0.0485498 0.0 1.0 0.0 
-0.0118413 0.379223 -0.373166 -0.0 1.0 -0.0 
-0.00374079 0.295714 0.270565 -0.923821 0.0 -0.382825 
0.0338737 -0.952441 0.151521 -0.0 1.0 -0.0 
-0.0338492 0.163667 -0.400135 0.382823 0.0 -0.923822 
-0.109704 -0.99483 0.128292 -0.382824 -0.0 0.923821 
0.153759 -1.0 -0.0796551 -0.0 -1.0 -0.0 
-0.0228453 -0.645123 0.00340332 -0.383071 0.0 0.923719 
-0.0407657 0.249223 -0.0941124 0.382812 0.0 -0.923826 
-0.0844797 0.0829457 -0.0315259 -0.923825 0.0 -0.382814 
-0.02918 -1.0 0.130394 0.0 -1.0 0.0 
-0.0617557 -0.952441 -0.0896007 0.0 1.0 0.0 
0.0746595 -0.952441 -0.117117 0.0 1.0 0.0 
0.035942 -0.0963696 -0.116483 0.0 1.0 0.0 
-0.00094158 -0.988357 0.173362 -0.382824 0.0 0.923821 
-0.00841145 0.110828 -0.389594 0.382823 0.0 -0.923822 
-0.0655789 0.278747 0.0500473 -0.382823 -0.0 0.923822 
-0.0899697 0.328974 -0.328856 -0.923825 0.0 -0.382814 
0.164222 -0.975241 -0.0863877 0.382837 0.0 -0.923816 
0.023713 0.379223 -0.264323 0.0 1.0 0.0 
-0.0197156 -0.892712 -0.0210399 0.382683 -0.0 -0.92388 
0.0338854 0.0225282 -0.0431403 -0.0 -1.0 0.0 
-0.111418 -1.0 -0.0668143 0.0 -1.0 0.0 
-0.0668611 -0.986245 0.126739 -0.382837 -0.0 0.923816 
0.0101665 0.307885 0.0504857 0.0 1.0 0.0 
-0.104806 -0.952441 0.0901041 -0.0 1.0 -0.0 
0.0493 -0.120151 -0.145712 0.0 -1.0 0.0 
-0.131163 -1.0 -0.150971 0.0 -1.0 0.0 
0.162388 -1.0 -0.0513172 -0.0 -1.0 -0.0 
-0.101857 -0.120151 0.188154 -0.0 -1.0 -0.0 
-0.0421794 -0.952441 0.0987857 -0.0 1.0 -0.0 
0.00377047 0.0938668 -0.349791 -0.0 -1.0 -0.0 
0.0263234 0.205228 0.397019 -0.382823 -0.0 0.923822 
-0.176714 -0.988166 -0.0418804 -0.923821 -0.0 -0.382825 
-0.0898478 0.290213 -0.32915 -0.923825 0.0 -0.382814 
0.0101666 0.273707 0.390324 -0.382823 0.0 0.923822 
-0.0545494 0.0469641 -0.0998231 0.382643 -0.0 -0.923896 
0.0892643 -0.117416 -0.23339 0.923819 -0.0 0.382829 
-0.0322072 -0.0256625 -0.309367 -0.383011 0.0 0.923744 
0.063551 -0.00689399 0.325584 0.923875 -0.0 0.382694 
-0.0490321 0.206777 -0.0975378 0.382812 0.0 -0.923826 
0.026106 -0.988109 -0.160034 0.0 1.0 0.0 
-0.0659417 0.324744 -0.386842 -0.923825 0.0 -0.382814 
-0.0912454 0.267432 -0.325778 -0.923825 0.0 -0.382814 
-0.0645341 0.257363 -0.0796598 -0.923825 0.0 -0.382814 
-0.0246892 0.229691 0.0669916 -0.382823 -0.0 0.923822 
-0.0807282 0.158165 -0.351158 -0.923825 0.0 -0.382814 
-0.0967858 0.170558 -0.00182832 -0.923825 0.0 -0.382814 
-0.0379664 0.0976435 0.0614897 -0.382823 -0.0 0.923822 
-0.142186 -0.952441 0.068874 -0.0 1.0 -0.0 
0.0224818 0.322785 -0.376792 0.382823 -0.0 -0.923822 
0.013717 0.403003 0.28714 -0.0 1.0 -0.0 
0.0291386 0.180173 0.0669916 0.923814 -0.0 0.382842 
-0.0135305 0.192265 0.0716157 -0.382823 0.0 0.923822 
-0.00633937 0.117646 0.331086 0.0 -1.0 0.0 
-0.0228453 0.0591297 -0.331225 0.382683 0.0 -0.92388 
0.0596843 0.301216 -0.361376 0.382823 -0.0 -0.923822 
-0.0569281 -0.952441 -0.0242468 0.0 1.0 0.0 
-0.15805 -1.0 -0.0783425 0.0 -1.0 0.0 
-0.0337415 0.0225282 0.033996 -0.0 -1.0 -0.0 
0.0321744 -1.0 0.0229759 -0.0 -1.0 -0.0 
0.109202 0.229691 0.276919 0.382823 -0.0 -0.923822 
-0.00329301 0.00961193 -0.010036 0.923836 -0.0 0.38279 
0.0486804 -0.991747 0.193925 -0.382824 0.0 0.923821 
-0.128826 -0.0963696 0.256527 0.0 1.0 0.0 
-0.0871659 -0.952441 0.0417928 -0.0 1.0 -0.0 
-0.0283473 -0.265487 -0.011693 -0.923798 0.0 -0.382879 
0.0131449 0.305283 0.0826698 -0.382823 -2.29815e-05 0.923822 
-0.0976458 -0.958735 -0.186099 -0.923818 0.0 -0.382832 
0.0338249 0.323208 0.245684 0.382823 0.0 -0.923822 
-0.121881 -0.952441 -0.010036 0.0 1.0 0.0 
0.0227663 -0.952441 0.0615397 0.0 1.0 0.0 
-0.0244733 -0.810182 -0.0210399 -0.923798 0.0 -0.382879 
-0.0873455 0.192274 -0.26786 -0.382823 0.0 0.923822 
0.0816922 0.31222 0.26552 0.382823 -0.0 -0.923822 
-0.111903 -0.988109 -0.19503 -0.0 1.0 -0.0 
-0.105375 -0.952441 -0.147585 0.0 1.0 0.0 
-0.0951801 0.265392 -0.316282 -0.923825 0.0 -0.382814 
-0.00128227 0.0974712 -0.232197 -0.382823 -8.52258e-05 0.923822 
-0.010243 -0.845981 -0.0171163 0.382683 -0.0 -0.92388 
0.0668771 0.229691 -0.334652 0.923809 -0.0 0.382853 
-0.021784 0.307885 0.0179286 0.0 1.0 0.0 
-0.0244933 0.157219 0.0670728 -0.382823 0.0 0.923822 
-0.0781102 -1.0 0.139711 0.0 -1.0 0.0 
0.0312116 0.292647 -0.0642867 0.382812 -0.0 -0.923826 
-0.0129499 -1.0 -0.0702135 -0.0 -1.0 -0.0 
0.121253 -1.0 -0.10068 -0.0 -1.0 -0.0 
-0.00332058 -0.266288 -0.00996949 0.923836 -0.0 0.38279 
0.0982641 0.174671 0.39711 0.923814 -0.0 0.382842 
-0.0349122 0.276493 0.0627553 -0.382823 -0.0 0.923822 
-0.0966876 0.33973 -0.312644 -0.923825 0.0 -0.382814 
-0.0704729 -1.0 0.0770453 0.0 -1.0 0.0 
-0.0393512 -0.105929 0.0148595 -0.92382 0.0 -0.382827 
0.0406071 0.0801068 -0.0603933 0.382812 0.0 -0.923826 
0.065699 -0.952441 0.0722281 0.0 1.0 0.0 
-0.0819852 0.224189 -0.0375458 -0.923825 0.0 -0.382814 
-0.0613591 0.213185 0.051796 -0.382823 -0.0 0.923822 
0.077022 -0.103415 -0.289842 0.382843 0.0 -0.923813 
-0.0486284 -1.0 0.0229107 0.0 -1.0 0.0 
0.00343337 0.403003 0.324776 -0.0 1.0 -0.0 
-0.0257224 0.144448 0.0665635 -0.382823 0.0 0.923822 
0.0285452 0.244874 0.39794 -0.382823 -0.0 0.923822 
0.0370838 -1.0 -0.020576 -0.0 -1.0 -0.0 
-0.0909667 -0.952441 -0.0157796 0.0 1.0 0.0 
-0.0173433 -0.8597 -0.0200573 0.382683 -0.0 -0.92388 
-0.083367 -0.120151 0.166027 -0.0 -1.0 -0.0 
0.00466458 0.307885 -0.0210399 -0.0 1.0 -0.0 
0.078765 0.403003 0.394202 0.0 1.0 0.0 
0.0926961 0.180173 0.27008 0.382823 0.0 -0.923822 
-0.0910755 0.224189 0.0394818 -0.382823 -0.0 0.923822 
0.136953 0.193675 0.303752 0.923814 -0.0 0.382842 
-0.00302563 0.117646 0.315951 0.0 -1.0 0.0 
-0.105375 -0.952441 0.0834976 -0.0 1.0 -0.0 
-0.0741223 -0.952441 -0.0865696 0.0 1.0 0.0 
0.062729 -1.0 0.0835981 0.0 -1.0 -0.0 
-0.0454189 -0.960593 -0.173265 0.382837 0.0 -0.923816 
-0.0957884 0.338952 -0.271359 -0.382823 0.0 0.923822 
-0.0888689 -0.952441 -0.142083 0.0 1.0 0.0 
0.0466034 0.0297989 0.341069 -0.382986 0.0 0.923754 
-0.0235251 -0.222427 -0.0226179 0.382683 0.0 -0.92388 
0.0981981 0.284711 0.397269 0.923814 -0.0 0.382842 
0.00833606 0.379223 -0.316083 0.0 1.0 0.0 
-0.117838 -0.97564 -0.137372 -0.923818 0.0 -0.382832 
0.0384801 0.379223 -0.333312 -0.0 1.0 0.0 
-0.0146201 0.15398 -0.237723 -0.382823 -0.0 0.923822 
-0.0218817 -0.952441 -0.0938804 0.0 1.0 0.0 
-0.0823027 0.179529 -0.347359 -0.923825 0.0 -0.382814 
-0.176144 -1.0 -0.0145961 0.0 -1.0 0.0 
0.0816922 -0.120151 -0.279633 -0.0 -1.0 0.0 
-0.0381511 0.250023 0.370301 -0.382823 0.0 0.923822 
-0.15713 -1.0 0.00519569 0.0 -1.0 0.0 
-0.110877 -1.0 -0.0980675 0.0 -1.0 0.0 
0.0778816 0.225865 0.418384 -0.382823 -0.0 0.923822 
-0.0550025 0.187577 0.0544301 -0.382823 -0.0 0.923822 
-0.00132785 -1.0 -0.100275 0.0 -1.0 -0.0 
-0.0272344 -0.776142 0.00158312 -0.383071 0.0 0.923719 
-0.0768531 0.0225282 -0.00604018 -0.0 -1.0 -0.0 
-0.0749023 0.128228 0.0461838 -0.382823 -0.0 0.923822 
0.129186 -0.960941 0.0119153 0.923818 -0.0 0.382832 
0.0603954 0.207953 -0.00843236 0.923814 -0.0 0.382842 
0.035517 -0.120151 -0.11039 0.0 -1.0 0.0 
-0.00054687 0.261573 -0.231892 -0.382823 -0.0 0.923822 
-0.102504 0.0811376 0.0119719 -0.923825 0.0 -0.382814 
0.00801031 0.264601 -0.228346 -0.382823 -0.0 0.923822 
-0.106785 -0.988109 0.113045 0.0 1.0 -0.0 
-0.0254354 0.143983 -0.0877598 0.382812 0.0 -0.923826 
-0.105375 -0.105929 0.174185 -0.92382 0.0 -0.382827 
0.0938667 0.334228 0.270565 0.382823 -0.0 -0.923822 
-0.0266293 -0.0361686 -0.326417 -0.923798 0.0 -0.38288 
0.0914238 0.356236 0.413616 0.923814 -0.0 0.382842 
-0.0315145 -0.127596 -0.00405109 -0.923798 0.0 -0.382879 
0.019856 0.379223 -0.271571 -0.0 1.0 0.0 
0.00641725 0.0225282 0.0339061 0.0 -1.0 0.0 
0.0211705 0.403003 0.375102 0.0 1.0 0.0 
0.141586 0.130655 0.292572 0.923836 0.0 0.382787 
0.117616 -1.0 0.0771571 -0.0 -1.0 -0.0 
0.0184441 -0.120151 -0.0877295 0.0 -1.0 0.0 
0.145617 -0.990382 -0.113406 0.382824 0.0 -0.923821 
-0.070425 -0.116933 0.292572 -0.382842 -0.0 0.923814 
0.0156685 0.117646 0.347592 -0.0 -1.0 0.0 
-0.0188987 -0.372596 -0.0207016 0.382683 0.0 -0.92388 
0.0959839 0.207683 0.402612 0.923814 -0.0 0.382842 
0.0266725 -0.953233 -0.143389 0.382837 0.0 -0.923816 
0.00755018 0.29549 0.0803514 -0.382823 -0.0 0.923822 
0.0155395 0.307885 -0.0693772 -0.0 1.0 -0.0 
0.0211705 0.169169 0.394884 -0.382823 -0.0 0.923822 
-0.0197155 -0.0674157 -0.0210399 0.382683 -0.0 -0.92388 
-0.174171 -0.952441 0.0547413 0.0 1.0 0.0 
0.119116 0.389566 0.346794 0.923814 -0.0 0.382842 
-0.0835836 0.162854 -0.0336886 -0.923825 0.0 -0.382814 
0.142214 -0.997249 -0.114816 0.382824 0.0 -0.923821 
-0.0393512 0.0921415 -0.0935262 0.382812 -0.0 -0.923826 
-0.0998729 -0.952441 0.0669916 -0.0 1.0 -0.0 
0.0361132 -1.0 0.0502471 -0.0 -1.0 -0.0 
-0.00532467 -0.952441 -0.0948903 0.0 1.0 0.0 
-0.00410351 0.117646 0.34219 0.0 -1.0 0.0 
-0.0943709 -1.0 -0.0815616 0.0 -1.0 0.0 
-0.0241353 0.316877 -0.39611 0.382823 -0.0 -0.923822 
0.0431784 -0.0784196 0.313911 0.38271 0.0 -0.923869 
-0.0613591 0.334228 -0.257092 -0.382823 0.0 0.923822 
-0.020003 -0.952441 -0.103055 0.0 1.0 0.0 
-0.0154506 -0.337012 0.00646995 -0.383071 -0.0 0.923719 
-0.0329894 0.379223 -0.387445 -0.0 1.0 -0.0 
-0.0416775 -0.952441 -0.0904144 0.0 1.0 0.0 
-0.0242606 0.207683 0.320082 -0.923821 0.0 -0.382825 
0.114315 0.137083 0.358379 0.923814 -0.0 0.382842 
0.0239315 -0.966039 -0.144525 0.382837 0.0 -0.923816 
0.0487346 -0.952441 0.165441 -0.0 1.0 -0.0 
-0.111584 -0.0963696 0.226622 0.0 1.0 0.0 
-0.0292643 -0.54953 0.000741327 -0.383071 0.0 0.923719 
-0.0664583 0.111845 -0.385595 -0.923825 0.0 -0.382814 
0.044223 -0.0963696 -0.153584 0.0 1.0 0.0 
-0.0954394 -0.960019 0.114896 -0.382837 0.0 0.923816 
0.0531961 0.345232 -0.301641 0.923809 -0.0 0.382853 
0.0175587 -1.0 0.120375 0.0 -1.0 0.0 
-0.0118413 0.00961196 -0.326667 0.382683 0.0 -0.92388 
-0.037272 -1.0 -0.0256956 0.0 -1.0 0.0 
0.134746 0.33973 0.309078 0.923814 -0.0 0.382842 
0.0600097 0.379223 -0.343488 0.0 1.0 0.0 
0.0092419 0.403003 0.248626 -0.0 1.0 -0.0 
-0.0475098 0.0938668 -0.277215 0.0 -1.0 0.0 
-0.00249387 0.307885 0.0751304 -0.0 1.0 -0.0 
0.0691888 0.191177 -0.0485498 0.382812 -0.0 -0.923826 
0.0673122 0.290213 0.259561 0.382823 -0.0 -0.923822 
0.0529665 -1.0 0.0626387 -0.0 -1.0 -0.0 
0.0179551 0.158165 -0.378668 0.382823 0.0 -0.923822 
-0.00208577 -0.952441 -0.0973462 0.0 1.0 0.0 
-0.0924041 -1.0 0.133537 0.0 -1.0 0.0 
0.0243071 0.403003 0.295422 -0.0 1.0 -0.0 
-0.0809545 0.0738203 0.0436758 -0.382823 -0.0 0.923822 
-0.0054899 0.371951 0.274786 -0.923821 0.0 -0.382825 
-0.083367 -0.120151 0.149521 -0.0 -1.0 -0.0 
-0.039986 0.307885 -0.0235868 -0.0 1.0 -0.0 
0.0567111 -1.0 0.187506 0.0 -1.0 0.0 
-0.0807258 -1.0 0.078321 0.0 -1.0 0.0 
0.0607693 -0.952441 0.00897081 -0.0 1.0 0.0 
0.0146539 -0.952441 -0.102228 0.0 1.0 0.0 
-0.0243065 0.0938668 -0.383425 -0.0 -1.0 -0.0 
0.0891439 0.169169 0.419118 0.923838 -0.0 0.382784 
0.0596843 -0.00689396 0.320748 0.38271 0.0 -0.923869 
0.087907 -0.105929 -0.230115 0.923819 -0.0 0.382829 
-0.00771348 0.0938669 -0.285666 0.0 -1.0 0.0 
0.0373035 -1.0 0.156122 0.0 -1.0 0.0 
-0.188528 -0.988109 0.0085155 0.0 1.0 0.0 
0.0055481 0.229196 0.0795217 -0.382823 -0.0 0.923822 
0.00206278 -0.120151 -0.320562 -0.0 -1.0 -0.0 
0.0871942 0.117646 0.408114 0.0 -1.0 -0.0 
-0.0214619 -0.591501 0.00397702 -0.383071 0.0 0.923719 
-0.0716086 0.163667 -0.373166 -0.923825 0.0 -0.382814 
-0.14073 -0.10543 0.263437 -0.382842 -0.0 0.923814 
0.0758122 -1.0 0.0697905 -0.0 -1.0 -0.0 
-0.0106817 -1.0 0.0094222 0.0 -1.0 0.0 
0.0263635 -0.0963696 0.322026 0.0 1.0 0.0 
0.0628277 0.254814 -0.324881 0.923809 -0.0 0.382853 
-0.00329304 -0.942229 -0.010036 0.923836 -0.0 0.38279 
-0.107064 0.185675 0.0229759 -0.923825 0.0 -0.382814 
0.0660752 -1.0 0.0291127 -0.0 -1.0 -0.0 
-0.0333454 -0.952441 -0.0533278 0.0 1.0 0.0 
-0.00183868 -1.0 -0.0542923 0.0 -1.0 -0.0 
0.0481796 0.0938669 -0.314101 -0.0 -1.0 -0.0 
-0.0782941 -1.0 0.0708036 0.0 -1.0 0.0 
-0.038383 0.374255 -0.402014 0.382807 0.000328543 -0.923829 
0.0667259 -0.952441 0.120259 0.0 1.0 0.0 
0.0706882 0.0591297 -0.0332695 0.923814 -0.0 0.382842 
-0.0868459 -1.0 0.0647531 0.0 -1.0 0.0 
-0.0788101 -1.0 -0.0261304 0.0 -1.0 0.0 
0.0321744 0.307885 0.000967978 0.0 1.0 0.0 
-0.000106456 0.0225282 -0.0574736 -0.0 -1.0 0.0 
-0.099486 0.261878 -0.305891 -0.923825 0.0 -0.382814 
0.132466 0.273707 0.31458 0.923814 -0.0 0.382842 
0.023735 0.288914 0.0800307 0.923814 -0.0 0.382842 
-0.0037578 0.117646 0.297607 0.0 -1.0 0.0 
-0.160898 -0.952441 -0.0267289 0.0 1.0 0.0 
-0.181034 -0.988109 0.0923988 0.0 1.0 -0.0 
0.0701803 0.0921415 -0.0320439 0.923814 -0.0 0.382842 
-0.0228453 -0.952441 -0.131079 0.0 1.0 0.0 
-0.0165087 0.166941 0.0703816 -0.382823 0.0 0.923822 
0.0360385 -0.952441 -0.0199304 0.0 1.0 0.0 
-0.121881 -0.952441 -0.0760596 0.0 1.0 0.0 
-0.107102 -1.0 0.0430892 0.0 -1.0 0.0 
0.0645975 -0.991469 0.200521 -0.382824 0.0 0.923821 
-0.05599 -1.0 -0.00327285 0.0 -1.0 0.0 
-0.0287177 -0.848696 0.000967978 -0.383071 0.0 0.923719 
0.140325 0.320436 0.295615 0.923837 -0.0 0.382787 
-0.0267537 -0.452554 -0.0155379 -0.923798 0.0 -0.382879 
-0.060663 0.307885 -0.0840545 0.0 1.0 0.0 
-0.0796479 -1.0 0.104561 0.0 -1.0 0.0 
0.0321163 -0.952441 0.0251652 0.0 1.0 0.0 
0.0142857 -0.116933 -0.114573 -0.923822 -0.000124561 -0.382822 
-0.0107914 -0.0449554 -0.326232 0.382683 0.0 -0.923879 
-0.0118413 -1.0 -0.0265419 -0.0 -1.0 -0.0 
0.0101665 -1.0 0.00646995 -0.0 -1.0 -0.0 
0.0376764 0.158165 -0.370496 0.382823 0.0 -0.923822 
0.0677997 0.323949 0.414206 -0.382823 -0.0 0.923822 
-0.154893 -0.991747 -0.09454 -0.923821 -0.0 -0.382825 
0.0734315 -1.0 -0.142735 0.0 -1.0 -0.0 
0.0336489 -0.952441 -0.112781 0.0 1.0 0.0 
-0.0173433 -0.865202 -0.0200573 0.382683 -0.0 -0.92388 
0.086268 0.384801 0.421859 -0.382742 0.0 0.923855 
-0.0863351 -1.0 0.110735 0.0 -1.0 0.0 
-0.0306518 -0.0627871 -0.308722 -0.383011 0.0 0.923744 
-0.0255 -0.547631 -0.0185627 -0.923798 0.0 -0.382879 
-0.0123407 0.307885 0.0189827 0.0 1.0 0.0 
-0.00633937 -1.0 0.0834976 0.0 -1.0 0.0 
0.0238206 0.307885 -0.0322772 -0.0 1.0 -0.0 
-0.0283473 -0.952441 0.127513 -0.0 1.0 -0.0 
0.0570323 0.124523 -0.310897 0.923809 -0.0 0.382853 
-0.072363 0.235193 0.0472361 -0.382823 -0.0 0.923822 
-0.0273938 -0.130375 -0.0139935 -0.923798 0.0 -0.382879 
0.0156685 0.141659 -0.379616 0.382823 0.0 -0.923822 
-0.113932 -0.988109 0.107632 0.0 1.0 -0.0 
-0.20838 -0.988109 0.0711253 0.0 1.0 0.0 
-0.0279657 0.379223 -0.320742 -0.0 1.0 -0.0 
-0.125801 -0.952441 -0.0951598 0.0 1.0 0.0 
0.00962503 -1.0 -0.0466358 0.0 -1.0 -0.0 
-0.0668611 0.379223 -0.334652 -0.0 1.0 -0.0 
-0.116379 -1.0 -0.0430478 0.0 -1.0 0.0 
-0.102504 0.141659 0.0119719 -0.923825 0.0 -0.382814 
-0.000837397 -1.0 0.0889995 0.0 -1.0 0.0 
0.0668771 0.284711 -0.334652 0.923809 -0.0 0.382853 
-0.0338492 0.379223 -0.307142 0.0 1.0 0.0 
-0.0997144 -0.105929 0.160525 -0.92382 0.0 -0.382827 
0.00302663 -0.952441 -0.0144271 0.0 1.0 0.0 
-0.127286 -0.969739 -0.114573 -0.923818 0.0 -0.382832 
-0.0998729 0.0921415 0.0358362 -0.382823 -0.0 0.923822 
-0.072363 -1.0 -0.10357 0.0 -1.0 0.0 
0.0860362 0.117646 0.349169 0.0 -1.0 -0.0 
-0.167888 -0.988109 -0.0458483 0.0 1.0 0.0 
-0.104552 0.29315 -0.27499 -0.382823 0.0 0.923822 
-0.101411 0.362079 -0.273689 -0.382823 0.0 0.923822 
0.084408 -0.952441 -0.0204881 0.0 1.0 0.0 
-0.0327265 -0.219424 -0.000694549 -0.383071 0.0 0.923719 
0.0529511 0.403003 0.349149 0.0 1.0 0.0 
0.0541823 0.246197 0.408563 -0.382823 -0.0 0.923822 
-0.0237637 0.223245 0.318883 -0.923821 0.0 -0.382825 
0.0338368 0.0461537 -0.0631988 0.382812 -0.0 -0.923826 
-0.0613591 0.191177 -0.397901 -0.923825 0.0 -0.382814 
-0.0361747 0.366082 0.37112 -0.382823 0.0 0.923822 
0.0938667 0.141659 0.270565 0.382823 0.0 -0.923822 
0.0396279 0.403003 0.301815 -0.0 1.0 -0.0 
-0.0365128 0.258677 0.349649 -0.923821 0.0 -0.382825 
0.120206 -0.952441 -0.0650557 0.0 1.0 0.0 
0.0914238 0.334228 0.413616 0.923814 -0.0 0.382842 
-0.072872 -0.952441 0.0479668 -0.0 1.0 -0.0 
-0.00643262 -0.645123 -0.0155379 0.382683 -0.0 -0.92388 
0.0101665 0.403003 0.276067 -0.0 1.0 -0.0 
0.0937828 0.209175 0.407924 0.923814 -0.0 0.382842 
0.0816922 0.152663 0.26552 0.382823 0.0 -0.923822 
-0.0778459 0.106422 -0.263924 -0.382823 -0.0 0.923822 
0.0816922 -0.98811 0.166027 -0.0 1.0 -0.0 
-0.0014608 0.33973 0.265063 -0.923821 0.0 -0.382825 
0.0376764 0.317722 -0.370496 0.382823 -0.0 -0.923822 
-0.0558571 0.207683 -0.409253 0.382503 -0.0 -0.923954 
-0.0267537 -0.898213 -0.0155379 -0.923798 0.0 -0.382879 
-0.00366564 -0.952441 0.0923652 -0.0 1.0 -0.0 
-0.0379405 0.306718 0.353094 -0.923821 0.0 -0.382825 
-0.0154506 -0.628617 0.00646995 -0.383071 -0.0 0.923719 
-0.0173433 -0.502071 0.00568496 -0.383071 -0.0 0.923719 
0.0871942 0.117646 0.380604 0.0 -1.0 -0.0 
-0.158612 -1.0 0.0706239 0.0 -1.0 0.0 
-0.0777981 0.0756356 0.0449838 -0.382823 -0.0 0.923822 
-0.0104774 0.224189 -0.0815616 0.382812 -0.0 -0.923826 
-0.0155529 -0.246598 0.00642748 -0.383071 -0.0 0.923719 
-0.0262487 -0.922849 -0.0167563 -0.923798 0.0 -0.382879 
-0.0819852 0.301216 -0.0375458 -0.923825 0.0 -0.382814 
-0.110367 0.185675 -0.279633 -0.923796 0.0 -0.382886 
-0.0471407 0.341169 -0.2512 -0.382823 0.0 0.923822 
0.0306137 -0.0963697 0.328661 0.0 1.0 0.0 
0.0186132 0.1043 -0.223952 -0.382745 -0.0 0.923854 
0.150413 -1.0 -0.0262589 0.0 -1.0 -0.0 
0.0111495 0.344183 -0.381488 0.382823 -0.0 -0.923822 
-0.0151407 0.185675 0.298074 -0.923821 0.0 -0.382825 
-0.0283473 -0.166451 -0.011693 -0.923798 0.0 -0.382879 
-0.0338492 0.0646317 -0.0912463 0.382812 -0.0 -0.923826 
0.0972425 -0.975241 0.0889995 0.923818 -0.0 0.382832 
0.0365587 0.237127 0.40126 -0.382823 -0.0 0.923822 
-0.0151407 0.383746 0.298074 -0.923821 0.0 -0.382825 
0.0698675 0.117646 0.380254 0.0 -1.0 0.0 
0.10917 0.117646 0.281816 -0.0 -1.0 -0.0 
-0.138539 -0.957646 -0.0874197 -0.923818 0.0 -0.382832 
0.0374791 0.186882 -0.0616895 0.382812 -0.0 -0.923826 
0.0295811 0.313012 0.398369 -0.382823 0.0 0.923822 
-0.0178866 0.117647 0.306869 0.0 -1.0 0.0 
-0.144476 -1.0 -0.0720007 0.0 -1.0 0.0 
-0.136093 -1.0 0.0281443 0.0 -1.0 0.0 
0.0400271 -0.100428 -0.114573 0.92382 -0.0 0.382828 
0.102086 -1.0 -0.123879 -0.0 -1.0 -0.0 
-0.0267537 -0.876206 -0.0155379 -0.923798 0.0 -0.382879 
-0.0434694 0.24968 0.0592093 -0.382823 -0.0 0.923822 
0.0433836 0.193179 -0.368131 0.382823 -0.0 -0.923822 
-0.166326 -1.0 0.0561284 0.0 -1.0 0.0 
-0.0848101 -0.0963696 0.263864 0.0 1.0 -0.0 
-0.156927 -0.975241 -0.0430478 -0.923818 0.0 -0.382832 
-0.104305 0.0426344 0.0163178 -0.923825 0.0 -0.382814 
-0.137064 -1.0 0.0244543 0.0 -1.0 0.0 
-0.0117736 0.307885 -0.000926249 0.0 1.0 0.0 
0.0309326 0.0225281 -0.000318615 -0.0 -1.0 -0.0 
-0.127383 -1.0 0.0724936 0.0 -1.0 0.0 
0.0743358 0.403003 0.273813 -0.0 1.0 -0.0 
-0.0399929 0.253452 -0.402681 0.382823 0.0 -0.923822 
-0.217345 -0.988109 0.056982 0.0 1.0 0.0 
0.0137274 0.0938669 -0.276405 -0.0 -1.0 -0.0 
0.0738034 0.346175 0.262251 0.382823 -0.0 -0.923822 
-0.057947 0.0225282 -0.0288977 -0.0 -1.0 -0.0 
-0.0101983 -0.952441 0.0637807 -0.0 1.0 -0.0 
0.0707262 0.222336 0.415419 -0.382823 -0.0 0.923822 
0.0377735 0.403003 0.327049 -0.0 1.0 -0.0 
0.0245164 0.175048 0.0781455 0.923814 -0.0 0.382842 
-0.0998729 0.273707 -0.304957 -0.923825 0.0 -0.382814 
0.0297769 0.379223 -0.325344 0.0 1.0 0.0 
-0.0228453 -0.771668 -0.0223363 0.382683 0.0 -0.92388 
-0.116379 -0.953233 -0.140894 -0.923818 0.0 -0.382832 
-0.0956647 0.174671 -0.00453399 -0.923825 0.0 -0.382814 
0.0213509 0.379223 -0.244594 0.0 1.0 0.0 
0.049704 -0.952441 0.126334 0.0 1.0 0.0 
-0.171399 -1.0 -0.0540517 0.0 -1.0 0.0 
0.099087 -1.0 0.012864 -0.0 -1.0 -0.0 
0.024476 0.305129 0.24181 0.382823 0.0 -0.923822 
0.0403974 -0.952441 0.0622651 0.0 1.0 0.0 
-0.0691077 0.108702 -0.0686223 -0.923825 0.0 -0.382814 
0.0460614 0.142046 0.250755 0.382823 0.0 -0.923822 
-0.0203122 0.243414 -0.240082 -0.382823 -0.0 0.923822 
-0.0433461 -1.0 0.111719 0.0 -1.0 0.0 
-0.0463126 0.379223 -0.327674 -0.0 1.0 -0.0 
-0.110877 -0.116933 0.275809 -0.382842 -0.0 0.923814 
-0.00633937 -0.474562 -0.0154993 0.382683 -0.0 -0.92388 
0.1037 0.334228 0.27464 0.382823 -0.0 -0.923822 
-0.0558571 0.379223 -0.285135 0.0 1.0 0.0 
-0.0604191 -1.0 0.134379 0.0 -1.0 0.0 
0.0218935 0.166256 -0.0681479 0.382812 -0.0 -0.923826 
0.0871942 -0.952441 0.0559877 0.0 1.0 0.0 
-0.0228453 0.240695 -0.395575 0.382823 0.0 -0.923822 
-0.00552714 -1.0 0.135431 0.0 -1.0 0.0 
-0.105807 0.36724 -0.290637 -0.923825 0.0 -0.382814 
0.0099407 0.136157 0.237553 -0.923688 -0.0 -0.383146 
-0.0237551 0.0811376 -0.0870636 0.382812 0.0 -0.923826 
0.0431784 0.0591297 0.339649 -0.382986 0.0 0.923754 
-0.0856341 -0.116742 0.126547 -0.92382 0.0 -0.382827 
0.0416451 -0.111431 -0.180597 -0.92382 0.0 -0.382827 
-0.0940864 -0.120151 0.268707 0.0 -1.0 0.0 
0.0752451 -1.0 0.049697 0.0 -1.0 -0.0 
0.042441 0.0299052 0.314414 -0.923798 0.0 -0.382879 
0.05125 0.403003 0.288869 -0.0 1.0 -0.0 
-0.00281282 0.379223 -0.293404 0.0 1.0 0.0 
-0.0407534 0.127349 0.359882 -0.923821 0.0 -0.382825 
0.0312324 0.185675 -0.373166 0.382823 0.0 -0.923822 
-0.0966873 0.378244 -0.312644 -0.923818 -5.96479e-05 -0.382831 
-0.00997515 -0.120151 -0.307555 0.0 -1.0 0.0 
-0.0264975 -0.54653 -0.016156 -0.923798 0.0 -0.382879 
-0.000837395 0.158165 -0.386456 0.382823 0.0 -0.923822 
-0.0208996 -0.468921 -0.0215303 0.382683 0.0 -0.92388 
-0.0799391 -1.0 0.0771342 0.0 -1.0 0.0 
0.0111302 -0.952441 -0.0776316 0.0 1.0 0.0 
-0.00229855 0.0938668 -0.372593 -0.0 -1.0 -0.0 
0.0637163 0.23401 0.258071 0.382823 0.0 -0.923822 
-0.0118413 -0.193961 -0.0177783 0.382683 0.0 -0.92388 
0.045022 0.196745 0.250324 0.382823 0.0 -0.923822 
0.0706882 0.268205 -0.356816 0.382742 -0.0 -0.923855 
0.0725784 -1.0 0.147456 0.0 -1.0 -0.0 
-0.0153547 -0.100428 -0.0430478 -0.92382 0.0 -0.382827 
-0.0351472 0.0225282 -0.0773825 -0.0 -1.0 0.0 
-0.035198 0.0938669 -0.25669 0.0 -1.0 0.0 
-0.0946554 0.14146 0.0379982 -0.382823 -0.0 0.923822 
0.0497889 -1.0 -0.0821372 0.0 -1.0 -0.0 
-0.0148492 -0.0395164 -0.30217 -0.383011 -0.0 0.923744 
0.0695148 0.400479 0.414917 -0.382823 8.77585e-05 0.923822 
-0.0383826 0.223786 0.0613172 -0.382823 -0.0 0.923822 
-0.0228453 -0.988109 -0.175095 -0.0 1.0 -0.0 
0.0706882 -0.952441 0.0504857 0.0 1.0 0.0 
0.0781332 0.129363 0.264045 0.382823 0.0 -0.923822 
-0.0623707 0.093867 -0.286297 0.0 -1.0 0.0 
-0.0943709 0.163667 -0.318235 -0.923825 0.0 -0.382814 
-0.0316627 -1.0 -0.0421396 -0.0 -1.0 -0.0 
-0.0174576 -0.952441 -0.0652835 0.0 1.0 0.0 
-0.0311265 -0.442302 -0.0049873 -0.923798 0.0 -0.382879 
-0.0182803 0.149338 0.0696475 -0.382823 0.0 0.923822 
-0.0326385 -1.0 -0.0562427 -0.0 -1.0 -0.0 
-0.0946142 -0.112702 0.210336 0.92382 -0.0 0.382828 
0.0580766 -0.0454078 0.320082 0.38271 0.0 -0.923869 
0.0459984 0.403003 0.356025 0.0 1.0 0.0 
-0.0989674 0.246197 -0.307142 -0.923825 0.0 -0.382814 
0.1037 -1.0 0.0229759 -0.0 -1.0 -0.0 
-0.0154506 -0.204965 0.00646995 -0.383071 -0.0 0.923719 
0.0266725 0.202181 -0.375056 0.382823 -0.0 -0.923822 
0.0644943 0.0334747 -0.0183233 0.923814 -0.0 0.382842 
0.0211705 0.307885 -0.0650557 -0.0 1.0 -0.0 
-0.0203098 -0.481066 0.00445481 -0.383071 -0.0 0.923719 
-0.0537128 0.307885 0.00714887 -0.0 1.0 -0.0 
-0.0998729 -1.0 0.0339798 0.0 -1.0 0.0 
0.133851 -1.0 0.04255 0.0 -1.0 -0.0 
0.0541546 0.273768 -0.363667 0.382823 -0.0 -0.923822 
0.011551 0.403003 0.27732 -0.0 1.0 -0.0 
0.118785 0.246197 0.347592 0.923814 -0.0 0.382842 
-0.0350414 -0.952441 -0.0475193 0.0 1.0 0.0 
-0.0361992 -1.0 0.117132 0.0 -1.0 0.0 
-0.0850507 0.155253 -0.0301482 -0.923825 0.0 -0.382814 
0.0211705 0.403003 0.353094 0.0 1.0 0.0 
0.0926825 -0.980743 0.100003 0.923818 -0.0 0.382832 
-0.21043 -0.991747 0.0394818 -0.923821 0.0 -0.382825 
0.0266725 0.307885 0.0669916 -0.0 1.0 -0.0 
-0.0913076 0.268182 -0.0150487 -0.923825 0.0 -0.382814 
-0.047692 -0.120151 0.0553917 -0.0 -1.0 -0.0 
0.0431292 0.282773 -0.368236 0.382823 -0.0 -0.923822 
-0.0759228 0.306718 -0.263127 -0.382823 0.0 0.923822 
0.0710752 0.226235 -0.0342031 0.923814 -0.0 0.382842 
0.0693145 0.381489 0.26039 0.382823 -0.0 -0.923822 
0.0645969 0.119651 -0.32915 0.923809 -0.0 0.382853 
-0.0170495 0.342781 0.379046 -0.382823 0.0 0.923822 
-0.072363 -0.952441 -0.164091 0.0 1.0 0.0 
0.138931 -0.952441 -0.0436879 0.0 1.0 0.0 
0.036268 0.379223 -0.319733 -0.0 1.0 0.0 
0.0119754 0.0225282 -0.0330684 -0.0 -1.0 -0.0 
0.0726959 0.403003 0.373376 0.0 1.0 0.0 
0.00267813 0.290762 -0.384999 0.382823 -0.0 -0.923822 
-0.0975466 -0.952441 -0.0389601 0.0 1.0 0.0 
0.027803 -0.120151 -0.0958945 0.0 -1.0 0.0 
-0.014764 -0.474269 0.00675464 -0.383071 -0.0 0.923719 
-0.0943112 -0.120151 0.173595 0.0 -1.0 0.0 
-0.0927892 -0.952441 -0.0896566 0.0 1.0 0.0 
-0.072363 0.119651 -0.371346 -0.923825 0.0 -0.382814 
-0.0463277 -0.952441 -0.123614 0.0 1.0 0.0 
-0.0118413 -0.705644 0.00796671 -0.383071 -0.0 0.923719 
0.00771533 0.0321355 -0.074023 0.382812 -0.0 -0.923826 
0.0634156 0.0694092 0.322294 0.38271 0.0 -0.923869 
0.0632501 0.0358233 0.326311 0.923875 -0.0 0.382694 
0.0949077 0.156062 0.270996 0.382823 0.0 -0.923822 
0.0765868 -0.952441 -0.0652277 0.0 1.0 0.0 
-0.0173433 0.295714 -0.393295 0.382823 0.0 -0.923822 
0.109202 0.117646 0.353094 0.0 -1.0 -0.0 
-0.0267537 -0.46906 -0.0155379 -0.923798 0.0 -0.382879 
0.0910921 0.403003 0.360249 0.0 1.0 0.0 
-0.0411852 -1.0 0.0488833 0.0 -1.0 0.0 
-0.0189561 -0.408834 0.00501619 -0.383071 -0.0 0.923719 
-0.00757746 -0.0592199 -0.310276 0.923825 -0.0 0.382815 
0.023788 -0.952441 0.153837 -0.0 1.0 -0.0 
-0.0173433 -0.952441 -0.131079 0.0 1.0 0.0 
0.0706882 -1.0 -0.0540517 -0.0 -1.0 -0.0 
0.100551 0.117646 0.342508 0.0 -1.0 -0.0 
0.0596843 0.295714 0.410843 -0.382823 -0.0 0.923822 
0.00455791 0.18716 -0.38422 0.382823 0.0 -0.923822 
-0.0801004 0.270023 -0.264858 -0.382823 0.0 0.923822 
0.13121 0.317722 0.286039 0.382823 -0.0 -0.923822 
-0.0532536 -0.952441 -0.175533 0.0 1.0 0.0 
-0.141299 -1.0 0.0717409 0.0 -1.0 0.0 
-0.000837397 -1.0 -0.114573 -0.0 -1.0 -0.0 
-0.168134 -1.0 0.00703007 0.0 -1.0 0.0 
-0.0705857 0.180173 -0.0650557 -0.923825 0.0 -0.382814 
-0.0118413 0.213185 -0.391016 0.382823 0.0 -0.923822 
-0.0892001 0.0976435 -0.268629 -0.382817 7.58591e-05 0.923824 
0.0710646 0.251699 -0.35666 0.382742 -0.0 -0.923855 
-0.16161 -1.0 0.0984097 0.0 -1.0 0.0 
0.0212752 0.251699 -0.224613 0.923937 -0.0 0.382544 
-0.0548047 -1.0 0.0013471 0.0 -1.0 0.0 
-0.0558571 -0.991747 -0.196895 0.382824 -0.0 -0.923821 
-0.0558571 0.307885 -0.0815616 -0.0 1.0 -0.0 
0.0518886 -1.0 0.0363992 0.0 -1.0 -0.0 
-0.0558571 0.361738 -0.409253 0.382503 0.0 -0.923954 
-0.0106027 -0.808688 0.00760549 0.923836 -0.0 0.38279 
-0.130565 -0.988109 -0.145303 0.0 1.0 0.0 
-0.0178376 0.0206159 -0.32915 0.382683 0.0 -0.92388 
-0.111101 0.118713 -0.277704 -0.382747 0.0 0.923853 
0.109202 0.213185 0.370716 0.923814 -0.0 0.382842 
-0.149391 -0.952441 0.0229759 0.0 1.0 0.0 
0.0269407 0.120446 -0.0660564 0.382812 0.0 -0.923826 
0.0596843 -1.0 0.100003 -0.0 -1.0 -0.0 
-0.0419827 0.187296 0.362849 -0.923937 -0.0 -0.382544 
-0.0193698 0.196906 -0.239692 -0.382823 -0.0 0.923822 
-0.119592 -1.0 -0.125461 0.0 -1.0 0.0 
-0.000837397 -1.0 0.100003 0.0 -1.0 0.0 
-0.0466623 -0.988298 0.154416 -0.382824 0.0 0.923821 
-0.000837397 -1.0 -0.0540517 -0.0 -1.0 -0.0 
0.0468412 -1.0 0.149522 0.0 -1.0 0.0 
-0.0476438 0.307885 0.027975 0.0 1.0 0.0 
0.0160381 0.117646 0.301073 0.0 -1.0 0.0 
-0.175904 -1.0 0.0875829 0.0 -1.0 0.0 
0.0724303 0.403003 0.316596 -0.0 1.0 -0.0 
-0.0130486 0.379223 -0.240747 -0.0 1.0 -0.0 
-0.0503551 0.169169 -0.406975 0.382823 0.0 -0.923822 
0.0411186 -0.0913748 0.338795 -0.382986 0.0 0.923754 
0.114114 0.218575 0.358863 0.923814 -0.0 0.382842 
0.133767 0.149615 0.287099 0.382823 -0.0 -0.923822 
-0.0393512 0.307885 -0.0375458 -0.0 1.0 -0.0 
0.0505516 -0.120151 0.32302 0.0 -1.0 -0.0 
0.0242571 0.297119 -0.231812 0.923809 -0.0 0.382853 
0.0236225 0.0938669 -0.287181 -0.0 -1.0 -0.0 
0.0213237 0.403003 0.269098 -0.0 1.0 -0.0 
-0.0237551 0.0316198 -0.0870636 0.382812 0.0 -0.923826 
0.0156685 -0.988109 -0.153087 -0.0 1.0 -0.0 
0.0891439 0.36724 0.419118 0.923838 0.0 0.382784 
0.0256239 0.223715 0.396729 -0.382823 -0.0 0.923822 
0.100451 0.403003 0.349037 0.0 1.0 0.0 
0.0338213 -0.952441 0.0482897 0.0 1.0 0.0 
0.104245 0.369022 0.382677 0.923814 -0.0 0.382842 
0.00815202 0.117647 0.336657 -0.0 -1.0 -0.0 
-0.127383 -1.0 -0.10357 0.0 -1.0 0.0 
0.0954599 0.403003 0.397728 -0.0 1.0 -0.0 
0.0312324 0.141659 -0.373166 0.382823 0.0 -0.923822 
-0.0174207 0.229691 0.303576 -0.923821 0.0 -0.382825 
0.0751704 -0.952441 -0.0711346 0.0 1.0 0.0 
-0.0505257 -0.952441 -0.147608 0.0 1.0 0.0 
-0.0197156 -0.892712 -0.0210399 0.382683 -0.0 -0.92388 
-0.12892 -0.988109 -0.151634 0.0 1.0 0.0 
0.0176479 0.252407 0.23898 0.382823 0.0 -0.923822 
0.0933256 -0.999508 -0.135075 0.382824 0.0 -0.923821 
-0.0283473 0.307885 0.0559877 0.0 1.0 0.0 
0.100451 0.403003 0.349037 0.0 1.0 0.0 
0.1037 0.119651 0.383993 0.923814 6.23598e-05 0.382842 
-0.116379 -0.952441 -0.109071 0.0 1.0 0.0 
-0.0851373 0.0499789 0.0419425 -0.382823 -0.0 0.923822 
-0.0173433 0.0976435 -0.393295 0.382807 -0.000328827 -0.923828 
-0.145666 -1.0 0.034262 0.0 -1.0 0.0 
-0.0668611 0.0938668 -0.362162 -0.0 -1.0 -0.0 
0.0101665 0.0938669 -0.268629 -0.0 -1.0 -0.0 
0.0959839 0.158165 0.402612 0.923814 -0.0 0.382842 
-0.0668611 0.0756356 -0.0740442 -0.923825 0.0 -0.382814 
0.0468471 -0.0401767 0.315431 0.38271 0.0 -0.923869 
0.0634305 0.298905 -0.0509358 0.382812 -0.0 -0.923826 
-0.0265999 0.278832 0.325728 -0.923821 0.0 -0.382825 
0.0398632 0.280045 0.0411127 0.923814 -0.0 0.382842 
-0.0284661 0.266671 0.330231 -0.923821 0.0 -0.382825 
-0.00243321 -0.952441 0.0707118 -0.0 1.0 -0.0 
-0.0966876 0.202181 -0.312644 -0.923825 0.0 -0.382814 
0.0100588 0.0225281 0.0358304 -0.0 -1.0 -0.0 
-0.147715 -1.0 -0.0690268 0.0 -1.0 0.0 
0.0585008 0.0666765 -0.0529786 0.382812 -0.0 -0.923826 
-0.00659592 0.0591297 -0.312644 0.923825 -0.0 0.382815 
0.0969708 0.292233 0.400231 0.923814 -0.0 0.382842 
-0.0998729 0.0591297 0.0358362 -0.382823 -0.0 0.923822 
0.153665 -0.952441 -0.0882002 0.0 1.0 0.0 
0.142214 0.350734 0.290598 0.382641 0.0 -0.923897 
-0.00697998 -0.0921301 -0.311718 0.923825 -0.0 0.382815 
-0.00797494 -0.641093 -0.0161768 0.382683 -0.0 -0.92388 
0.0717891 -0.0963696 -0.2332 0.0 1.0 0.0 
-0.0658975 -0.952441 -0.115545 0.0 1.0 0.0 
0.066725 -0.116933 -0.241119 -0.92382 0.0 -0.382827 
0.00274392 0.164232 -0.384972 0.382823 0.0 -0.923822 
-0.00292009 0.379223 -0.26317 0.0 1.0 0.0 
-0.0339361 -1.0 -0.166179 0.0 -1.0 -0.0 
-0.0219349 0.23916 -0.0863093 0.382812 -0.0 -0.923826 
0.10089 -1.0 -0.110679 0.0 -1.0 -0.0 
0.0101665 0.307885 0.0174739 0.0 1.0 0.0 
-0.0878979 0.179181 -0.0232772 -0.923825 0.0 -0.382814 
0.0745468 0.247131 -0.0425825 0.923938 -0.0 0.382543 
-0.213335 -1.0 0.0609643 0.0 -1.0 0.0 
-0.0363945 0.298521 -0.40119 0.382823 0.0 -0.923822 
-0.00914528 0.107413 -0.389898 0.382823 0.0 -0.923822 
-0.149787 -0.952441 -0.0462708 0.0 1.0 0.0 
