ply
format ascii 1.0
comment VCGLIB generated
element vertex 2000
property float x
property float y
property float z
property float nx
property float ny
property float nz
element face 0
property list uchar int vertex_indices
end_header
-0.112482 -0.921448 0.191006 -0.149786 0.816682 -0.55731 
0.41861 0.0135816 -0.323703 0.408139 -0.816137 -0.409076 
0.0189453 -0.0251897 -0.514241 -0.211074 -0.577096 -0.788928 
-0.177343 0.433983 -0.135684 -0.788929 0.577097 -0.211068 
0.172236 0.200859 -0.344929 0.577092 0.577859 -0.5771 
0.380493 -0.0290724 0.397099 0.788609 -0.5776 0.210889 
-0.443735 0.25835 0.207267 -0.788934 0.577095 -0.211055 
0.212742 0.0984971 -0.406918 0.577103 0.577855 -0.577093 
0.537708 -0.00804142 -0.134405 0.789295 -0.576593 0.211079 
-0.401673 -0.0325579 0.235862 -0.577097 -0.577852 0.577101 
0.554386 0.139175 0.291944 0.788931 -0.577091 0.211077 
0.0189453 0.412577 0.227322 0.211074 0.57709 0.788933 
0.57276 0.169597 0.256893 -0.211046 -0.577116 -0.788921 
0.408273 0.0760823 -0.233829 0.577103 0.577855 -0.577093 
-0.108779 0.225187 -0.663217 -0.211091 -0.577117 -0.788908 
-0.534869 -0.0608972 -0.324963 -0.788926 0.577102 -0.211066 
-0.201431 -0.358557 0.109676 -0.5771 -0.57785 0.5771 
-0.121261 0.0971132 -0.443518 -0.24401 0.333267 -0.91071 
-0.50528 0.25134 0.41813 -0.788984 0.57704 -0.211018 
0.171263 -0.253402 -0.388056 -0.210989 -0.5771 -0.788948 
0.17653 0.384536 -0.156715 0.577095 0.577857 -0.577099 
-0.0602423 0.434079 0.23278 0.211074 0.57709 0.788933 
0.0372452 -0.603918 0.102666 0.577112 0.577845 -0.577093 
-0.387653 0.0270101 -0.443641 -0.211074 -0.57712 -0.788911 
-0.114251 0.643917 0.0937326 -0.211072 -0.577096 -0.788929 
0.31699 0.0127818 -0.423495 0.408108 -0.816171 -0.409039 
-0.43677 0.069072 -0.163726 -0.788928 0.577098 -0.211068 
-0.203488 0.454639 0.277924 0.965927 0.000540854 -0.258814 
-0.513838 0.0457619 0.0606042 -0.788929 0.577098 -0.211068 
-0.0145728 0.450066 -0.31026 -0.211518 -0.576714 -0.789089 
0.201476 -0.185897 0.374622 0.244156 -0.333627 0.910539 
0.210246 -0.941586 0.000662357 -0.57711 -0.57783 0.57711 
0.27759 0.444285 0.00417119 0.577095 0.577857 -0.577099 
0.425543 -0.273712 -0.395066 0.211002 0.577152 0.788907 
0.145065 -0.154857 -0.453133 -0.211075 -0.577096 -0.788928 
0.276306 -0.119805 0.594067 0.21111 0.577066 0.78894 
0.579574 0.0172999 -0.184501 0.57708 0.577869 -0.577102 
0.142412 0.0400779 -0.595015 -0.211091 -0.577117 -0.788908 
0.336719 -0.218351 -0.0445505 0.788929 -0.577095 0.211076 
0.0552295 0.21476 -0.504739 -0.707378 0.00054092 -0.706836 
0.00492465 0.534577 -0.212798 -0.408123 0.816154 0.409057 
-0.396665 0.0348018 -0.44693 -0.211064 -0.577098 -0.788929 
-0.282498 -0.519794 -0.0697332 -0.577081 -0.577823 0.577146 
-0.464766 0.307422 0.433654 0.211072 0.577096 0.788929 
-0.224844 -0.919381 0.137718 -0.788909 0.577125 -0.211066 
0.34771 -0.376032 -0.344201 0.788931 -0.577091 0.211078 
-0.262942 0.341713 -0.155503 -0.788942 0.577055 -0.211136 
0.33472 0.0752621 -0.308204 0.577103 0.577855 -0.577093 
0.20736 0.165012 -0.377698 0.577114 0.577843 -0.577093 
0.0131811 0.0858812 0.467841 0.211072 0.577101 0.788925 
0.165237 -0.401046 0.096889 0.788925 -0.577101 0.211074 
-0.352601 0.125154 0.295519 -0.666811 0.332749 0.666814 
-0.32456 -0.267423 -0.245147 -0.211068 -0.5771 -0.788927 
-0.0511578 -0.456701 0.224785 -0.577093 -0.577864 0.577093 
0.0628708 -0.282103 -0.338063 -0.211075 -0.577096 -0.788928 
-0.315099 0.0550513 0.42514 -0.408594 0.81612 0.408656 
-0.33858 -0.106186 0.225231 -0.577097 -0.577852 0.577102 
-0.497519 0.176944 0.35827 0.78895 -0.577076 0.211049 
-0.502316 -0.167578 0.0631322 -0.577122 -0.57786 0.577068 
0.432377 -0.986499 0.114712 0.577076 0.577857 -0.577117 
-0.121261 -0.92806 -0.100633 0.788941 -0.57708 0.211071 
-0.401673 0.139175 -0.103237 -0.788928 0.577098 -0.211068 
-0.118085 -0.428475 -0.0230922 0.000437748 -1.0 -0.000437748 
0.0329659 0.749072 0.00162758 0.577102 0.577869 -0.577079 
0.194456 -0.481564 -0.0685008 -0.557358 -0.816647 -0.149798 
0.425543 -0.248199 -0.458159 -0.78894 0.577067 -0.21111 
-0.281215 -0.274396 0.114164 -0.577098 -0.577855 0.577098 
0.439564 0.279381 -0.0362316 -0.707316 0.000599207 -0.706897 
0.145111 0.48993 0.0924166 -0.000442369 1.0 0.000442366 
0.278327 0.47567 0.0363345 0.577095 0.577857 -0.577099 
0.546868 0.0567047 -0.146215 0.577352 0.577355 -0.577344 
0.0881622 0.39365 -0.235956 0.577095 0.577857 -0.577099 
-0.191364 -0.582887 -0.0417763 -0.577081 -0.577823 0.577146 
0.388586 0.0547486 -0.274878 0.577102 0.577855 -0.577093 
0.126987 0.128898 -0.462234 0.577092 0.577859 -0.5771 
0.13582 -0.307043 -0.339337 -0.211075 -0.577096 -0.788928 
-0.527859 0.133293 0.179779 -0.788924 0.577093 -0.211098 
0.00723308 0.0270101 -0.549293 -0.211078 -0.57708 -0.788939 
0.252386 0.0475354 -0.423738 -0.408088 0.816189 0.409024 
-0.079199 -0.183299 -0.372327 -0.211074 -0.577096 -0.788928 
-0.0511578 -0.758144 0.0868317 0.211027 0.57712 0.788923 
0.0907031 0.285242 0.324676 0.210975 0.57698 0.78904 
0.187193 -0.460235 0.0255526 0.788933 -0.577091 0.211072 
0.0610071 0.0340204 0.539146 0.211065 0.577115 0.788917 
0.313378 -0.152827 0.221841 0.788929 -0.5771 0.211061 
-0.0753317 -0.917342 -0.323748 0.5771 0.577855 -0.577095 
-0.039237 -0.75058 -0.0945101 -0.788917 0.57711 -0.21108 
0.126832 -0.947221 -0.119357 0.408607 -0.816138 -0.408607 
0.121957 -0.42866 0.270913 0.789098 -0.577081 0.210482 
-0.0299979 -0.462863 0.239774 -0.577093 -0.577864 0.577093 
0.183471 0.0691756 -0.46555 0.577103 0.577855 -0.577093 
0.509667 0.377526 0.16784 0.211085 0.57708 0.788938 
0.386965 0.328453 0.221841 0.965931 0.000547076 -0.258801 
0.224286 -0.313847 0.114594 0.788925 -0.577101 0.211074 
-0.405662 0.0972176 -0.203046 -0.788928 0.577098 -0.211068 
-0.175656 0.294417 -0.662248 0.577084 0.577883 -0.577084 
-0.612712 -0.183338 -0.229562 -0.211064 -0.577098 -0.788929 
-0.0796715 -0.193998 -0.364374 -0.211074 -0.577096 -0.788928 
-0.0359545 -0.162352 -0.39922 -0.211082 -0.577091 -0.78893 
0.379627 -0.284086 -0.212106 0.788935 -0.577097 0.211049 
-0.0767492 -0.96747 -0.374757 0.788903 -0.577129 0.211076 
-0.25036 -0.457945 0.0243371 -0.577093 -0.577865 0.577093 
-0.40453 0.211677 0.533742 0.211028 0.57705 0.788974 
0.0890483 -0.940412 -0.17074 0.408625 -0.816121 -0.408623 
0.485053 0.0152405 0.126813 0.788744 -0.577134 0.211659 
-0.0303661 -0.251266 0.388172 -0.577098 -0.577854 0.577098 
-0.411001 -0.166727 -0.0816395 -0.910538 -0.333624 -0.244161 
0.446574 0.0605579 0.221841 -0.322391 0.942709 -0.0858091 
0.174429 0.127957 0.393922 0.211072 0.577101 0.788925 
0.513082 -0.100673 -0.36912 0.577079 0.577869 -0.577102 
0.35544 0.465527 0.144728 0.211086 0.577096 0.788925 
-0.366473 0.201553 0.530967 0.211058 0.577084 0.788942 
-0.429565 -0.119559 0.120854 -0.577098 -0.577855 0.577098 
0.212681 -0.355562 0.0439147 0.788925 -0.577101 0.211074 
-0.0721887 -0.42866 -0.194722 -0.211072 -0.577103 -0.788924 
-0.223761 0.538763 0.151738 -0.788939 0.577081 -0.211074 
-0.186215 -0.396124 0.0872755 -0.5771 -0.57785 0.5771 
-0.275024 0.0586403 -0.454745 -0.149785 0.816682 -0.557311 
-0.129949 0.162924 -0.417107 -0.24401 0.333267 -0.91071 
-0.138991 0.426598 -0.430117 -0.577112 -0.577845 0.577093 
-0.3052 0.342474 0.0045217 -0.788966 0.577059 -0.211034 
0.259832 0.457137 0.148487 -0.788963 0.577069 -0.211019 
-0.111317 -0.956101 -0.335432 -0.577097 -0.577859 0.577095 
0.350842 0.0604863 -0.306877 0.577103 0.577855 -0.577093 
-0.446985 -0.356423 -0.133743 0.577102 0.57787 -0.577079 
-0.303529 -0.0781445 0.28836 -0.577097 -0.577852 0.577102 
-0.36268 -0.365701 -0.0266687 -0.577285 -0.577355 0.577411 
-0.0441475 0.664948 -0.15972 0.577079 0.577869 -0.577102 
0.275035 -0.391182 -0.198786 0.789291 -0.576593 0.211092 
0.628087 0.266112 0.190978 -0.78893 0.577098 -0.211063 
0.0969444 -0.250252 0.379071 0.244156 -0.333627 0.910539 
0.278327 0.0213614 -0.47919 0.408108 -0.816171 -0.409039 
0.142654 -0.297359 0.578148 -0.577146 -0.577822 0.577083 
-0.045933 0.370515 0.284934 0.577076 0.577913 -0.577061 
0.1241 0.373887 -0.219808 0.577095 0.577857 -0.577099 
-0.450745 -0.0571136 0.194196 -0.577098 -0.577843 0.57711 
0.38919 0.498985 0.107434 0.577089 0.57783 -0.577131 
0.565749 0.0793646 -0.0866123 -0.788946 0.577079 -0.211054 
-0.45624 -0.054918 0.158904 -0.577098 -0.577855 0.577098 
-0.207746 0.358788 -0.227638 -0.788923 0.5771 -0.21108 
0.468773 0.420913 0.108844 0.577102 0.57787 -0.577079 
-0.408684 -0.148248 0.113009 -0.577098 -0.577855 0.577098 
-0.145569 -0.190309 0.334006 -0.577098 -0.577854 0.577098 
0.260974 0.211607 0.309578 0.211073 0.577098 0.788927 
-0.519105 0.209275 0.42369 -0.57708 -0.57787 0.5771 
-0.296519 -0.284597 0.0886454 -0.577098 -0.577855 0.577098 
0.525689 0.182802 -0.0709686 0.707407 -0.000511686 0.706806 
-0.00208566 0.524742 0.197066 0.211075 0.577084 0.788937 
-0.0371372 -0.129264 -0.423107 -0.211074 -0.577096 -0.788928 
-0.0883903 0.489889 -0.0475994 -0.000442369 1.0 0.000442366 
0.165719 0.498838 0.148162 0.211668 0.577067 0.78879 
-0.235061 0.314511 0.370881 -0.965931 -0.000547567 0.2588 
0.343521 -0.169279 0.151738 0.788877 -0.577216 0.210936 
-0.492807 -0.0360827 0.173195 -0.577087 -0.577824 0.577139 
0.0960587 0.300412 0.288738 0.211074 0.57709 0.788933 
-0.471776 0.0129895 0.274475 -0.577094 -0.577863 0.577094 
-0.506828 0.0114723 0.18679 0.408587 -0.816126 -0.408651 
0.0960587 -0.774688 0.0535939 -0.577099 -0.577872 0.577079 
-0.0608977 0.331451 0.308028 0.211064 0.577097 0.788931 
-0.0511578 0.0199998 -0.528543 -0.211074 -0.57712 -0.788911 
-0.286197 0.25134 0.298955 -0.666811 0.332749 0.666814 
-0.0588588 -0.667452 0.00605239 -0.577102 -0.57787 0.577079 
-0.33157 0.256576 -0.114654 0.578624 0.576758 -0.576666 
0.00492465 0.48268 0.189412 0.149771 -0.816722 0.557256 
0.177011 0.439217 0.165546 0.211074 0.57709 0.788933 
0.153385 -0.312901 0.554747 0.788941 -0.577084 0.211057 
-0.330549 -0.263565 0.0756749 -0.577098 -0.577855 0.577098 
0.369461 0.0971132 -0.251583 0.577103 0.577855 -0.577093 
0.103413 -0.409702 -0.255572 -0.211072 -0.577103 -0.788924 
0.0680174 0.091034 -0.612385 -0.211091 -0.577117 -0.788908 
0.347725 -0.330516 -0.219808 0.788935 -0.577097 0.211048 
0.493835 -0.0711342 -0.142695 0.789295 -0.576593 0.211079 
0.410061 0.200096 0.116197 0.910538 0.333628 0.244158 
-0.319855 0.291007 0.0060766 -0.788928 0.577097 -0.211072 
-0.569921 0.0234357 0.18679 -0.57708 -0.57787 0.5771 
0.145949 -0.214074 0.664836 -0.5771 -0.577871 0.57708 
-0.42937 0.0466873 0.32759 -0.408594 0.81612 0.408656 
-0.33157 0.0410307 -0.465353 -0.149786 0.816682 -0.557311 
-0.103616 -0.120206 0.509264 -0.577103 -0.577856 0.577091 
0.0469865 0.275887 -0.458159 0.577101 0.577859 -0.577091 
-0.027952 -0.428492 0.10652 0.000437748 -1.0 -0.000437748 
-0.459513 0.00270504 -0.275312 -0.55724 -0.816715 -0.149865 
0.523369 -0.123696 -0.381887 0.57708 0.577869 -0.577102 
-0.115791 -0.238933 0.315097 -0.577098 -0.577854 0.577098 
0.40415 -0.967789 0.10522 0.577096 0.577859 -0.577096 
-0.348896 -0.169279 0.151738 -0.577098 -0.577855 0.577098 
0.334409 0.128846 -0.25486 0.577103 0.577855 -0.577093 
-0.231383 0.228064 0.365384 -0.666811 0.332749 0.666814 
0.271643 -0.113196 0.544315 -0.211077 -0.577091 -0.788931 
-0.123994 -0.997288 -0.389353 -0.577085 -0.577881 0.577085 
0.288609 -0.915454 0.0420843 0.577078 0.577899 -0.577074 
-0.112015 -0.828247 0.137718 0.78894 -0.577067 0.21111 
0.0960587 0.111134 -0.545679 -0.707378 0.000540895 -0.706836 
-0.149302 0.489826 0.0325629 -0.000442369 1.0 0.000442366 
0.21492 -0.0150517 -0.444138 0.66681 -0.332753 -0.666813 
-0.556006 0.0486708 0.138268 -0.78882 0.577023 -0.211677 
0.132656 -0.365567 0.488233 0.788926 -0.5771 0.211072 
-0.0708189 0.629897 -0.170736 -0.788941 0.577084 -0.211058 
0.289164 0.0410307 -0.451148 0.577093 0.577862 -0.577096 
-0.148454 -0.171235 0.35022 -0.577098 -0.577854 0.577098 
0.425543 0.188247 0.0746516 0.910538 0.333628 0.244158 
-0.00976034 -0.376465 0.315411 -0.577111 -0.5779 0.577039 
-0.478787 0.234701 0.446171 0.78895 -0.577076 0.211049 
0.361836 0.443844 0.158877 0.211086 0.577096 0.788925 
-0.117179 0.48268 -0.26187 -0.557331 -0.81665 -0.149886 
0.565654 0.153231 0.288257 0.788935 -0.57708 0.211091 
0.445915 0.0286397 0.395161 0.788931 -0.577091 0.211077 
0.286514 -0.319332 -0.132992 0.788929 -0.577095 0.211076 
-0.542759 -0.0645211 0.12588 -0.577074 -0.577856 0.57712 
-0.109618 0.213811 -0.613812 -0.577092 -0.577847 0.577112 
0.0471237 0.227735 0.378401 0.211068 0.577104 0.788924 
-0.367593 -0.372577 -0.156715 -0.210992 -0.577097 -0.788949 
-0.485797 0.102045 0.109676 -0.788928 0.577097 -0.211072 
0.260086 -0.222057 0.231749 0.788929 -0.5771 0.211061 
-0.264692 0.184242 -0.591553 -0.211033 -0.577123 -0.78892 
0.434669 0.0584258 0.243144 -0.322391 0.942709 -0.0858091 
0.192789 0.2998 -0.25602 -0.211518 -0.576714 -0.789089 
-0.633013 -0.162268 -0.235288 -0.788926 0.577102 -0.211066 
0.151305 -0.382841 0.198734 0.788925 -0.577101 0.211074 
-0.113617 -0.950274 -0.189937 0.788941 -0.57708 0.211071 
-0.295836 -0.489102 -0.0523397 -0.577102 -0.57787 0.577079 
-0.242887 -0.274433 -0.26187 -0.211068 -0.5771 -0.788927 
0.250285 -0.031434 0.41813 0.244156 -0.333627 0.910539 
0.28835 -0.0774526 -0.548086 -0.211061 -0.577083 -0.788941 
-0.382315 -0.297634 -0.207597 -0.211062 -0.577093 -0.788934 
-0.219291 -0.183763 0.273359 0.787874 -0.57815 0.212125 
0.482655 0.178361 -0.0887717 0.577352 0.577355 -0.577344 
-0.219405 0.330767 0.397099 0.211088 0.577097 0.788924 
0.242744 -0.0218276 -0.412932 0.66681 -0.332753 -0.666813 
0.411522 0.157508 0.355037 0.211119 0.577098 0.788915 
-0.181042 -0.402064 -0.185055 -0.211072 -0.577103 -0.788924 
0.0263924 -0.428497 0.1716 0.000437748 -1.0 -0.000437748 
-0.524332 -0.106186 0.0746248 -0.707127 4.02686e-05 -0.707087 
0.444275 -0.275298 -0.429717 0.788917 -0.577126 0.211033 
0.169621 -0.0155458 -0.561607 -0.211061 -0.577097 -0.788931 
0.646469 0.209278 0.0746248 0.577079 0.577869 -0.577102 
0.0588938 -0.415161 0.376432 -0.577103 -0.577856 0.577091 
0.152409 -0.379588 0.376068 0.788945 -0.577097 0.211009 
-0.0378097 0.468258 -0.317327 -0.211637 -0.576819 -0.78898 
-0.485797 0.279381 0.505959 0.211065 0.577079 0.788943 
-0.121261 0.463508 -0.437128 -0.788941 0.577084 -0.211059 
0.0310828 0.110676 -0.616872 -0.211091 -0.577117 -0.788908 
0.079753 0.286001 0.325984 0.577076 0.577913 -0.577061 
-0.117433 -0.999556 -0.410624 0.0 -1.0 0.0 
-0.285526 0.137264 0.356551 -0.666811 0.332749 0.666814 
0.420698 -0.144045 -0.504934 0.577102 0.57787 -0.577079 
-0.386969 -0.175402 -0.159408 -0.910538 -0.333624 -0.244161 
0.34644 -0.133273 0.151731 0.78893 -0.577094 0.211074 
0.119861 0.396452 -0.201452 0.577095 0.577857 -0.577099 
0.386351 0.242126 -0.0894909 0.577098 0.577855 -0.577098 
0.365461 -0.161873 0.00243268 0.788929 -0.577095 0.211076 
0.204393 0.531752 -0.0445505 0.577093 0.577861 -0.577096 
-0.062363 -0.0988042 -0.438639 -0.211074 -0.577096 -0.788928 
-0.0894801 -0.241835 -0.32676 -0.211072 -0.577103 -0.788924 
0.00149101 -0.104032 0.609888 -0.211052 -0.577074 -0.788951 
0.263846 0.540305 0.0683692 -0.211087 -0.577113 -0.788912 
0.376069 0.0725306 0.391727 -0.965929 -0.000544799 0.258808 
-0.159573 0.4898 0.0817361 -0.000442369 1.0 0.000442366 
-0.54545 0.0199998 0.207821 -0.577093 -0.577864 0.577093 
0.292347 0.0448528 -0.444138 0.577093 0.577862 -0.577096 
-0.534869 0.174227 0.372832 -0.57708 -0.57787 0.5771 
-0.32456 -0.455401 -0.107643 -0.21105 -0.577075 -0.78895 
0.0399762 0.47567 0.175544 0.211074 0.57709 0.788933 
-0.276866 0.162214 -0.572183 -0.211033 -0.577123 -0.78892 
-0.198374 0.573814 0.167519 -0.211072 -0.577096 -0.788929 
0.222244 0.296875 -0.198777 0.577095 0.577857 -0.577099 
0.261803 -0.300313 0.0113733 0.788925 -0.577101 0.211074 
0.413342 0.19697 0.32001 0.965931 0.000547076 -0.258801 
0.250285 -0.0987114 -0.367025 0.66681 -0.332753 -0.666813 
-0.0651784 0.193273 -0.605375 0.211061 0.577082 0.788942 
-0.0201335 -0.718186 0.0493023 0.211027 0.57712 0.788923 
0.0 0.0 0.0 0.0 0.0 0.0 
-0.669111 -0.17154 -0.125711 -0.788941 0.577085 -0.211058 
0.397502 -0.316982 -0.402076 -0.211078 -0.577091 -0.788931 
-0.33157 0.377526 0.19894 -0.789279 0.576597 -0.211128 
-0.188017 0.0573557 0.493935 -0.666811 0.332749 0.666814 
-0.366622 0.227368 -0.0305298 0.211007 0.577099 0.788945 
0.621832 0.216288 0.0781319 -0.788941 0.577084 -0.211059 
-0.338499 -0.409273 -0.137654 -0.210992 -0.577097 -0.788949 
-0.388742 -0.26006 0.0209907 -0.577098 -0.577855 0.577098 
0.112923 -0.110504 0.425991 0.244156 -0.333627 0.910539 
0.419527 -0.0641239 0.0676145 0.788929 -0.577094 0.211074 
-0.0775155 -0.967964 -0.373244 0.788903 -0.577129 0.211076 
-0.141981 0.433608 -0.26888 -0.788923 0.5771 -0.21108 
-0.370057 -0.0711342 0.228852 -0.577097 -0.577852 0.577101 
-0.459148 0.00941878 -0.313257 -0.557231 -0.816722 -0.149862 
0.204655 -0.157352 -0.410701 0.666813 -0.332747 -0.666813 
0.250285 0.265361 -0.23429 0.576978 0.578052 -0.577021 
0.279945 -0.216025 -0.278823 0.66681 -0.332753 -0.666813 
0.0782159 0.524742 -0.177746 0.577093 0.577861 -0.577096 
-0.369387 0.234614 -0.0504648 -0.788928 0.5771 -0.211065 
0.467605 0.216288 -0.0658921 0.577401 0.577357 -0.577293 
0.0635714 -0.428367 -0.0889388 0.000437748 -1.0 -0.000437748 
0.163102 -0.423537 0.0965019 0.557248 0.816729 0.149764 
-0.264783 -0.162268 0.242872 -0.577097 -0.577852 0.577101 
0.179892 -0.431309 0.0464516 0.789098 -0.577081 0.210482 
0.190235 -0.480028 -0.0611643 -0.557358 -0.816647 -0.149798 
0.14893 0.0620617 -0.570324 0.577102 0.57787 -0.577079 
-0.248824 -0.298292 -0.242829 -0.211068 -0.5771 -0.788927 
0.541173 -0.0504357 -0.17709 0.788938 -0.577098 0.211033 
0.172582 0.0495838 -0.527644 0.576738 0.577711 -0.577601 
0.474329 -0.181678 -0.475439 0.21107 0.577091 0.788933 
0.383481 -0.0544281 0.228852 0.78893 -0.577094 0.211074 
0.227385 0.278187 -0.217393 -0.788819 0.577431 -0.210566 
0.36245 -0.219071 -0.142695 0.788929 -0.577095 0.211076 
0.404512 -0.0781445 -0.223062 0.66681 -0.332753 -0.666813 
-0.336282 0.0176472 0.389537 0.408495 -0.816216 -0.408562 
0.341419 -0.0896053 -0.507231 0.211087 0.577113 0.788913 
0.336606 0.117235 0.358376 0.211073 0.577098 0.788927 
-0.194357 -0.407629 0.0676145 -0.5771 -0.57785 0.5771 
0.117635 -0.42165 0.305965 0.788876 -0.577243 0.210866 
0.308817 0.266633 -0.142486 0.577098 0.577855 -0.577098 
-0.205795 -0.202013 -0.324768 -0.211068 -0.5771 -0.788927 
0.411523 0.212861 -0.0936226 0.577098 0.577855 -0.577098 
-0.185716 -0.467959 0.0789535 -0.577093 -0.577865 0.577093 
-0.121261 0.252121 -0.633416 0.211061 0.577082 0.788942 
0.250219 -0.267423 -0.282901 0.66681 -0.332753 -0.666813 
-0.437193 0.307446 0.42626 0.211067 0.577101 0.788927 
0.603459 0.194029 0.258499 0.788938 -0.577075 0.211094 
0.171424 -0.836705 0.0668599 -0.577099 -0.577872 0.577079 
-0.497713 0.291062 0.498464 -0.78894 0.577103 -0.211011 
0.418533 0.0199998 -0.336586 0.408108 -0.816171 -0.409039 
-0.121261 0.489864 -0.0235195 -0.000442369 1.0 0.000442366 
-0.275864 -0.940412 0.270913 -0.788927 0.577103 -0.211062 
-0.0932197 -0.951262 -0.26888 0.788941 -0.57708 0.211071 
0.260776 -0.27935 0.0725235 0.788925 -0.577101 0.211074 
0.418533 0.0129895 -0.322598 0.408139 -0.816137 -0.409076 
0.022634 0.146185 -0.612385 0.577102 0.57787 -0.577079 
0.52075 -0.0844874 -0.345245 0.57708 0.577869 -0.577102 
-0.268477 0.107447 0.572357 -0.5771 -0.577871 0.57708 
0.345016 0.202268 -0.170736 0.577098 0.577855 -0.577098 
0.0184028 0.0898987 0.463505 0.211072 0.577101 0.788925 
-0.429714 0.129997 -0.0235195 -0.788928 0.577098 -0.211068 
-0.107438 -0.428492 0.0270712 0.000437748 -1.0 -0.000437748 
-0.017259 0.395752 0.249316 0.211074 0.57709 0.788933 
-0.505814 0.00643681 0.202853 -0.576617 -0.577943 0.57749 
0.42373 -0.0216534 0.168021 0.78893 -0.577094 0.211074 
-0.389048 -0.234497 0.0462819 -0.577098 -0.577855 0.577098 
-0.221805 0.546615 0.193684 -0.211072 -0.577096 -0.788929 
-0.275488 -0.961443 0.249396 -0.211093 -0.577079 -0.788936 
-0.415694 0.105577 -0.142695 -0.788928 0.577098 -0.211068 
-0.214593 -0.177738 -0.340172 -0.211068 -0.5771 -0.788927 
0.467605 0.216288 -0.0341078 -0.577077 -0.577855 0.577119 
-0.400926 0.191389 0.0367316 -0.788928 0.577097 -0.211072 
-0.17392 0.430479 -0.24555 -0.788967 0.576991 -0.211218 
-0.00208566 0.756082 0.0278416 0.211086 0.577121 0.788907 
0.222495 0.51781 -0.0404091 0.577093 0.577861 -0.577096 
-0.0944124 0.5494 -0.30264 -0.788941 0.577084 -0.211059 
0.495646 0.0845145 0.362047 0.788935 -0.57708 0.211091 
0.103069 0.130546 0.41112 0.211072 0.577101 0.788925 
-0.0516597 0.489887 -0.00730757 -0.000442369 1.0 0.000442366 
0.166162 -0.0290723 0.441553 0.244156 -0.333627 0.910539 
-0.305318 0.423622 0.314325 -0.788926 0.577102 -0.211066 
-0.0200412 0.254509 -0.41304 -0.24401 0.333267 -0.91071 
-0.403877 0.147139 -0.0732253 -0.788928 0.577098 -0.211068 
-0.339575 0.245797 -0.131355 -0.788973 0.577122 -0.210836 
-0.205385 0.223859 -0.605375 0.788932 -0.577085 0.211091 
-0.34885 -0.20433 0.116687 -0.577098 -0.577855 0.577098 
0.42954 0.133729 -0.175026 0.211528 0.576738 0.789069 
-0.00961552 0.489874 0.0641071 -0.000442369 1.0 0.000442366 
-0.0587674 0.489544 -0.318439 0.576831 0.578359 -0.57686 
0.011935 0.188247 -0.445855 -0.24401 0.333267 -0.91071 
0.0905489 0.184406 -0.462816 0.707376 -0.000538708 0.706837 
0.386504 -0.06967 0.17588 0.78893 -0.577094 0.211074 
-0.422003 0.176901 0.200295 -0.666811 0.332749 0.666814 
-0.164149 0.181313 -0.401214 -0.24401 0.333267 -0.91071 
-0.165329 0.324314 -0.348568 -0.24401 0.333267 -0.91071 
0.0669757 -0.306133 -0.321584 -0.211075 -0.577096 -0.788928 
0.0539968 0.272371 -0.454669 0.577101 0.577859 -0.577091 
-0.135242 0.160206 0.453181 0.211064 0.577097 0.78893 
-0.026528 -0.428397 -0.109902 0.000437748 -1.0 -0.000437748 
0.0469865 0.139175 0.419812 0.211072 0.577101 0.788925 
-0.254457 -0.288454 -0.248518 -0.211068 -0.5771 -0.788927 
0.633021 0.297863 0.149879 0.577102 0.57787 -0.577079 
-0.0617157 -0.113196 0.516274 0.707097 -7.01815e-05 0.707117 
-0.219405 -0.295464 -0.252768 -0.211068 -0.5771 -0.788927 
-0.54889 0.0645081 0.242872 0.788913 -0.577113 0.211086 
0.173172 -0.540936 -0.142695 0.788917 -0.577126 0.211033 
-0.443735 0.159727 0.0395732 0.211007 0.577099 0.788945 
-0.179842 0.424316 -0.152776 -0.788929 0.577097 -0.211068 
0.557982 -0.0407997 -0.213571 0.788975 -0.57705 0.211027 
-0.205534 -0.119609 -0.385115 -0.211074 -0.577096 -0.788928 
-0.185742 -0.043093 0.446171 -0.788915 0.57711 -0.211084 
-0.471776 0.153196 0.153121 0.258861 0.00062043 -0.965914 
0.1241 0.370515 -0.223184 0.577095 0.577857 -0.577099 
-0.0210818 -0.0320765 -0.498494 -0.211074 -0.577096 -0.788928 
0.174824 -0.446779 0.0580485 0.557272 0.81671 0.149774 
0.152742 -0.568866 -0.142695 0.788931 -0.577091 0.211078 
-0.198374 0.188247 -0.389506 -0.24401 0.333267 -0.91071 
0.369461 -0.000375194 -0.296922 0.66681 -0.332753 -0.666813 
0.409921 0.185894 0.136126 0.910538 0.333628 0.244158 
-0.401325 -0.378544 -0.0484044 -0.707127 3.99838e-05 -0.707087 
0.214394 -0.225361 -0.367025 0.666759 -0.332784 -0.666849 
0.0329659 -0.231573 -0.367025 -0.211075 -0.577096 -0.788928 
0.294968 0.0428911 -0.443482 0.577093 0.577861 -0.577096 
-0.389905 -0.389376 -0.0465502 -0.577122 -0.57786 0.577068 
-0.0353399 0.371892 -0.41398 -0.707378 0.00054092 -0.706836 
-0.0651784 0.489904 -0.0585711 -0.000442369 1.0 0.000442366 
-0.156312 -0.286932 -0.275891 -0.211155 -0.577036 -0.788951 
-0.240667 -0.230307 -0.294742 -0.211068 -0.5771 -0.788927 
-0.177343 -0.274433 0.217997 -0.5771 -0.57785 0.5771 
-0.0721887 -0.029751 0.621429 0.211028 0.57705 0.788974 
-0.00363145 0.489855 0.113901 -0.000442369 1.0 0.000442366 
-0.219405 -0.239382 -0.293792 -0.211068 -0.5771 -0.788927 
0.34231 0.147202 -0.228578 0.577103 0.577855 -0.577093 
0.131881 0.139175 0.397099 0.211072 0.577101 0.788925 
0.152141 0.275873 -0.289911 0.577092 0.577859 -0.5771 
-0.326033 0.315297 0.0955803 -0.788928 0.577097 -0.211072 
-0.198538 0.437161 -0.0477753 -0.788929 0.577097 -0.211068 
0.133 0.186024 -0.39902 0.577092 0.577859 -0.5771 
0.190107 0.20577 0.35599 0.577063 0.577923 -0.577064 
0.194203 -0.525005 -0.177746 0.788931 -0.577091 0.211078 
0.35544 -0.163535 0.0395732 -0.21106 -0.577151 -0.788892 
-0.148965 0.0873253 0.551007 0.965939 0.000578953 -0.258768 
0.390492 0.29937 0.256893 0.211086 0.577096 0.788925 
0.0469865 -0.613445 0.130707 0.788926 -0.5771 0.211072 
-0.0256492 -0.110542 0.463134 0.244156 -0.333627 0.910539 
0.42224 -0.0674811 0.0482958 0.78893 -0.577094 0.211074 
-0.391255 -0.232371 -0.0655814 -0.910538 -0.333624 -0.244161 
-0.154239 -0.213581 -0.3301 -0.211068 -0.5771 -0.788927 
-0.56291 -0.139268 -0.26187 0.788931 -0.577092 0.211077 
-0.473899 -0.0594118 0.136746 -0.577098 -0.577855 0.577098 
0.309954 -0.379588 -0.212798 0.788935 -0.577097 0.211048 
0.0352237 -0.428443 0.0567354 0.000437748 -1.0 -0.000437748 
-0.358898 0.209438 -0.0710082 -0.788928 0.577098 -0.211068 
0.213378 0.530944 0.00242722 -0.408124 0.816154 0.409058 
-0.121261 -0.0501033 -0.458505 -0.211074 -0.577096 -0.788928 
-0.0646743 0.568407 -0.276915 0.577079 0.577869 -0.577102 
0.238607 0.465317 0.129975 0.211074 0.57709 0.788933 
-0.228328 -0.301652 0.139758 -0.5771 -0.57785 0.5771 
0.253186 -0.035091 -0.563349 0.577102 0.57787 -0.577079 
0.411523 -0.295464 -0.421568 -0.211078 -0.577091 -0.788931 
0.369461 0.402897 0.18679 0.211086 0.577096 0.788925 
-0.380642 -0.0325579 0.256893 -0.577097 -0.577852 0.577101 
0.108244 0.242946 -0.366778 0.577092 0.577859 -0.5771 
-0.244287 0.405567 0.263903 -0.666811 0.332749 0.666814 
-0.493443 -0.157798 0.0437314 -0.707127 4.02686e-05 -0.707087 
-0.360316 -0.245478 0.0640181 -0.577098 -0.577855 0.577098 
0.166743 -0.956852 0.127723 -0.211066 -0.577124 -0.78891 
0.211154 0.44075 -0.0658032 0.577095 0.577857 -0.577099 
-0.194228 -0.476063 0.0623268 -0.577093 -0.577864 0.577093 
0.181846 -0.250842 0.600809 0.57708 0.57787 -0.5771 
0.316702 0.126704 -0.274712 0.577103 0.577855 -0.577093 
0.341419 0.261869 -0.114654 0.577098 0.577855 -0.577098 
0.432424 -0.984513 0.116747 0.577076 0.577857 -0.577117 
0.376471 0.496169 0.116687 0.211064 0.577086 0.788938 
0.597262 0.0386098 -0.143282 0.788951 -0.577075 0.211049 
0.280019 0.475102 0.12214 -0.788963 0.577069 -0.211019 
-0.387743 0.146185 0.249882 -0.666811 0.332749 0.666814 
0.0680174 0.489985 -0.107643 -0.000442369 1.0 0.000442366 
-0.457034 -0.022062 -0.107643 -0.910538 -0.333624 -0.244161 
-0.177343 -0.0492323 -0.444138 -0.211074 -0.577096 -0.788928 
-0.410184 -0.159327 -0.283673 -0.965935 -0.000558603 0.258785 
0.000894691 0.466687 -0.25009 0.577095 0.577857 -0.577099 
-0.0416201 -0.930073 -0.239675 -0.57709 -0.577866 0.577094 
0.130682 -0.418964 -0.256092 -0.211072 -0.577103 -0.788924 
-0.457673 0.0188083 -0.395574 -0.788926 0.577102 -0.211066 
0.139215 -0.428324 -0.110149 0.000437748 -1.0 -0.000437748 
0.509667 0.00984727 -0.0165092 -0.557354 -0.816649 -0.1498 
-0.00525538 0.265361 -0.430117 -0.87969 -0.47133 0.0631863 
-0.289508 -0.137575 0.242872 -0.577097 -0.577852 0.577101 
-0.201591 -0.932938 0.0137338 -0.788909 0.577125 -0.211066 
0.526644 0.125142 -0.0719663 0.707345 -0.00056474 0.706869 
-0.226416 0.230309 0.369231 -0.666811 0.332749 0.666814 
0.0324186 -0.278288 -0.332706 -0.211075 -0.577096 -0.788928 
0.257296 -0.0360827 0.414547 0.244156 -0.333627 0.910539 
0.103069 0.440618 0.184304 0.211074 0.57709 0.788933 
0.474615 -0.176289 -0.420195 -0.577079 -0.57787 0.577102 
-0.182485 0.47567 -0.00248861 -0.788929 0.577097 -0.211068 
-0.03873 0.180591 -0.603174 0.211061 0.577082 0.788942 
0.0677904 -0.328683 -0.305306 -0.211075 -0.577096 -0.788928 
0.397502 -0.998723 0.130707 -0.577075 -0.577858 0.577117 
-0.320848 -0.357765 -0.180055 -0.211068 -0.5771 -0.788927 
0.540345 -0.0951302 -0.296196 0.788975 -0.57705 0.211027 
0.229255 0.48268 -0.0189887 0.408126 -0.816155 -0.409054 
-0.0169545 0.71925 0.0447883 0.788929 -0.577093 0.211078 
-0.00939654 -0.0248977 -0.506872 -0.211074 -0.577096 -0.788928 
-0.0970261 -0.438829 -0.180639 -0.211091 -0.576975 -0.789012 
-0.380642 0.345795 0.383078 0.211067 0.577101 0.788927 
-0.415694 0.240483 0.495243 0.577078 0.577825 -0.577147 
-0.0201975 0.654191 -0.120976 0.788949 -0.577078 0.211047 
-0.079199 0.0340204 0.576657 0.211065 0.577115 0.788917 
0.0615634 0.120631 -0.599044 0.577102 0.57787 -0.577079 
0.0329659 0.48969 0.190477 0.211668 0.577067 0.78879 
-0.331196 0.272371 -0.00248861 -0.788928 0.577097 -0.211072 
-0.128271 -0.220518 -0.331973 -0.211068 -0.5771 -0.788927 
0.432553 -0.113196 -0.115248 0.788929 -0.577095 0.211076 
0.0126585 -0.61372 0.0857147 -0.788913 0.577113 -0.211087 
0.299358 -0.141227 0.305965 0.788929 -0.5771 0.211061 
0.25465 0.444059 0.164705 0.210906 0.577026 0.789024 
0.411523 -0.128909 -0.079602 0.788929 -0.577095 0.211076 
-0.345274 0.389409 0.370129 -0.788927 0.577101 -0.211066 
-0.426593 0.0956885 -0.128991 -0.788928 0.577098 -0.211068 
0.229254 0.284973 -0.205788 -0.788819 0.577431 -0.210566 
-0.213228 0.392803 -0.201635 -0.788942 0.577055 -0.211136 
-0.498663 0.069072 0.0676145 -0.788928 0.577098 -0.211068 
-0.373975 -0.202241 -0.279606 -0.210992 -0.577097 -0.788949 
-0.164631 -0.938806 -0.122658 -0.557313 -0.816681 -0.149785 
-0.574871 0.0914539 0.241107 -0.788941 0.577085 -0.211058 
0.285337 0.125154 -0.307629 0.577103 0.577855 -0.577093 
0.327125 -0.913672 0.0993921 0.211059 0.57709 0.788937 
0.150116 0.0882464 -0.479809 0.577092 0.577859 -0.5771 
-0.247446 -0.449691 -0.132451 -0.211083 -0.577035 -0.78897 
0.239328 -0.297533 0.190463 0.788876 -0.577243 0.210865 
0.259055 -0.256367 -0.279582 0.66681 -0.332753 -0.666813 
-0.282498 -0.358205 0.0325629 0.788982 -0.577037 0.211034 
0.138121 -0.289201 -0.353004 -0.211075 -0.577096 -0.788928 
-0.471776 -0.148303 0.0816351 -0.577285 -0.577355 0.577411 
0.268992 -0.924249 0.122682 0.211072 0.577067 0.78895 
-0.110666 -0.94008 -0.173099 0.788941 -0.57708 0.211071 
0.306368 0.342474 -0.0689942 0.577098 0.577855 -0.577098 
0.0610071 -0.372577 0.39353 0.707125 -3.70833e-05 0.707088 
-0.278301 -0.957795 0.293644 0.211049 0.577112 0.788924 
-0.0376421 0.489891 -0.00250091 -0.000442369 1.0 0.000442366 
-0.519946 0.227412 0.407535 -0.788984 0.57704 -0.211018 
0.383481 0.25134 0.293902 0.211119 0.577098 0.788915 
0.466683 0.237973 -0.063402 -0.707315 0.000600518 -0.706899 
0.170473 0.198314 -0.349241 0.577092 0.577859 -0.5771 
0.313216 -0.169279 -0.26888 0.66681 -0.332753 -0.666813 
-0.121261 0.261705 -0.640427 0.211087 0.577113 0.788913 
0.208224 -0.151475 0.635449 0.211047 0.57712 0.788918 
-0.142292 -0.106186 -0.411855 -0.211074 -0.577096 -0.788928 
-0.539893 0.109592 0.159961 -0.788924 0.577093 -0.211098 
0.439346 -0.987459 0.123344 0.211067 0.577079 0.788943 
-0.261467 -0.323505 -0.221003 -0.211068 -0.5771 -0.788927 
-0.0746289 -0.7922 0.0965347 0.78894 -0.577067 0.21111 
0.36245 0.195258 -0.160321 0.577098 0.577855 -0.577098 
-0.0581681 -0.06407 -0.465169 -0.211074 -0.577096 -0.788928 
0.0469865 -0.316495 0.407555 0.707097 -7.01815e-05 0.707117 
0.447026 0.0471769 -0.256021 0.576653 0.577872 -0.577525 
-0.278737 0.241394 -0.283264 -0.788923 0.5771 -0.21108 
0.628842 0.216288 0.224482 0.788938 -0.577075 0.211094 
-0.0161063 -0.935712 -0.219808 -0.57709 -0.577866 0.577094 
-0.329439 0.300412 0.0676145 -0.788928 0.577097 -0.211072 
-0.42997 -0.106186 -0.0936226 -0.910538 -0.333624 -0.244161 
-0.22868 0.0808373 -0.420693 -0.24401 0.333267 -0.91071 
0.194203 -0.0150517 -0.568544 -0.211061 -0.577083 -0.788941 
-0.211581 0.190987 0.458254 -0.965931 -0.000547567 0.2588 
-0.662834 -0.19239 -0.122234 -0.57708 -0.577871 0.5771 
0.0680174 0.415893 -0.233829 0.577095 0.577857 -0.577099 
-0.461004 -0.225361 0.0465835 -0.577073 -0.577856 0.577121 
0.236265 -0.0571136 0.41248 0.244156 -0.333627 0.910539 
-0.303092 -0.440979 -0.123935 -0.211083 -0.577035 -0.78897 
0.538116 0.110605 -0.0834583 0.707407 -0.000511686 0.706806 
0.173172 0.152823 0.376068 0.211072 0.577101 0.788925 
-0.116151 -0.138683 -0.395077 -0.211074 -0.577096 -0.788928 
0.0453011 -0.428416 0.00603807 0.000437748 -1.0 -0.000437748 
-0.163323 0.526517 -0.107643 -0.788902 0.577134 -0.211069 
-0.401673 -0.214586 0.0535939 -0.577098 -0.577855 0.577098 
0.468275 -0.149116 -0.174418 0.788938 -0.577098 0.211033 
-0.45126 0.0847058 -0.0668202 -0.788928 0.577098 -0.211068 
0.569595 0.0270101 -0.184757 0.577079 0.577869 -0.577102 
-0.220654 -0.28885 0.160251 -0.5771 -0.57785 0.5771 
0.152141 -0.112239 -0.4862 -0.210989 -0.5771 -0.788948 
-0.450745 -0.155258 0.0265021 0.0629452 0.471813 -0.879449 
-0.0521812 -0.787973 -0.148365 -0.788968 0.57706 -0.211022 
-0.0779422 -0.86578 -0.264814 -0.788928 0.577099 -0.211069 
0.204407 -0.363014 0.0544651 0.788925 -0.577101 0.211074 
0.104987 -0.0952829 0.433696 0.244156 -0.333627 0.910539 
-0.159807 -0.832579 0.131957 -0.788932 0.577091 -0.211076 
0.321737 -0.232371 0.0606042 0.788982 -0.577045 0.211012 
0.143975 0.643651 0.0701881 -0.577097 -0.577874 0.57708 
0.481203 -0.184604 -0.485041 0.577118 0.577858 -0.577075 
0.0624141 0.47351 -0.181739 0.577095 0.577857 -0.577099 
-0.0502569 -0.819052 -0.200254 0.577101 0.577855 -0.577095 
0.34843 0.20586 -0.163726 0.577098 0.577855 -0.577098 
0.327399 0.226863 -0.163726 0.577098 0.577855 -0.577098 
0.152141 0.436897 -0.128674 0.577095 0.577857 -0.577099 
0.12681 -0.266638 0.365059 0.244156 -0.333627 0.910539 
0.405051 0.243352 0.289164 0.965931 0.000547076 -0.258801 
0.103069 -0.467308 0.1938 -0.557301 -0.816688 -0.149788 
-0.0134063 0.166968 0.439046 0.211068 0.577104 0.788924 
0.30685 -0.232089 0.0295246 0.788929 -0.577095 0.211076 
-0.198374 0.111134 -0.417725 -0.24401 0.333267 -0.91071 
-0.156328 -0.933402 -0.156715 -0.788909 0.577125 -0.211066 
-0.0655401 0.633707 -0.180049 -0.788941 0.577084 -0.211059 
-0.17596 0.162347 -0.40499 -0.24401 0.333267 -0.91071 
0.0189453 -0.589897 0.161514 -0.577111 -0.577846 0.577093 
0.523687 -0.0671653 -0.324963 0.577079 0.577869 -0.577102 
0.159151 0.202268 -0.356603 0.577092 0.577859 -0.5771 
-0.257346 -0.484742 -0.0725917 0.577102 0.57787 -0.577079 
0.243275 -0.225361 0.401107 -0.258803 -0.000551985 0.96593 
0.347616 -0.134227 0.144728 0.78893 -0.577094 0.211074 
0.0274 -0.184187 0.421926 0.244156 -0.333627 0.910539 
-0.110932 -0.0851548 0.488233 -0.707126 3.75111e-05 -0.707088 
-0.663385 -0.148983 -0.0854411 -0.788941 0.577085 -0.211058 
0.380058 -0.114001 0.0787692 0.78893 -0.577094 0.211074 
0.313378 0.209278 -0.222222 -0.212548 -0.577759 -0.788047 
-0.464766 0.00772529 -0.226818 0.788944 -0.577075 0.211074 
-0.0971434 0.489936 -0.162542 -0.000442369 1.0 0.000442366 
-0.0151757 -0.783182 -0.101025 0.78895 -0.577074 0.211053 
-0.457237 -0.105375 0.00695496 -0.910538 -0.333624 -0.244161 
0.0222422 -0.351547 0.355037 -0.707187 -1.92816e-05 -0.707027 
0.123445 0.280408 -0.314067 0.577092 0.577859 -0.5771 
-0.537514 0.176156 0.333055 -0.788984 0.57704 -0.211018 
-0.357416 -0.392477 -0.144881 -0.210992 -0.577097 -0.788949 
-0.515796 -0.133226 0.0840484 -0.577074 -0.577856 0.57712 
0.427765 -0.127217 -0.135684 0.788929 -0.577095 0.211076 
0.208224 -0.253402 -0.397944 -0.211101 -0.577094 -0.788922 
0.213249 -0.507083 -0.213724 -0.211078 -0.577091 -0.788931 
-0.142292 -0.043093 0.547803 -0.577103 -0.577856 0.577091 
0.180182 0.440618 0.163673 0.211074 0.57709 0.788933 
0.133749 -0.3161 0.550477 -0.577146 -0.577822 0.577083 
0.188899 -0.354705 0.135151 0.788925 -0.577101 0.211074 
0.0961907 0.4887 -0.163762 0.408121 -0.816159 -0.409048 
0.278681 -0.443001 -0.278105 -0.211078 -0.577091 -0.788931 
-0.407915 0.348665 0.388276 0.211067 0.577101 0.788927 
0.544718 -0.0811667 -0.317952 0.57708 0.577869 -0.577102 
0.255012 -0.162333 0.586562 0.788931 -0.577091 0.211077 
0.37944 0.349484 0.1938 0.965931 0.000547969 -0.258799 
0.36245 -0.218351 -0.218288 -0.494747 0.471567 -0.729966 
-0.435999 0.18626 0.153799 -0.788928 0.577097 -0.211072 
-0.40624 0.167216 -0.00949892 -0.788928 0.577098 -0.211068 
-0.156312 0.0681018 0.572357 0.211088 0.577097 0.788924 
-0.507055 0.0382515 0.264492 -0.577093 -0.577864 0.577093 
-0.359611 0.132165 -0.42225 0.258855 0.000629979 -0.965916 
0.344741 -0.148248 -0.247849 0.66681 -0.332753 -0.666813 
-0.394663 -0.162268 0.11299 -0.577098 -0.577855 0.577098 
-0.165169 -0.159959 -0.366399 -0.211074 -0.577096 -0.788928 
-0.444219 0.0521481 -0.268832 -0.788794 0.57706 -0.211672 
-0.0651784 0.212443 -0.619396 0.211087 0.577113 0.788913 
-0.0581681 0.0129895 -0.521539 -0.211074 -0.57712 -0.788911 
-0.163323 -0.151576 0.355037 -0.577098 -0.577854 0.577098 
-0.559571 -0.265197 -0.137736 0.211079 0.577111 0.788916 
-0.0371372 0.0830926 -0.471188 -0.24401 0.333267 -0.91071 
-0.0318149 -0.927368 0.160651 -0.149786 0.816682 -0.55731 
0.0242038 -0.936166 -0.179952 -0.57709 -0.577866 0.577094 
-0.569921 0.0584407 0.221841 -0.57708 -0.57787 0.5771 
-0.301561 0.196185 -0.321562 -0.788923 0.5771 -0.21108 
-0.00446855 -0.758144 -0.0725917 0.78895 -0.577074 0.211053 
-0.10724 -0.19732 -0.354569 -0.211074 -0.577096 -0.788928 
-0.452132 0.153196 0.123697 -0.788928 0.577097 -0.211072 
-0.0651784 -0.169279 -0.386334 -0.211074 -0.577096 -0.788928 
-0.341204 -0.214289 0.114361 -0.577098 -0.577855 0.577098 
0.0585765 -0.196222 0.409156 0.244156 -0.333627 0.910539 
-0.40658 -0.166866 -0.296761 -0.211062 -0.577093 -0.788934 
-0.0467901 0.607696 -0.21969 0.577079 0.577869 -0.577102 
0.289255 -0.291467 -0.231866 0.66681 -0.332753 -0.666813 
0.534109 0.134143 0.339332 0.211101 0.577079 0.788934 
-0.079199 0.111134 0.497491 0.210974 0.577167 0.788903 
0.0273818 0.215208 -0.460124 -0.24268 0.333926 -0.910824 
0.229254 0.0939774 0.404109 0.211072 0.577101 0.788925 
0.289546 -0.144101 -0.305114 0.66681 -0.332753 -0.666813 
0.415135 -0.134227 -0.107643 0.788929 -0.577095 0.211076 
-0.168515 0.265941 -0.369075 -0.24401 0.333267 -0.91071 
0.628842 0.25053 0.228852 0.211063 0.577097 0.78893 
0.00245994 -0.927142 -0.255771 0.57708 0.577894 -0.577076 
0.0588064 -0.933179 0.185448 0.211066 0.577125 0.788909 
-0.334108 0.182535 -0.409782 -0.788934 0.577094 -0.211056 
0.111883 0.201619 0.356771 0.211072 0.577101 0.788925 
-0.268477 -0.365567 0.0356102 -0.5771 -0.57785 0.5771 
-0.140274 0.231223 -0.627034 -0.577092 -0.577847 0.577112 
-0.0932197 -0.344536 -0.250633 -0.211072 -0.577103 -0.788924 
0.0384617 0.00338466 0.527335 0.149785 -0.816688 0.557302 
-0.33515 -0.26677 0.0678638 -0.577098 -0.577855 0.577098 
-0.299612 -0.330516 0.0395732 -0.577098 -0.577855 0.577098 
-0.201358 -0.414639 0.0535939 -0.5771 -0.57785 0.5771 
0.20243 -0.279491 0.290222 0.788929 -0.5771 0.211061 
-0.191172 -0.951965 0.0478371 -0.557311 -0.816682 -0.149784 
0.264306 0.307422 0.238598 0.211073 0.577098 0.788927 
-0.56291 0.104124 0.231035 -0.788984 0.57704 -0.211018 
0.0499172 -0.319526 -0.307222 -0.21102 -0.577041 -0.788983 
0.40441 -0.0567536 -0.233839 0.66681 -0.332753 -0.666813 
0.601886 0.170424 0.0272871 -0.788941 0.577084 -0.211059 
0.022917 -0.372577 0.319986 -0.577098 -0.577854 0.577098 
-0.0203972 0.739393 -0.0598254 -0.788941 0.577084 -0.211059 
-0.208059 -0.945823 0.077183 -0.557313 -0.816681 -0.149785 
0.411523 -0.0290723 -0.240539 0.66681 -0.332753 -0.666813 
-0.199582 0.124413 -0.412542 -0.24401 0.333267 -0.91071 
0.0342749 -0.922202 -0.219008 0.57708 0.577894 -0.577076 
0.20415 -0.358557 0.0676145 0.788925 -0.577101 0.211074 
0.357832 0.392151 0.197762 0.211086 0.577096 0.788925 
-0.114251 -0.793196 0.129351 0.211049 0.577112 0.788924 
-0.177343 -0.337526 -0.233254 -0.211072 -0.577103 -0.788924 
0.0126983 -0.289002 -0.319593 -0.211075 -0.577096 -0.788928 
0.307362 -0.411628 -0.290716 0.788917 -0.577126 0.211033 
-0.318122 -0.0556529 -0.401778 -0.210992 -0.577014 -0.78901 
-0.123579 -0.928897 -0.266806 -0.788941 0.57708 -0.211071 
-0.177343 0.309774 0.355037 0.211064 0.577097 0.78893 
0.213062 -0.0417987 -0.554025 -0.211061 -0.577083 -0.788941 
0.262088 0.0188536 0.4899 0.149793 -0.816653 0.557351 
0.334464 -0.239382 -0.0936226 0.788929 -0.577095 0.211076 
-0.115824 -0.937553 -0.146912 0.788941 -0.57708 0.211071 
0.271316 -0.398835 -0.205788 0.789291 -0.576593 0.211092 
0.34261 -0.179775 0.0388983 0.788929 -0.577095 0.211076 
