ply
format ascii 1.0
comment VCGLIB generated
element vertex 2000
property float x
property float y
property float z
property float nx
property float ny
property float nz
element face 0
property list uchar int vertex_indices
end_header
-0.48272 0.061816 -0.0313492 -2.21717e-05 0.996493 0.0836788 
-0.0405612 -0.340371 0.295245 0.0 -0.996345 -0.0854165 
0.535503 0.0391462 -0.0685985 0.0 -0.996345 -0.0854158 
0.309865 0.135288 0.632408 -0.0 -0.258817 0.965926 
-0.0100752 -0.334114 0.222257 0.0 -0.996345 -0.0854165 
0.26271 -0.264472 0.536803 0.0 -0.0836891 0.996492 
0.357643 0.213198 0.653284 -0.0 -0.258817 0.965926 
-0.405969 0.424351 -0.206313 -0.0 0.996347 0.0853925 
0.212077 -0.167861 -0.311947 1.0 -0.0 -0.0 
0.00328672 0.507174 0.732054 -0.0 -0.258817 0.965926 
-0.0384903 0.167437 0.641023 -0.0 -0.258817 0.965926 
0.0751701 0.588898 0.745095 0.0 0.965915 0.258859 
0.524129 -0.32778 0.148378 1.73533e-06 -0.996345 -0.0854164 
0.251344 0.354977 0.454138 0.0 0.258819 -0.965926 
0.351346 -0.308115 -0.0810191 1.73533e-06 -0.996345 -0.0854164 
0.113521 -0.295319 -0.23028 -0.0 -0.996345 -0.0854189 
-0.0276877 0.0651245 0.613608 -0.0 -0.258817 0.965926 
-0.229312 -0.298035 0.533984 0.0 -0.0836891 0.996492 
0.313857 0.114389 -0.408558 0.0 0.996493 0.083678 
-0.294226 0.0744029 -0.181238 -0.0 0.996493 0.083678 
-0.430691 0.409249 -0.0300966 -0.0 0.996347 0.0853925 
-0.146468 -0.288317 -0.311947 -0.0 -0.996345 -0.0854189 
0.371722 0.538205 0.542008 1.0 0.0 0.0 
0.212077 -0.0939814 -0.152822 1.0 -0.0 -0.0 
-0.390416 -0.286761 -0.330096 0.0 -0.996345 -0.0854165 
-0.237396 -0.328267 0.154061 0.0 -0.996345 -0.0854165 
-0.0441733 -0.317549 0.0290342 0.0 -0.996345 -0.0854165 
0.349139 0.638034 0.55154 -0.0 0.258785 -0.965935 
0.62074 0.803512 -0.402875 0.898741 -0.21411 -0.38265 
0.291125 0.110094 -0.357411 0.0 0.996493 0.083678 
0.00129086 0.531151 0.738478 -0.0 -0.258817 0.965926 
0.0732558 -0.258016 -0.52257 1.0 -0.0 -0.0 
-0.031266 0.223701 0.656098 -0.0 -0.258817 0.965926 
0.0306492 0.545714 0.505246 0.0 0.258819 -0.965926 
0.531308 -0.0960116 0.416336 1.0 0.0 -0.0 
-0.28286 -0.34532 0.352966 0.0 -0.996345 -0.0854165 
0.546861 -0.299035 -0.186921 1.73533e-06 -0.996345 -0.0854164 
0.126317 0.570932 0.512003 0.0 0.258819 -0.965926 
0.253146 0.0636239 0.613206 -0.0 -0.258817 0.965926 
-0.136564 -0.289989 -0.292451 -0.0 -0.996345 -0.0854189 
-0.180332 -0.314526 -0.00622284 0.0 -0.996345 -0.0854165 
0.0888887 -0.32868 0.158871 0.0 -0.996345 -0.0854165 
0.392775 0.42981 -0.270003 -0.0 0.996347 0.0853945 
-0.134976 -0.105347 -0.13009 -1.0 -0.0 -0.0 
0.224259 0.462137 0.719987 -0.0 -0.258817 0.965926 
0.309604 -0.0004204 -0.485841 -2.20635e-05 0.0836813 -0.996493 
0.446937 -0.0308976 -0.488403 -2.20635e-05 0.0836813 -0.996493 
-0.0806047 0.0654541 0.174186 0.0 0.996493 0.083678 
0.559131 0.0700845 -0.121774 1.0 0.0 -0.0 
0.0979022 0.0765092 -0.486351 -0.0 0.083608 -0.996499 
-0.482028 0.343611 0.335917 -1.0 0.0 0.0 
-0.134976 -0.12808 0.0460833 -1.0 -0.0 0.0 
0.62074 0.83589 -0.414241 -0.231691 -0.972789 -0.000374296 
-0.311275 -0.122397 -0.496073 9.9294e-05 0.0836813 -0.996493 
-0.488969 0.0861061 -0.411056 -1.0 0.0 0.0 
-0.00439216 0.150388 0.399318 0.0 0.258819 -0.965926 
-0.482028 0.258366 0.489359 -1.0 0.0 -0.0 
0.393419 0.224268 0.577844 -0.0 -0.083674 0.996493 
0.232528 0.0823499 -0.0270175 0.0 0.996493 0.083678 
0.559131 0.281098 0.148378 1.0 0.0 -0.0 
0.566073 0.00262991 0.563238 1.0 -0.0 -0.0 
-0.0741337 -0.292331 -0.265133 -0.0 -0.996345 -0.0854189 
0.620239 0.95917 -0.347303 -0.347512 0.184223 0.9194 
-0.333955 0.415344 -0.101221 0.0 0.996347 0.0853925 
0.4899 -0.0960959 0.402706 -0.0 0.095844 -0.995396 
0.472982 0.399797 0.0801814 -0.0 0.996347 0.0853925 
-0.306324 -0.352658 0.438567 0.0 -0.996345 -0.0854191 
-0.430686 0.322516 -0.415076 1.0 0.0 0.0 
-0.0973077 -0.344955 0.348717 0.0 -0.996345 -0.0854165 
0.497495 0.406612 0.000664037 0.0 0.996347 0.0853925 
-0.0285826 0.601718 0.697253 0.0 0.965928 0.25881 
0.531647 -0.215247 0.515876 -0.000535106 0.0836786 -0.996493 
0.188831 0.59247 0.517774 0.0 0.258819 -0.965926 
-0.482028 0.108424 0.128146 -1.0 0.0 -0.0 
0.435539 0.289023 -0.448939 0.0 0.995395 0.0958608 
0.230316 -0.29065 -0.284733 1.73533e-06 -0.996345 -0.0854164 
0.11969 0.102568 -0.267783 -0.0 0.996493 0.083678 
0.558227 -0.347757 0.381382 -4.08274e-05 -0.996345 -0.0854183 
-0.488969 0.377709 0.0801814 -1.0 0.0 -0.0 
-0.362422 -0.338012 0.267721 0.0 -0.996345 -0.0854165 
0.454735 -0.212375 0.39151 0.0 0.095844 -0.995396 
0.0694871 0.167437 0.403887 0.0 0.258819 -0.965926 
-0.124543 -0.356351 0.529089 -0.0 -0.0835989 0.996499 
-0.482028 0.162492 -0.442224 -1.0 0.0 0.0 
-0.482028 0.131547 0.358738 -1.0 0.0 -0.0 
0.318912 0.613671 0.523455 0.0 0.258819 -0.965926 
0.398545 0.416893 -0.119287 -0.0 0.996347 0.0853925 
-0.482028 0.140294 0.0919469 -1.0 0.0 -0.0 
0.0240229 -0.0371512 -0.488921 -0.0 0.0835911 -0.9965 
0.177195 -0.321366 0.0735592 -6.58318e-06 -0.996346 -0.0854094 
-0.359196 -0.296795 -0.213046 0.0 -0.996345 -0.0854165 
0.427517 0.178804 0.225752 0.0 -0.0836746 0.996493 
0.0125672 0.107244 -0.323469 -0.0 0.996493 0.083678 
-0.308502 0.0914345 -0.277657 1.0 0.0 -0.0 
-0.0209034 -0.0256701 0.58928 -0.0 -0.258817 0.965926 
-0.273653 0.0825691 -0.0296277 -0.0 0.996493 0.083678 
0.188831 0.422796 0.47231 0.0 0.258819 -0.965926 
0.0126569 0.372026 0.458706 0.0 0.258819 -0.965926 
-0.0953205 -0.312677 -0.027796 0.0 -0.996345 -0.0854165 
-0.21467 0.00154927 -0.485675 6.53825e-05 0.0838311 -0.99648 
-0.305592 -0.0882984 -0.493209 9.9294e-05 0.0836813 -0.996493 
0.559131 0.365421 0.00171818 1.0 0.0 -0.0 
0.0437829 0.353994 0.453875 0.0 0.258819 -0.965926 
-0.420613 -0.120735 0.548872 -9.44252e-06 -0.0836758 0.996493 
-0.208981 0.224268 0.419114 0.0 0.258819 -0.965926 
0.185041 -0.294863 -0.235599 1.73533e-06 -0.996345 -0.0854164 
0.410593 0.392598 -0.38075 1.0 0.0 -0.0 
0.559131 0.376296 0.014661 1.0 0.0 -0.0 
0.525854 -0.236057 0.426846 1.0 0.0 0.0 
0.0638041 -0.342884 0.324551 0.0 -0.996345 -0.0854165 
-0.243926 -0.280886 -0.0977007 -0.0 0.996493 0.0836804 
0.109115 0.439308 0.71387 -0.0 -0.258817 0.965926 
0.385605 0.292181 -0.348597 -1.0 -0.0 0.0 
0.541178 0.30383 -0.460299 -0.0 0.0836818 -0.996493 
-0.447668 0.375931 0.358649 -0.0 0.996347 0.0853945 
-0.439569 -0.327265 0.142369 0.0 -0.996345 -0.0854165 
0.385605 0.257273 0.198795 -1.0 -0.0 0.0 
-0.157069 -0.300362 -0.17144 0.0 -0.996345 -0.0854165 
-0.476083 -0.322909 0.0915474 4.07954e-05 -0.996345 -0.0854184 
-0.472129 0.426617 -0.232748 0.0 0.996347 0.0853945 
0.114951 0.0614177 0.222257 0.0 0.996493 0.083678 
-0.206135 -0.341771 0.31157 0.0 -0.996345 -0.0854165 
-0.163517 -0.116714 -0.495594 -0.00015617 0.0833279 -0.996522 
0.123333 -0.351686 0.427231 -0.0 -0.996345 -0.0854191 
0.30088 0.0998465 -0.235382 0.0 0.996493 0.083678 
0.220411 0.390163 0.463566 0.0 0.258819 -0.965926 
0.0259325 0.047445 0.608871 -0.0 -0.258817 0.965926 
-0.170378 -0.341626 0.530324 0.0 -0.0835989 0.996499 
0.444566 -0.319498 0.0517663 1.73533e-06 -0.996345 -0.0854164 
0.31659 -0.155485 0.554497 -0.0 -0.258817 0.965926 
0.559131 0.133339 0.125646 1.0 0.0 -0.0 
0.351255 0.602434 0.694579 0.0 0.965928 0.25881 
0.0922192 -0.309936 0.532985 0.0 -0.0836891 0.996492 
0.54621 -0.296381 -0.21788 1.73533e-06 -0.996345 -0.0854164 
0.516985 0.0166015 0.194376 0.0 -0.996345 -0.0854158 
-0.482028 0.0708262 -0.471072 -1.0 0.0 0.0 
0.0242125 0.0894051 -0.111037 -0.0 0.996493 0.083678 
0.369406 -0.316607 0.0180424 1.73533e-06 -0.996345 -0.0854164 
0.286703 -0.352573 0.437567 -0.0 -0.996345 -0.0854191 
-0.134976 -0.122397 0.154061 -1.0 -0.0 0.0 
-0.308502 0.342906 -0.332638 1.0 0.0 -0.0 
0.326052 0.36152 0.693026 -0.0 -0.258817 0.965926 
-0.157834 -0.285394 -0.346045 -0.0 -0.996345 -0.0854189 
-0.388726 0.0458502 -0.146802 1.51451e-06 -0.996345 -0.0854172 
0.0769811 0.0739975 0.0724469 0.0 0.996493 0.083678 
0.336589 0.423173 0.709546 -0.0 -0.258817 0.965926 
0.32389 -0.301703 0.1502 0.0 0.996493 0.0836804 
-0.424936 -0.293189 -0.255117 0.0 -0.996345 -0.0854165 
0.116658 0.623512 0.535457 -0.0 0.965936 0.258783 
-0.0271242 -0.323883 0.102913 0.0 -0.996345 -0.0854165 
-0.231713 0.218585 0.654727 -0.0 -0.258817 0.965926 
0.0581211 0.104924 0.624272 -0.0 -0.258817 0.965926 
-0.308502 0.362147 -0.315037 1.0 0.0 -0.0 
-0.255584 -0.300547 -0.169291 0.0 -0.996345 -0.0854165 
0.153606 0.622278 0.540062 -0.0 0.965936 0.258783 
-0.424936 -0.334601 0.22794 0.0 -0.996345 -0.0854165 
0.317015 0.526374 0.500064 0.0 0.258819 -0.965926 
-0.222525 -0.301844 -0.154153 0.0 -0.996345 -0.0854165 
-0.140919 -0.301518 -0.157964 0.0 -0.996345 -0.0854165 
0.131107 -0.309255 -0.0677228 0.0 -0.996345 -0.0854153 
0.524427 -0.378266 0.484075 1.0 -0.0 0.0 
0.347955 0.152863 0.637117 -0.0 -0.258817 0.965926 
-0.368106 -0.116714 -0.495601 9.9294e-05 0.0836813 -0.996493 
0.566073 0.343611 0.512091 1.0 0.0 -0.0 
-0.348892 -0.283064 -0.373223 0.0 -0.996345 -0.0854165 
-0.482028 0.22674 0.0692762 -1.0 0.0 0.0 
-0.456142 -0.247423 0.460944 -1.0 -0.0 -0.0 
-0.481766 -0.293676 -0.249434 4.07954e-05 -0.996345 -0.0854184 
-0.180566 0.212902 0.416069 0.0 0.258819 -0.965926 
0.566073 -0.276694 -0.206807 1.0 0.0 -0.0 
-0.0788962 -0.013199 0.592622 -0.0 -0.258817 0.965926 
-0.480712 -0.288446 -0.310444 4.08274e-05 -0.996345 -0.0854183 
0.362957 -0.278378 -0.427882 -0.0 -0.996345 -0.0854189 
0.284137 -0.325356 0.120098 0.0 -0.996345 -0.0854153 
-0.237396 0.0892343 0.620068 -0.0 -0.258817 0.965926 
-0.368105 -0.343371 0.330234 0.0 -0.996345 -0.0854165 
0.308673 -0.111036 -0.49513 -2.20635e-05 0.0836813 -0.996493 
0.385605 0.236724 -0.379059 -1.0 -0.0 0.0 
0.385605 0.14146 -0.464837 -1.0 -0.0 0.0 
0.546861 0.411 -0.0505281 0.0 0.996347 0.0853925 
0.512763 -0.24174 -0.506109 -9.92952e-05 0.0833279 -0.996522 
0.212077 -0.219008 -0.300581 1.0 -0.0 0.0 
-0.243079 -0.186489 0.546189 -0.0 -0.258817 0.965926 
0.0714898 0.0585306 0.256638 0.0 0.996493 0.083678 
-0.167067 -0.317784 0.0317708 0.0 -0.996345 -0.0854165 
-0.137592 0.333716 0.685576 -0.0 -0.258817 0.965926 
0.152013 0.0144482 0.60003 -0.0 -0.258817 0.965926 
0.069219 0.0902095 -0.120617 -0.0 0.996493 0.083678 
-0.336169 -0.180774 0.268492 0.0 0.0958431 -0.995396 
-0.361793 0.372045 0.403986 -0.0 0.996347 0.0853945 
-0.454324 -0.173544 0.313185 -1.0 0.0 0.0 
0.318803 -0.282069 -0.083614 0.0 0.996493 0.0836804 
0.559131 0.0480941 0.267721 1.0 0.0 -0.0 
0.483397 0.416138 -0.401988 0.0 -0.996493 -0.0836766 
0.211563 -0.331191 0.188159 0.0 -0.996345 -0.0854165 
-0.186524 -0.307202 -0.0916596 0.0 -0.996345 -0.0854165 
-0.19309 -0.147676 -0.498184 9.92941e-05 0.0836813 -0.996493 
0.430612 -0.297881 -0.200389 1.73533e-06 -0.996345 -0.0854164 
-0.488969 -0.321302 0.273404 -1.0 0.0 -0.0 
0.228671 0.378562 0.516125 -0.0 0.965925 0.258824 
0.559131 0.122432 -0.131133 1.0 0.0 -0.0 
0.534143 0.138876 -0.460691 -1.0 -0.0 0.0 
0.0502506 0.0862148 -0.073043 -0.0 0.996493 0.083678 
-0.464717 -0.316087 0.0119852 0.0 -0.996345 -0.0854165 
0.13949 0.488082 0.726938 -0.0 -0.258817 0.965926 
-0.135102 -0.313651 -0.0164299 0.0 -0.996345 -0.0854165 
0.566073 0.425402 -0.404248 1.0 0.0 0.0 
0.566073 0.426946 -0.341921 1.0 0.0 -0.0 
0.369773 0.551112 0.743827 -0.0 -0.258817 0.965926 
-0.0725884 -0.296113 -0.221019 -6.58318e-06 -0.996346 -0.0854094 
0.694094 0.877815 -0.402875 0.982606 -0.13266 -0.129948 
0.490671 0.383995 0.26456 -0.0 0.996347 0.0853925 
-0.482028 0.107469 0.326273 -1.0 0.0 -0.0 
0.0250868 0.0925464 -0.148445 -0.0 0.996493 0.083678 
0.330751 0.531181 0.52291 0.0 -0.258819 0.965926 
0.353404 -0.122622 -0.496104 -2.20635e-05 0.0836813 -0.996493 
0.404785 -0.12808 0.548256 2.5973e-07 -0.0836666 0.996494 
-0.113858 0.0563622 0.61126 -0.0 -0.258817 0.965926 
-0.243592 0.0378706 -0.0537227 0.0 -0.996345 -0.0854167 
0.566073 0.403625 -0.229613 1.0 0.0 -0.0 
0.0258908 -0.305564 -0.110768 -6.58317e-06 -0.996346 -0.0854094 
0.566073 0.385183 0.18448 1.0 0.0 -0.0 
-0.0498563 0.019679 0.601431 -0.0 -0.258817 0.965926 
0.382455 -0.295774 -0.224961 1.73533e-06 -0.996345 -0.0854164 
-0.157834 -0.219008 0.540621 0.0 -0.0836891 0.996492 
-0.40519 0.362408 0.516434 0.0 0.996347 0.0853945 
-0.478803 0.0162393 0.198592 1.51451e-06 -0.996345 -0.0854172 
-0.110593 -0.290417 -0.287457 -0.0 -0.996345 -0.0854189 
0.1273 0.280033 0.434057 0.0 0.258819 -0.965926 
0.559131 0.150388 -0.442657 1.0 0.0 -0.0 
0.386857 -0.28131 -0.393678 -0.0 -0.996345 -0.0854189 
-0.0512196 0.0570997 0.273678 0.0 0.996493 0.083678 
0.495459 -0.277593 -0.437041 1.73533e-06 -0.996345 -0.0854164 
0.559131 0.16867 0.0665163 1.0 -0.0 -0.0 
-0.175935 0.394805 0.701945 -0.0 -0.258817 0.965926 
0.410468 -0.276137 -0.454023 -0.0 -0.996345 -0.0854189 
-0.196408 0.374066 0.532907 -0.0 0.965925 0.258824 
0.194514 0.241317 0.660818 -0.0 -0.258817 0.965926 
0.0234002 -0.102875 -0.552815 -0.379865 0.733891 -0.563122 
-0.0298121 0.629053 0.595231 0.0 0.965928 0.25881 
0.412793 0.332813 0.590323 0.0 -0.996494 -0.0836603 
0.0912121 -0.224691 -0.550634 0.941786 -0.0438718 0.333338 
0.430329 0.404483 0.0255036 -0.0 0.996347 0.0853925 
0.559131 0.289359 -0.318318 1.0 0.0 -0.0 
-0.482028 0.0937599 0.139764 -1.0 0.0 -0.0 
0.150265 -0.0131644 0.592631 -0.0 -0.258817 0.965926 
0.308174 -0.224691 -0.504663 -9.92952e-05 0.0833279 -0.996522 
-0.357091 -0.304464 -0.123592 0.0 -0.996345 -0.0854165 
0.429488 -0.293538 0.0529617 7.87542e-06 0.996493 0.0836776 
0.0808531 -0.101651 0.568921 -0.0 -0.258817 0.965926 
-0.482028 0.353242 0.0809288 -1.0 0.0 0.0 
0.0462338 -0.300021 -0.17543 0.0 -0.996345 -0.0854153 
-0.423957 -0.309358 -0.0665106 0.0 -0.996345 -0.0854165 
-0.325447 0.430995 -0.283833 -0.0 0.996347 0.0853945 
-0.134976 -0.0542003 -0.306264 -1.0 -0.0 -0.0 
0.433164 -0.324529 0.110452 1.73533e-06 -0.996345 -0.0854164 
0.298241 0.0632614 0.200299 0.0 0.996493 0.083678 
-0.488969 0.0215384 0.316878 -1.0 -0.0 -0.0 
0.029706 0.025362 -0.483677 -0.0 0.0835911 -0.9965 
0.243929 -0.313452 -0.0187598 1.73533e-06 -0.996345 -0.0854164 
-0.430425 0.0878864 -0.485397 -0.0 0.083608 -0.996499 
0.0811032 0.365376 0.69406 -0.0 -0.258817 0.965926 
0.228612 -0.264472 0.536803 0.0 -0.0836891 0.996492 
-0.462443 -0.307573 -0.087334 0.0 -0.996345 -0.0854165 
0.351727 0.611683 0.54448 3.20872e-05 -0.258817 0.965926 
-0.106687 0.622079 0.62126 0.0 0.965928 0.25881 
0.609374 0.997577 -0.43129 -0.745086 0.278911 -0.605851 
0.385605 0.23486 0.288316 -1.0 -0.0 0.0 
0.350899 0.420783 0.484969 1.0 -0.0 -0.0 
0.0992228 -0.0158734 0.591905 -0.0 -0.258817 0.965926 
0.415651 0.433124 -0.308665 -0.0 0.996347 0.0853945 
0.00315228 -0.434963 -0.436973 -0.605423 -0.789097 -0.103873 
0.109819 0.0837807 -0.0440569 0.0 0.996493 0.083678 
-0.455054 0.437384 -0.358371 0.0 0.996347 0.0853945 
0.26271 0.565249 0.747615 -0.0 -0.258817 0.965926 
-0.488969 0.3538 0.579491 -1.0 0.0 -0.0 
-0.300612 -0.216247 -0.503953 9.9294e-05 0.0836813 -0.996493 
-0.0146695 0.639856 0.552028 -0.0 0.258785 -0.965935 
-0.482028 0.358504 -0.391958 -1.0 0.0 0.0 
-0.255026 -0.0263165 -0.488021 -0.000156174 0.0833279 -0.996522 
0.559131 0.144705 0.557555 1.0 0.0 -0.0 
0.161615 -0.318346 0.038322 -6.58317e-06 -0.996346 -0.0854094 
-0.156497 0.00589507 -0.48531 -0.0 0.0835911 -0.9965 
0.50708 -0.116714 0.54921 9.4424e-06 -0.0836757 0.996493 
0.461436 0.425964 -0.225127 -0.0 0.996347 0.0853945 
-0.482028 0.346649 -0.287412 -1.0 0.0 0.0 
0.450249 -0.224691 0.540144 9.4424e-06 -0.0836757 0.996493 
-0.106687 0.0647581 0.182476 0.0 0.996493 0.083678 
0.537237 -0.00140636 0.565859 0.0 -0.083685 0.996492 
-0.311479 0.379302 0.319314 0.0 0.996347 0.0853925 
0.406546 0.375504 0.363626 0.0 0.996347 0.0853945 
0.521745 0.43368 -0.315161 0.0 0.996347 0.0853945 
0.378664 0.408321 -0.227585 -1.0 0.0 0.0 
0.154732 -0.270155 -0.515461 0.0 0.0853857 -0.996348 
-0.351056 0.433405 -0.311947 -0.0 0.996347 0.0853945 
0.218992 -0.30934 -0.066726 1.73533e-06 -0.996345 -0.0854164 
0.566073 0.0651431 -0.306264 1.0 -0.0 -0.0 
0.493761 0.0519778 -0.218275 -0.0 -0.996345 -0.0854158 
0.530093 -0.160363 0.545545 9.4424e-06 -0.0836757 0.996493 
-0.166207 -0.328746 0.159649 0.0 -0.996345 -0.0854165 
-0.482028 0.3272 -0.272853 -1.0 0.0 0.0 
-0.234969 -0.316717 0.0193304 0.0 -0.996345 -0.0854165 
-0.482028 0.139022 -0.198287 -1.0 0.0 -0.0 
-0.0633072 0.599762 0.70455 0.0 0.965928 0.25881 
-0.235743 0.0204957 -0.484085 -0.0 0.0835911 -0.9965 
0.11013 0.0822815 -0.026205 0.0 0.996493 0.083678 
-0.0151586 0.110552 -0.362866 -0.0 0.996493 0.083678 
-0.102529 0.611803 0.522954 0.0 0.258819 -0.965926 
-0.379471 0.370573 0.421163 -0.0 0.996347 0.0853945 
-0.308502 0.331049 0.309844 1.0 0.0 -0.0 
0.508343 0.0270414 0.0725999 0.0 -0.996345 -0.0854158 
-0.0214412 -0.309267 -0.0675771 0.0 -0.996345 -0.0854165 
0.559131 0.373194 -0.439389 1.0 0.0 -0.0 
-0.430619 -0.133763 0.547778 -9.44252e-06 -0.0836758 0.996493 
0.188635 0.601075 0.52008 0.0 0.258819 -0.965926 
0.212077 -0.24174 -0.044845 1.0 -0.0 0.0 
0.34989 0.0784301 0.0196605 0.0 0.996493 0.083678 
-0.265811 0.150388 0.399318 0.0 0.258819 -0.965926 
-0.454324 -0.230374 0.387065 -1.0 0.0 -0.0 
0.524129 -0.322908 0.0915474 1.73533e-06 -0.996345 -0.0854164 
-0.0984795 -0.334816 0.230445 0.0 -0.996345 -0.0854165 
-0.0507649 0.104997 -0.29672 -0.0 0.996493 0.083678 
0.476364 0.00510847 0.566406 0.0 -0.083685 0.996492 
-0.329796 0.0347645 0.561932 0.0 -0.083674 0.996493 
0.347955 0.0738252 0.0744984 0.0 0.996493 0.083678 
-0.333886 -0.322477 0.0865208 0.0 -0.996345 -0.0854165 
0.371722 0.599347 0.693948 1.0 -0.0 -0.0 
-0.129419 0.630012 0.591653 0.0 0.965928 0.25881 
0.566073 0.337928 0.591653 1.0 0.0 -0.0 
0.218674 -0.021168 0.590486 -0.0 -0.258817 0.965926 
0.252038 0.632013 0.584184 0.0 0.965928 0.25881 
-0.482028 0.0955967 0.0207306 -1.0 0.0 -0.0 
0.0807249 -0.113704 -0.537873 0.790763 0.485621 -0.372647 
0.559131 0.224268 0.188159 1.0 0.0 -0.0 
-0.326999 0.423678 -0.198461 -0.0 0.996347 0.0853925 
-0.454323 -0.0818558 0.420996 -1.0 0.0 0.0 
0.402106 -0.340689 0.298947 -6.58318e-06 -0.996346 -0.0854094 
0.592325 0.860766 -0.338136 -0.347512 0.184223 0.9194 
0.0811899 -0.095774 -0.509487 0.79076 0.565543 -0.234222 
-0.213979 0.0524834 -0.481402 -0.0 0.0835911 -0.9965 
0.534143 0.0282717 0.520695 -1.0 -0.0 0.0 
0.257853 0.00109321 0.596451 -0.0 -0.258817 0.965926 
0.200909 -0.359556 0.519014 0.0 -0.996342 -0.0854589 
-0.237396 -0.219008 0.540621 0.0 -0.0836891 0.996492 
0.31954 -0.201959 -0.502763 -9.92952e-05 0.0833279 -0.996522 
-0.368024 -0.302024 0.154017 -7.87547e-06 0.996493 0.0836776 
0.0390405 0.572237 0.512353 0.0 0.258819 -0.965926 
-0.11237 0.189493 0.409797 0.0 0.258819 -0.965926 
-0.459034 0.39103 0.182476 -0.0 0.996347 0.0853925 
0.120634 -0.24174 0.538712 0.0 -0.0836891 0.996492 
-0.407887 0.390543 0.188159 0.0 0.996347 0.0853925 
-0.379339 0.444154 -0.437367 -0.0 0.996347 0.0853945 
-0.142804 0.0919946 -0.485052 0.0 0.0836079 -0.996499 
0.45082 0.403433 0.0377626 -0.0 0.996347 0.0853925 
-0.134976 -0.230374 -0.44834 -1.0 -0.0 -0.0 
-0.323247 -0.321344 0.073302 0.0 -0.996345 -0.0854165 
0.075688 -0.307545 -0.0876682 0.0 -0.996345 -0.0854153 
0.685974 0.838034 -0.380143 -0.917239 0.117092 -0.38074 
0.0922192 0.599347 0.706101 0.0 0.965928 0.25881 
-0.0214412 0.201536 0.413023 0.0 0.258819 -0.965926 
0.470928 0.243876 -0.458429 1.0 0.0 0.0 
0.2559 0.0849025 0.618908 -0.0 -0.258817 0.965926 
0.257883 -0.0364055 -0.488862 -2.20635e-05 0.0836813 -0.996493 
-0.129487 -0.318573 0.0409797 0.0 -0.996345 -0.0854165 
-0.233413 0.576292 0.750574 -0.0 -0.258817 0.965926 
0.212077 0.031045 -0.266483 1.0 -0.0 -0.0 
-0.424936 0.167437 -0.452546 -0.0 0.0958512 -0.995396 
0.314249 -0.315781 0.00840217 1.73533e-06 -0.996345 -0.0854164 
0.381928 0.420303 -0.159081 -0.0 0.996347 0.0853925 
0.280638 -0.350635 0.414962 0.0 -0.996345 -0.0854165 
0.559131 0.298147 -0.033479 1.0 0.0 -0.0 
0.367885 -0.0806124 -0.492577 -2.20635e-05 0.0836813 -0.996493 
-0.338179 0.0655828 -0.480303 -0.0 0.0835911 -0.9965 
0.410593 0.117787 0.459739 1.0 0.0 -0.0 
-0.482028 0.243443 0.276893 -1.0 0.0 -0.0 
-0.280157 0.521821 0.71011 -0.0 0.258817 -0.965926 
0.559131 0.172524 -0.0451087 1.0 -0.0 -0.0 
-0.373788 -0.30342 -0.135773 0.0 -0.996345 -0.0854165 
-0.0188129 -0.352801 0.440227 -0.0 -0.996345 -0.0854191 
-0.368105 0.36278 0.512091 0.0 0.996347 0.0853945 
0.251344 0.0935582 -0.484921 0.0 0.0836079 -0.996499 
0.127657 -0.316151 0.0127246 -6.58317e-06 -0.996346 -0.0854094 
-0.0441733 -0.322421 0.0858644 0.0 -0.996345 -0.0854165 
0.00616998 0.594745 0.723276 0.0 0.965928 0.25881 
-0.157834 0.0743025 0.0688154 -0.0 0.996493 0.083678 
0.518446 0.423663 -0.198287 0.0 0.996347 0.0853925 
-0.308502 0.322083 0.00775877 1.0 0.0 -0.0 
0.527911 -0.128759 -0.496623 -2.20635e-05 0.0836813 -0.996493 
-0.434389 -0.294322 0.0622902 -7.87547e-06 0.996493 0.0836776 
-0.199761 0.598802 0.708135 0.0 0.965928 0.25881 
-0.482028 0.235634 0.387065 -1.0 0.0 -0.0 
-0.212896 0.227955 0.657238 -0.0 -0.258817 0.965926 
0.414651 0.369997 0.427881 -0.0 0.996347 0.0853945 
-0.482028 0.0719098 0.150783 -1.0 0.0 -0.0 
-0.294621 0.356045 0.685116 -1.0 -0.0 -0.0 
0.559131 0.195853 -0.266483 1.0 0.0 -0.0 
-0.214664 -0.313651 -0.0164299 0.0 -0.996345 -0.0854165 
-0.482028 0.165818 0.369949 -1.0 0.0 -0.0 
-0.33969 0.0651431 0.216208 0.0 -0.0836746 0.996493 
0.257577 0.185684 0.645912 -0.0 -0.258817 0.965926 
0.444117 0.433922 -0.317981 -0.0 0.996347 0.0853945 
-0.336055 -0.348583 0.391026 0.0 -0.996345 -0.0854165 
-0.476083 0.218585 0.577367 0.0 -0.083674 0.996493 
-0.140785 0.0671443 0.154061 -0.0 0.996493 0.083678 
0.55088 -0.354597 0.46117 -4.08274e-05 -0.996345 -0.0854183 
-0.310825 0.370171 0.425854 0.0 0.996347 0.0853945 
0.320444 0.0229946 0.119804 0.0 -0.996345 -0.0854158 
-0.0717602 0.0755302 0.0541952 -0.0 0.996493 0.083678 
0.0154164 0.0540354 0.31017 0.0 0.996493 0.083678 
0.180896 0.114634 -0.411485 -0.0 0.996493 0.083678 
-0.488429 0.0673118 -0.397122 0.0 -0.996345 -0.0854189 
0.559131 0.177671 -0.429587 1.0 0.0 -0.0 
-0.0748762 0.0793804 0.617428 -0.0 -0.258817 0.965926 
0.0735879 0.0398446 0.391257 0.0 0.258805 -0.96593 
-0.476241 0.434939 -0.329851 0.0 0.996347 0.0853945 
0.31954 0.077643 0.0290342 0.0 0.996493 0.083678 
0.0979022 0.0657126 0.17111 0.0 0.996493 0.083678 
-0.482028 0.262993 -0.306667 -1.0 0.0 0.0 
-0.308502 0.186109 -0.459713 1.0 0.0 -0.0 
0.526838 -0.0331588 -0.463521 3.23332e-06 -0.0836711 0.996493 
0.548054 -0.27182 -0.205682 7.87542e-06 0.996493 0.0836776 
-0.305905 0.0607721 -0.0189154 -7.68124e-05 0.996493 0.0836788 
0.559131 0.332245 0.52914 1.0 0.0 -0.0 
-0.222317 -0.0424299 0.584789 -0.0 -0.258817 0.965926 
-0.265811 -0.307318 -0.0903092 0.0 -0.996345 -0.0854165 
0.534143 0.331099 0.53456 -1.0 -0.0 0.0 
-0.441413 -0.0876456 0.458209 0.0 0.99539 0.0959063 
-0.482028 0.0992413 0.432529 -1.0 0.0 -0.0 
-0.345373 -0.345807 0.358649 0.0 -0.996345 -0.0854165 
-0.288543 -0.311215 -0.044845 0.0 -0.996345 -0.0854165 
0.559131 0.304752 -0.180075 1.0 0.0 -0.0 
0.559131 0.167437 -0.2608 1.0 0.0 -0.0 
0.039078 0.116723 -0.436359 -0.0 0.996493 0.083678 
0.559131 0.195853 0.466627 1.0 0.0 -0.0 
-0.47252 0.441518 -0.406603 0.0 0.996347 0.0853945 
-0.195258 -0.289441 -0.298838 -6.58317e-06 -0.996346 -0.0854094 
0.369647 -0.315261 0.0023411 1.73533e-06 -0.996345 -0.0854164 
-0.0555394 0.133339 0.631886 -0.0 -0.258817 0.965926 
0.371722 0.587443 0.733723 1.0 0.0 0.0 
0.31954 -0.31219 -0.033479 1.73533e-06 -0.996345 -0.0854164 
0.0635792 -0.302999 -0.140697 0.0 -0.996345 -0.0854153 
-0.0986953 -0.231124 -0.505182 9.92941e-05 0.0836813 -0.996493 
0.394847 -0.291015 -0.280476 1.73533e-06 -0.996345 -0.0854164 
0.416151 0.0480941 0.214776 0.0 -0.0836746 0.996493 
-0.297964 0.0360466 -0.032447 0.0 -0.996345 -0.0854167 
0.559131 0.141137 -0.472836 1.0 0.0 -0.0 
-0.283138 -0.162486 0.552621 -0.0 -0.258817 0.965926 
0.0931523 -0.383815 -0.363094 0.991288 -0.121689 0.0504051 
0.688693 0.877815 -0.37446 0.917239 -0.117092 0.38074 
-0.488969 0.0578916 -0.0762087 -1.0 0.0 0.0 
-0.313688 0.0712478 0.564995 0.0 -0.083674 0.996493 
0.371722 0.320879 0.591653 1.0 0.0 -0.0 
0.451865 -0.102476 0.550406 2.5973e-07 -0.0836666 0.996494 
0.404785 -0.32437 0.108597 1.73533e-06 -0.996345 -0.0854164 
0.559131 0.199739 -0.09764 1.0 0.0 -0.0 
0.566073 -0.343707 0.410445 1.0 -0.0 -0.0 
-0.488969 0.38146 0.164151 -1.0 0.0 -0.0 
0.553117 -0.0482869 0.554955 9.4424e-06 -0.0836757 0.996493 
-0.254445 -0.258789 0.53728 0.0 -0.0836891 0.996492 
0.547003 0.494871 -0.396483 0.898741 -0.21411 0.38265 
0.559131 0.118969 -0.406924 1.0 0.0 -0.0 
0.4332 -0.359937 0.523457 0.0 -0.996342 -0.0854589 
0.439521 -0.349409 0.400667 0.0 -0.996345 -0.0854165 
0.559131 0.222391 -0.0500229 1.0 0.0 -0.0 
0.511299 0.446897 -0.403009 -1.0 0.0 0.0 
-0.0106166 -0.301599 -0.157022 -6.58317e-06 -0.996346 -0.0854094 
0.399388 -0.177581 0.5441 9.4424e-06 -0.0836757 0.996493 
0.0229397 0.0724784 0.0905375 0.0 0.996493 0.083678 
-0.135102 -0.213325 -0.503691 9.9294e-05 0.0836813 -0.996493 
-0.482028 0.173121 0.267721 -1.0 0.0 -0.0 
0.143894 0.354516 0.69115 -0.0 -0.258817 0.965926 
0.525497 -0.294862 -0.235598 1.73533e-06 -0.996345 -0.0854164 
-0.0612224 0.104924 0.624272 -0.0 -0.258817 0.965926 
-0.419253 0.418793 -0.141456 -0.0 0.996347 0.0853925 
-0.482028 0.224268 -0.0732602 -1.0 0.0 0.0 
0.0739348 0.105292 -0.300229 -0.0 0.996493 0.083678 
0.291125 0.152863 0.637117 -0.0 -0.258817 0.965926 
-0.302326 0.0533506 -0.234291 0.0 -0.996345 -0.0854167 
0.37637 0.0958776 -0.436973 -0.0 0.996493 0.083678 
-0.0953205 -0.325344 0.119963 0.0 -0.996345 -0.0854165 
0.559131 0.16186 -0.135503 1.0 -0.0 -0.0 
-0.299909 -0.316575 0.0176682 0.0 -0.996345 -0.0854165 
0.365004 0.383392 0.698887 -0.0 -0.258817 0.965926 
0.0861844 0.363098 0.456314 0.0 0.258819 -0.965926 
-0.0441733 0.394758 0.464797 0.0 0.258819 -0.965926 
-0.21066 -0.307459 0.533193 0.0 -0.0836891 0.996492 
-0.385155 0.376418 0.352966 -0.0 0.996347 0.0853945 
-0.258557 -0.283006 -0.0724512 -0.0 0.996493 0.0836804 
-0.308502 0.299316 -0.355369 1.0 0.0 -0.0 
-0.308502 0.278666 -0.353598 1.0 0.0 -0.0 
0.120351 -0.0490568 -0.489921 -2.20635e-05 0.0836813 -0.996493 
0.353407 0.269475 0.668363 -0.0 -0.258817 0.965926 
-0.476083 0.407103 -0.00506391 -0.0 0.996347 0.0853925 
0.531308 -0.179227 0.421163 1.0 0.0 -0.0 
-0.134976 -0.247423 -0.044845 -1.0 -0.0 0.0 
0.0694871 -0.0939815 0.570976 -0.0 -0.258817 0.965926 
0.0325233 -0.00928804 -0.486584 -0.0 0.0835911 -0.9965 
0.559131 0.249851 0.157941 1.0 0.0 -0.0 
-0.308502 0.11233 -0.431318 1.0 0.0 -0.0 
0.559131 0.183399 0.56498 1.0 -0.0 -0.0 
0.559131 0.278492 0.0371358 1.0 0.0 -0.0 
-0.0154655 -0.400164 -0.392418 -0.991288 -0.130585 0.017194 
-0.294621 0.207219 0.614385 -1.0 -0.0 0.0 
-0.0361437 0.385887 0.699556 -0.0 -0.258817 0.965926 
-0.0380118 -0.212922 0.541133 0.0 -0.0836891 0.996492 
-0.243814 -0.335597 0.239552 0.0 -0.996345 -0.0854165 
0.282243 0.0856759 -0.0666276 0.0 0.996493 0.083678 
0.559131 0.267935 -0.201522 1.0 0.0 -0.0 
-0.165521 0.133659 0.631972 -0.0 -0.258817 0.965926 
-0.311192 0.296182 0.583883 -0.0 -0.083674 0.996493 
-0.180566 -0.306343 -0.101675 0.0 -0.996345 -0.0854165 
0.50708 0.36278 0.512091 0.0 0.996347 0.0853945 
0.484348 -0.300497 -0.169872 1.73533e-06 -0.996345 -0.0854164 
-0.130594 -0.181996 -0.50106 9.9294e-05 0.0836813 -0.996493 
0.566073 0.423173 -0.402875 1.0 0.0 0.0 
0.0556273 -0.304846 -0.119153 0.0 -0.996345 -0.0854153 
-0.482028 0.0878752 -0.113041 -1.0 0.0 -0.0 
-0.482028 0.276832 0.459518 -1.0 0.0 -0.0 
0.160415 -0.277598 -0.436973 -0.0 -0.996345 -0.0854189 
-0.237396 -0.292887 0.534417 0.0 -0.0836891 0.996492 
0.559131 0.275415 0.398431 1.0 0.0 -0.0 
-0.0669054 0.601081 0.699631 0.0 0.965928 0.25881 
0.301234 -0.296139 -0.220712 1.73533e-06 -0.996345 -0.0854164 
0.569593 0.878961 -0.436973 -0.745123 0.278928 -0.605798 
-0.0344707 -0.348104 0.529781 0.0 -0.0835989 0.996499 
0.217246 -0.321934 0.0801814 -6.58318e-06 -0.996346 -0.0854094 
-0.135997 -0.315894 0.00973361 0.0 -0.996345 -0.0854165 
0.336589 0.636103 0.568921 -0.0 0.965915 0.258859 
0.120634 0.332245 0.685182 -0.0 -0.258817 0.965926 
0.232195 0.227592 0.657141 -0.0 -0.258817 0.965926 
0.36396 0.000120624 -0.460726 3.23332e-06 -0.0836711 0.996493 
-0.294621 0.3121 0.601507 -1.0 -0.0 -0.0 
0.212077 -0.201959 -0.00506391 1.0 -0.0 0.0 
-0.00132691 0.544533 0.504929 0.0 0.258819 -0.965926 
-0.260128 0.380377 0.460944 0.0 0.258819 -0.965926 
-0.0214412 0.468638 0.721728 -0.0 -0.258817 0.965926 
0.0244434 0.297738 0.675936 -0.0 -0.258817 0.965926 
0.511952 -0.32052 0.374284 -0.0 0.996493 0.0836804 
0.559131 0.0821922 0.11428 1.0 0.0 -0.0 
-0.482028 0.201464 -0.000745108 -1.0 0.0 -0.0 
0.559131 0.139546 -0.19837 1.0 -0.0 -0.0 
-0.402204 -0.297086 -0.209653 0.0 -0.996345 -0.0854165 
0.490031 -0.145129 -0.497997 -2.20635e-05 0.0836813 -0.996493 
-0.284793 -0.295546 -0.22762 0.0 -0.996345 -0.0854165 
0.557788 0.361547 0.526478 0.0 0.996347 0.0853945 
0.393419 0.195853 -0.469366 0.0 0.0836818 -0.996493 
0.385605 0.137639 -0.460713 -1.0 -0.0 0.0 
-0.189148 0.0769446 0.0373526 -0.0 0.996493 0.083678 
0.391022 -0.341031 0.302936 0.0 -0.996345 -0.0854165 
-0.0385114 0.091647 -0.485081 0.0 0.0836079 -0.996499 
0.559131 0.324094 -0.415514 1.0 0.0 -0.0 
-0.37552 -0.296401 -0.217651 0.0 -0.996345 -0.0854165 
-0.316958 0.392004 0.17111 0.0 0.996347 0.0853925 
-0.45704 0.253406 0.557174 1.0 0.0 -0.0 
-0.128921 0.435555 0.712864 -0.0 -0.258817 0.965926 
0.385605 0.232805 -0.461694 -1.0 -0.0 0.0 
0.070481 -0.276869 -0.361938 1.0 0.0 -0.0 
-0.407887 0.411487 -0.0562111 -0.0 0.996347 0.0853925 
-0.198567 0.107199 0.624882 -0.0 -0.258817 0.965926 
-0.277177 0.0276357 0.375698 1.59851e-05 0.996493 0.0836773 
-0.371813 0.0634436 -0.45541 0.0 -0.0836712 0.996493 
0.348834 -0.350754 0.529558 -0.0 -0.0835989 0.996499 
-0.134976 -0.0201022 0.0972305 -1.0 -0.0 -0.0 
0.353092 -0.298596 -0.192052 1.73533e-06 -0.996345 -0.0854164 
-0.432521 -0.30555 -0.110932 0.0 -0.996345 -0.0854165 
-0.482028 0.247 -0.289215 -1.0 0.0 0.0 
0.0126569 -0.297574 -0.20397 0.0 -0.996345 -0.0854153 
-0.396907 -0.44917 0.426402 -0.0 -1.0 0.0 
0.342272 0.168284 0.404114 0.0 0.258819 -0.965926 
0.211563 -0.288804 -0.306264 -0.0 -0.996345 -0.0854189 
-0.439362 -0.0799637 0.440798 0.0 -0.0958511 0.995396 
0.559131 0.133339 -0.306264 1.0 0.0 -0.0 
-0.482028 -0.0939814 0.534823 -1.0 0.0 0.0 
0.154732 -0.282958 -0.37446 -0.0 -0.996345 -0.0854189 
-0.28286 -0.328755 0.159744 0.0 -0.996345 -0.0854165 
0.559131 0.0735773 -0.037059 1.0 0.0 -0.0 
0.0922192 0.258911 0.665533 -0.0 -0.258817 0.965926 
0.0868585 0.117446 -0.444962 -0.0 0.996493 0.083678 
-0.488969 0.411807 -0.306264 -1.0 0.0 -0.0 
0.525383 0.0388368 -0.0649891 -0.0 -0.996345 -0.0854158 
-0.308502 0.118795 0.0904626 1.0 0.0 -0.0 
-0.185278 0.0608091 0.396874 -0.0 0.258805 -0.96593 
-0.129419 -0.179227 0.548135 -0.0 -0.258817 0.965926 
-0.482028 0.145717 0.473647 -1.0 0.0 -0.0 
0.450236 -0.0689779 -0.491601 -2.20635e-05 0.0836813 -0.996493 
-0.482028 0.104924 0.222257 -1.0 0.0 -0.0 
-0.220082 -0.312485 -0.0300304 0.0 -0.996345 -0.0854165 
0.559131 0.0582196 0.255987 1.0 -0.0 -0.0 
-0.237216 0.053431 -0.235229 0.0 -0.996345 -0.0854167 
0.634239 0.878089 -0.334204 -0.149177 -0.0658779 -0.986614 
0.0604187 -0.00563492 -0.486277 -0.0 0.0835911 -0.9965 
-0.279617 0.247209 0.662397 -0.0 -0.258817 0.965926 
-0.38656 0.0380176 -0.0554392 1.5145e-06 -0.996345 -0.0854172 
0.471726 -0.346901 0.371413 0.0 -0.996345 -0.0854165 
-0.0812137 0.494978 0.491651 0.0 0.258819 -0.965926 
0.137683 -0.35945 0.517774 0.0 -0.996342 -0.0854589 
0.559131 0.0892809 -0.230636 1.0 0.0 -0.0 
-0.392275 0.39799 0.101266 0.0 0.996347 0.0853925 
-0.181623 0.266833 0.667655 -0.0 -0.258817 0.965926 
0.559131 0.35621 0.139727 1.0 0.0 -0.0 
-0.482028 0.160192 0.152354 -1.0 0.0 -0.0 
-0.299355 -0.354453 0.459507 0.0 -0.996345 -0.0854191 
0.212077 -0.165328 -0.409058 -1.0 0.0 0.0 
-0.16445 -0.177996 0.548465 -0.0 -0.258817 0.965926 
0.257542 0.10641 -0.313546 0.0 0.996493 0.083678 
0.559131 0.320175 -0.328439 1.0 0.0 -0.0 
0.166098 0.337928 0.686705 -0.0 -0.258817 0.965926 
0.472982 0.19017 0.226706 0.0 -0.0836746 0.996493 
-0.417186 -0.304674 -0.121149 0.0 -0.996345 -0.0854165 
-0.213175 -0.321454 0.0745795 0.0 -0.996345 -0.0854165 
-0.294621 0.322211 0.657523 -1.0 0.0 0.0 
0.046755 0.411807 0.706501 -0.0 -0.258817 0.965926 
0.2905 0.38153 0.698388 -0.0 -0.258817 0.965926 
0.559131 0.39218 -0.369344 1.0 0.0 -0.0 
0.559131 0.16867 0.0665163 1.0 -0.0 -0.0 
0.560528 0.41654 -0.406774 -2.20049e-05 -0.996493 -0.0836779 
-0.339525 -0.33325 0.212184 0.0 -0.996345 -0.0854165 
0.552544 0.332701 0.591653 -0.0 -0.996494 -0.0836603 
0.00965135 -0.0951875 -0.532869 -0.605466 0.631408 -0.484495 
-0.236836 0.511632 0.733248 -0.0 -0.258817 0.965926 
0.558227 -0.220363 0.540506 9.4424e-06 -0.0836757 0.996493 
-0.482028 0.207219 -0.408558 -1.0 0.0 0.0 
-0.402204 -0.335576 0.239306 0.0 -0.996345 -0.0854165 
-0.0757005 -0.0345548 -0.488703 -4.96434e-06 0.0835708 -0.996502 
0.511271 -0.26472 -0.514995 0.0 0.0853857 -0.996348 
0.0113536 -0.0494318 0.582913 -0.0 -0.258817 0.965926 
-0.482028 0.309513 0.364332 -1.0 0.0 0.0 
0.491335 0.0107242 -0.459836 3.23332e-06 -0.0836711 0.996493 
0.0704811 -0.315619 -0.385826 1.0 0.0 -0.0 
-0.271477 0.58695 0.516295 0.0 0.258819 -0.965926 
0.534143 0.164982 0.522705 -1.0 -0.0 0.0 
-0.00233653 -0.202539 0.542004 0.0 -0.0836891 0.996492 
-0.351797 0.372505 0.398624 -0.0 0.996347 0.0853945 
0.497571 -0.118891 0.549027 9.4424e-06 -0.0836757 0.996493 
0.559131 0.18149 -0.0809168 1.0 0.0 -0.0 
0.371722 0.35493 0.514373 1.0 0.0 0.0 
0.0183399 0.102458 -0.266483 -0.0 0.996493 0.083678 
0.559131 0.252683 0.142695 1.0 0.0 -0.0 
-0.482028 0.354979 -0.151253 -1.0 0.0 0.0 
0.527747 0.0122775 0.558582 0.0 0.996492 0.0836832 
0.254225 -0.0411776 0.585125 -0.0 -0.258817 0.965926 
0.503994 -0.00455307 0.441138 -0.0 -0.996345 -0.0854158 
0.341254 0.037643 -0.0510641 0.0 -0.996345 -0.0854158 
0.559131 0.0821922 -0.039162 1.0 0.0 -0.0 
-0.18111 0.558261 0.508608 0.0 0.258819 -0.965926 
-0.0566412 0.605432 0.68339 0.0 0.965928 0.25881 
-0.33349 0.279743 0.463814 -1.0 0.0 0.0 
-0.00439215 0.105322 -0.300581 -0.0 0.996493 0.083678 
-0.403689 0.0304011 0.0334034 1.5145e-06 -0.996345 -0.0854172 
0.251344 0.61174 0.65985 0.0 0.965928 0.25881 
0.308174 0.04901 0.370015 0.0 0.996493 0.083678 
-0.482028 0.290556 0.155866 -1.0 0.0 0.0 
0.382053 0.377879 0.335917 -0.0 0.996347 0.0853925 
-0.0945477 0.305721 0.44094 0.0 0.258819 -0.965926 
0.046755 0.11629 -0.476046 -0.0 0.0837601 -0.996486 
0.478633 0.373265 0.389752 0.0 0.996347 0.0853945 
-0.0498563 0.113912 -0.402875 -0.0 0.996493 0.083678 
0.559131 0.232492 -0.207325 1.0 0.0 -0.0 
-0.328324 -0.3156 0.00630214 0.0 -0.996345 -0.0854165 
-0.482028 0.36066 -0.380143 -1.0 0.0 0.0 
0.503768 -0.306746 -0.0969788 1.73533e-06 -0.996345 -0.0854164 
0.444566 -0.0996645 0.550642 2.5973e-07 -0.0836666 0.996494 
0.0751701 -0.316087 0.0119852 0.0 -0.996345 -0.0854165 
-0.351056 0.428534 -0.255117 0.0 0.996347 0.0853945 
0.559131 0.324693 -0.0218061 1.0 0.0 -0.0 
-0.222579 -0.283314 -0.370301 -0.0 -0.996345 -0.0854189 
0.0295629 -0.0416788 0.584991 -0.0 -0.258817 0.965926 
-0.396521 0.0935582 0.218594 -0.0 -0.0836746 0.996493 
0.024967 -0.299295 -0.183897 0.0 -0.996345 -0.0854153 
-0.447668 0.184487 0.226229 -0.0 -0.0836746 0.996493 
-0.239771 -0.324891 0.114672 0.0 -0.996345 -0.0854165 
0.514432 -0.327828 0.148933 1.73533e-06 -0.996345 -0.0854164 
0.4332 0.376905 0.347283 0.0 0.996347 0.0853945 
0.566073 0.000984726 0.55326 1.0 -0.0 -0.0 
0.559131 0.247 0.22794 1.0 0.0 -0.0 
0.410593 0.182701 0.456549 1.0 0.0 -0.0 
0.559131 0.148266 -0.317994 1.0 0.0 -0.0 
0.385605 0.341 0.0048026 -1.0 -0.0 0.0 
-0.0278744 -0.347243 0.375405 0.0 -0.996345 -0.0854165 
0.438699 -0.276469 -0.450149 -0.0 -0.996345 -0.0854189 
0.0126569 0.19017 0.647114 -0.0 -0.258817 0.965926 
-0.134976 -0.270155 -0.158505 -1.0 -0.0 0.0 
0.257027 0.639273 0.551872 -0.0 0.258785 -0.965935 
0.566073 -0.263218 -0.419448 1.0 0.0 -0.0 
-0.2831 0.184341 0.645552 -0.0 -0.258817 0.965926 
-0.482028 0.120774 -0.231605 -1.0 0.0 -0.0 
-0.308502 0.150174 -0.0348663 1.0 0.0 -0.0 
0.559131 0.199441 0.546326 1.0 0.0 -0.0 
0.126317 0.0695303 0.125646 0.0 0.996493 0.083678 
0.323263 -0.0771965 -0.492289 -2.20635e-05 0.0836813 -0.996493 
-0.0725884 0.49137 0.727819 -0.0 -0.258817 0.965926 
-0.174883 0.133339 0.631886 -0.0 -0.258817 0.965926 
-0.47454 0.431689 -0.291924 0.0 0.996347 0.0853945 
0.046755 -0.300985 -0.164188 0.0 -0.996345 -0.0854153 
-0.482028 0.148305 -0.0994654 -1.0 0.0 -0.0 
-0.177323 0.612978 0.655229 0.0 0.965928 0.25881 
0.559131 0.337928 0.432529 1.0 0.0 -0.0 
-0.447323 -0.417914 0.449578 -1.0 0.0 -0.0 
0.386347 0.436212 -0.344701 -0.0 0.996347 0.0853945 
0.365004 0.031045 0.604477 -0.0 -0.258817 0.965926 
-0.271494 0.0708261 0.615136 -0.0 -0.258817 0.965926 
-0.482028 0.0709703 0.31837 -1.0 0.0 -0.0 
0.291125 0.0651431 0.613613 -0.0 -0.258817 0.965926 
0.535874 -0.336991 0.255818 -4.08274e-05 -0.996345 -0.0854183 
-0.0750861 -0.336157 0.24609 0.0 -0.996345 -0.0854165 
-0.23306 0.46086 0.504067 -0.0 -0.258819 0.965926 
0.559131 0.184487 -0.152822 1.0 0.0 -0.0 
-0.481766 -0.319986 0.0574493 4.07954e-05 -0.996345 -0.0854184 
0.0316581 0.106825 -0.318486 -0.0 0.996493 0.083678 
-0.294621 0.586986 0.742446 -1.0 0.0 0.0 
-0.480115 -0.311618 0.268263 -7.87547e-06 0.996493 0.0836776 
-0.135102 0.117729 -0.44834 -0.0 0.996493 0.083678 
-0.198413 -0.0575715 -0.490643 -0.000156174 0.0833279 -0.996522 
0.137683 -0.32778 0.148378 0.0 -0.996345 -0.0854165 
0.0954972 0.0733782 0.61582 -0.0 -0.258817 0.965926 
0.27045 0.323906 0.682948 -0.0 -0.258817 0.965926 
0.350899 0.525468 0.506408 1.0 -0.0 -0.0 
-0.0232074 0.388032 0.70013 -0.0 -0.258817 0.965926 
-0.409329 0.0033554 0.566259 0.0 -0.083685 0.996492 
-0.480683 0.00404155 0.340872 1.51451e-06 -0.996345 -0.0854172 
0.372151 0.0307177 0.0297161 0.0 -0.996345 -0.0854158 
0.0240229 0.0762114 0.0460833 0.0 0.996493 0.083678 
-0.488969 -0.309936 0.159744 -1.0 0.0 0.0 
0.29944 -0.324506 0.421746 0.0 0.996493 0.0836804 
-0.4704 0.252683 0.58023 0.0 -0.083674 0.996493 
-0.345373 -0.298061 -0.198287 0.0 -0.996345 -0.0854165 
-0.33349 0.147515 0.478649 -1.0 0.0 -0.0 
0.313857 0.525468 0.499821 0.0 0.258819 -0.965926 
-0.264722 -0.0497368 -0.489978 -0.000156174 0.0833279 -0.996522 
-0.418701 -0.359942 0.523511 0.0 -0.996342 -0.0854589 
-0.482028 0.115307 0.500423 -1.0 0.0 -0.0 
-0.247717 -0.276613 -0.148581 0.0 0.996493 0.0836804 
0.559131 0.191901 -0.26291 1.0 0.0 -0.0 
0.535495 -0.258789 0.53728 9.4424e-06 -0.0836757 0.996493 
0.467299 -0.278573 -0.425607 1.73533e-06 -0.996345 -0.0854164 
-0.220347 -0.349717 0.529645 0.0 -0.0835989 0.996499 
0.521361 0.359926 0.545387 -0.0 0.996347 0.0853945 
0.535495 0.178804 -0.470798 -0.0 0.0836818 -0.996493 
0.371722 0.372026 0.500725 1.0 -0.0 0.0 
-0.426261 0.0242476 0.105179 1.5145e-06 -0.996345 -0.0854172 
0.168269 0.549355 0.506221 0.0 0.258819 -0.965926 
0.463598 0.018697 -0.484239 -2.20635e-05 0.0836813 -0.996493 
-0.0335309 0.168425 0.641287 -0.0 -0.258817 0.965926 
-0.418271 -0.271294 -0.510516 -0.0 -0.996345 -0.0854189 
0.371722 0.178804 0.6428 1.0 -0.0 -0.0 
-0.186249 0.571261 0.512091 0.0 0.258819 -0.965926 
0.382053 0.36066 0.536822 -0.0 0.996347 0.0853945 
0.194514 0.053305 0.318868 0.0 0.996493 0.083678 
0.559131 0.37584 -0.0417728 1.0 0.0 -0.0 
0.0305079 0.0486411 0.374409 0.0 0.996493 0.083678 
-0.134976 0.00262991 0.352966 -1.0 -0.0 -0.0 
0.0943289 0.45197 0.480127 0.0 0.258819 -0.965926 
0.394862 -0.329056 0.163258 1.73533e-06 -0.996345 -0.0854164 
0.559131 0.224268 0.0517663 1.0 0.0 -0.0 
-0.373788 0.355961 0.591653 0.0 0.996347 0.0853945 
0.357589 -0.296577 -0.215602 1.73533e-06 -0.996345 -0.0854164 
0.0811953 0.447738 0.478993 0.0 0.258819 -0.965926 
-0.203298 0.0671443 0.154061 -0.0 0.996493 0.083678 
0.0511995 -0.298907 -0.619272 0.129471 -0.129423 -0.983101 
-0.305592 0.372521 0.398431 0.0 0.996347 0.0853945 
0.32971 0.290234 0.673925 -0.0 -0.258817 0.965926 
0.00129087 0.253121 0.426846 0.0 0.258819 -0.965926 
-0.0612224 0.553883 0.744569 -0.0 -0.258817 0.965926 
