ply
format ascii 1.0
comment VCGLIB generated
element vertex 2000
property float x
property float y
property float z
property float nx
property float ny
property float nz
element face 0
property list uchar int vertex_indices
end_header
0.156591 -0.793563 -0.371306 -0.0296787 -0.996571 -0.077229 
-0.758349 -0.0242155 0.394624 -0.995601 0.0935616 -0.00492151 
-0.58084 -0.251376 -0.675367 -0.999485 0.0305297 -0.00983066 
0.748395 0.181075 -0.590056 0.149337 0.985717 0.0778506 
0.692967 -0.594404 0.458169 0.999485 -0.0305297 0.00983066 
-0.603663 -0.66868 0.349056 -0.999485 0.0305298 -0.00983068 
0.589757 -0.787696 -0.61348 -0.0296801 -0.996571 -0.0772302 
-0.569772 0.424957 0.204085 -0.212501 0.249163 -0.944861 
-0.580707 0.175 0.0231821 -0.0903988 0.99304 0.0754941 
0.542863 0.0614983 -0.14579 -0.855219 0.517427 0.0294775 
0.816802 0.13946 -0.451642 0.608684 0.79046 0.06839 
0.225704 -0.209272 -0.814822 0.0121511 0.0768875 -0.996966 
0.222787 -0.183552 -0.495882 -0.0206924 0.992006 0.124484 
-0.634869 0.171829 -0.0936066 -0.336104 0.939341 0.0683547 
0.891123 -0.0437447 -0.373525 0.995603 -0.0935453 0.00492274 
-0.44562 -0.164818 -0.819577 0.0120741 0.076892 -0.996966 
-0.371666 -0.820286 0.176537 -0.0296787 -0.996571 -0.077229 
0.155604 -0.169891 -0.61591 0.0206868 -0.992005 -0.12449 
0.167922 -0.7025 0.571555 -0.0121537 -0.0768963 0.996965 
0.882117 -0.0755973 0.490851 0.999372 0.032248 0.0146715 
-0.660908 0.11707 0.505289 -0.452026 0.889769 0.0631178 
0.391205 -0.418988 -0.82898 0.0121525 0.0768982 -0.996965 
0.709505 -0.362722 -0.50372 0.999485 -0.0305298 0.0098307 
-0.543733 0.222529 -0.601366 -0.0509901 -0.995694 -0.0774193 
0.700298 -0.349702 0.472741 0.999485 -0.0305297 0.00983066 
0.707352 -0.278095 -0.0219995 0.999485 -0.0305298 0.0098307 
0.527996 0.0230558 0.631908 -0.0121571 -0.0768989 0.996965 
0.696979 -0.536541 0.229947 0.999485 -0.0305297 0.00983066 
0.568445 -0.000316766 0.630598 -0.0121377 -0.0768959 0.996965 
0.632695 0.173834 0.165228 0.0536312 0.119479 -0.991387 
0.598386 0.203625 0.166783 0.0394866 0.0957045 -0.994626 
0.700988 -0.733777 -0.790149 0.999485 -0.0305298 0.0098307 
-0.584832 -0.220621 -0.173963 -0.999485 0.0305297 -0.00983066 
0.549427 -0.586051 -0.839937 0.0121571 0.0768982 -0.996965 
0.523864 -0.841661 0.108195 -0.0296801 -0.996571 -0.0772302 
0.224416 -0.265076 0.605983 -0.012154 -0.0768973 0.996965 
0.556413 0.272736 0.459721 0.029679 0.996571 0.0772317 
0.797273 -0.212922 0.101686 0.56054 -0.826171 -0.0568894 
-0.702561 0.132018 -0.184743 -0.749608 0.660561 0.041812 
0.0109117 -0.197139 0.60862 -0.012154 -0.0768973 0.996965 
0.1322 -0.786303 -0.455626 -0.0296787 -0.996571 -0.077229 
-0.302873 0.298832 0.453212 0.0296813 0.996571 0.0772315 
0.698323 -0.40178 0.511799 0.999485 -0.0305297 0.00983066 
-0.684472 -0.180449 0.316507 -0.608686 -0.790459 -0.0683911 
-0.242522 -0.816328 0.0758294 -0.0296787 -0.996571 -0.077229 
0.38716 -0.80278 -0.340977 -0.0296801 -0.996571 -0.0772302 
-0.00342472 -0.209713 -0.145684 0.030231 0.999118 0.0291509 
0.257279 -0.301444 -0.821546 0.0121511 0.0768875 -0.996966 
-0.52619 0.480441 0.268266 0.0296842 0.996571 0.0772334 
-0.668718 -0.160774 -0.0436639 -0.504037 -0.860631 -0.0725282 
0.511254 0.268897 0.526612 0.029679 0.996571 0.0772317 
-0.532905 0.481208 0.260952 0.0296842 0.996571 0.0772334 
-0.302873 -0.804427 -0.0545482 -0.0296787 -0.996571 -0.077229 
-0.601311 -0.746796 -0.132665 -0.999485 0.0305298 -0.00983068 
-0.161441 0.36021 0.197412 0.0188586 0.311543 -0.950045 
-0.359138 -0.335735 0.593419 -0.0121264 -0.0768971 0.996965 
-0.581344 -0.304216 -0.788248 -0.999485 0.0305297 -0.00983066 
0.608491 0.417947 0.23188 0.0194294 0.332263 -0.942987 
-0.354951 0.210135 0.147163 -0.0629896 0.172508 -0.982992 
-0.11409 -0.179425 -0.51023 0.0794207 0.993814 0.0776243 
-0.205227 -0.197053 -0.191253 0.0826815 0.993786 0.074523 
-0.546307 -0.139284 0.60629 -0.0121482 -0.0768978 0.996965 
0.0876627 -0.192899 -0.443856 -0.0206868 0.992005 0.12449 
0.00379734 -0.366061 0.595504 0.0121537 0.0768963 -0.996965 
0.229045 -0.848999 0.316188 -0.0296801 -0.996571 -0.0772302 
-0.274775 -0.846823 0.481727 -0.0296801 -0.996571 -0.0772302 
0.0942214 -0.701228 -0.85437 0.0121524 0.0768981 -0.996965 
0.0250276 -0.199293 -0.391183 0.029056 0.991714 0.125133 
0.178848 -0.727267 -0.855347 0.0121524 0.0768981 -0.996965 
-0.166673 0.216498 0.63836 -0.012154 -0.0768973 0.996965 
0.035438 -0.817965 -0.00986353 -0.0296801 -0.996571 -0.0772302 
-0.255901 0.173993 0.633994 -0.012154 -0.0768973 0.996965 
0.169096 -0.142994 0.0754452 0.0153481 0.186253 -0.982382 
-0.596434 -0.427819 0.362075 -0.999485 0.0305298 -0.00983068 
0.0726835 -0.76778 -0.671768 -0.0296787 -0.996571 -0.077229 
0.309043 -0.169803 -0.796658 0.0295794 0.759021 -0.650394 
0.549903 0.294762 0.191247 0.153775 0.366953 -0.917441 
0.0464705 -0.753876 -0.841113 -0.0296782 -0.996569 -0.0772654 
-0.227295 -0.170296 -0.511278 0.0794171 0.993815 0.0776207 
-0.6992 0.154919 -0.486275 -0.749608 0.660561 0.041812 
-0.680438 0.138425 0.0235687 -0.560463 0.826223 0.056896 
0.0380591 -0.669376 -0.852598 0.0121524 0.0768981 -0.996965 
0.561326 0.33116 0.207639 0.0171562 0.25015 -0.968055 
-0.159658 0.431466 0.220826 0.0194173 0.332124 -0.943036 
-0.101071 -0.751918 -0.809678 -0.0296787 -0.996571 -0.077229 
0.250455 -0.466878 0.590735 -0.012154 -0.0768973 0.996965 
0.145336 -0.279998 0.603868 -0.012154 -0.0768973 0.996965 
0.469495 0.376876 0.212786 0.0183919 0.374449 -0.927065 
-0.0865814 -0.532842 0.581539 -0.0121537 -0.0768963 0.996965 
-0.603486 -0.74251 0.101844 -0.999485 0.0305298 -0.00983068 
0.46378 0.0172952 0.630681 -0.012154 -0.0768973 0.996965 
-0.407029 0.090302 -0.0285092 0.817239 0.573743 0.0542096 
-0.673928 -0.199978 0.600052 -0.0121432 -0.0768991 0.996965 
0.507305 -0.128586 -0.0888343 -0.999487 0.030493 -0.00983965 
-0.584312 -0.31754 -0.527862 -0.999485 0.0305297 -0.00983066 
0.705575 -0.447349 -0.367016 0.999485 -0.0305298 0.0098307 
0.705269 -0.434329 -0.295408 0.999485 -0.0305298 0.0098307 
0.100731 -0.011196 0.624057 -0.012154 -0.0768973 0.996965 
-0.368787 -0.015642 -0.632142 0.999485 -0.0305556 0.00982093 
0.187876 -0.122449 0.616539 -0.012154 -0.0768973 0.996965 
-0.573518 -0.740287 -0.809678 -0.990761 -0.133766 -0.0223364 
0.689177 -0.701228 0.511799 0.999485 -0.0305297 0.00983066 
0.491316 -0.199978 -0.805439 0.270452 0.0663757 -0.960443 
0.373708 -0.224142 -0.814165 0.0121511 0.0768875 -0.996966 
-0.0880513 -0.349702 -0.826676 0.0040541 -0.183722 -0.98297 
0.696368 -0.558014 0.225371 0.999485 -0.0305297 0.00983066 
0.673588 -0.843093 0.0691369 -0.029709 -0.996571 -0.0772305 
-0.221172 0.289791 0.538481 0.0296813 0.996571 0.0772315 
0.0570121 0.451316 0.237009 0.0287949 0.719048 -0.694363 
-0.115603 -0.810446 -0.0488408 -0.0296787 -0.996571 -0.077229 
0.87539 0.00482297 0.166783 0.916221 0.398475 0.0419067 
0.696503 -0.730809 -0.324978 0.999485 -0.0305297 0.00983066 
0.420043 -0.463963 0.593028 -0.012154 -0.0768973 0.996965 
0.702421 -0.525465 -0.288899 0.999485 -0.0305298 0.0098307 
-0.586249 -0.418746 -0.6452 -0.999485 0.0305297 -0.00983066 
-0.734349 -0.0780472 -0.134988 -0.916202 -0.398519 -0.0419091 
-0.140129 0.344923 0.192822 0.0188586 0.311543 -0.950045 
-0.0555026 -0.733777 -0.858706 0.0121524 0.0768981 -0.996965 
0.647549 -0.785311 -0.666464 -0.0296801 -0.996571 -0.0772302 
0.717004 0.159689 -0.270217 0.00832062 0.996996 0.0770038 
-0.308228 -0.168386 -0.452925 0.0794171 0.993815 0.0776207 
0.513168 -0.0213326 -0.352014 -0.999487 0.030493 -0.00983965 
-0.717454 -0.0942566 -0.266713 -0.787614 -0.613534 -0.0569272 
0.853569 0.041598 0.224362 0.787238 0.614013 0.0569585 
0.882111 -0.0686571 -0.617182 0.941037 -0.337989 -0.0145972 
0.13328 -0.156104 -0.75109 0.0296806 0.996571 0.0772418 
0.884476 -0.0697837 -0.438623 0.941037 -0.337989 -0.0145972 
0.165828 0.164567 0.638408 -0.012154 -0.0768973 0.996965 
0.549903 0.125509 0.640077 -0.0121419 -0.0768869 0.996966 
-0.633183 -0.16964 -0.152283 -0.391272 -0.917171 -0.0755162 
0.193555 0.436691 0.436383 0.0123927 0.65034 0.759542 
-0.285631 0.289409 0.568186 0.0296813 0.996571 0.0772315 
0.155262 -0.775056 0.565805 -0.0121537 -0.0768963 0.996965 
-0.485145 0.164589 -0.0936066 0.425143 0.902033 0.0747607 
0.488391 0.0727908 0.135234 0.192057 0.171773 -0.966234 
-0.654399 0.18595 -0.419094 -0.452026 0.889769 0.0631178 
0.191867 0.276025 0.557367 0.0296814 0.996571 0.0772317 
-0.556753 0.22927 -0.679483 0.0510514 0.995691 0.0774215 
0.526889 0.0267268 -0.0457635 -0.915139 0.402646 0.0199064 
0.569432 -0.833433 -0.0154897 -0.0296801 -0.996571 -0.0772302 
0.703285 -0.396794 0.0228138 0.999485 -0.0305298 0.0098307 
0.654059 -0.577543 -0.838005 0.0121491 0.0768946 -0.996965 
0.735696 -0.192623 -0.478162 0.0904013 -0.99304 -0.075494 
-0.159658 -0.174766 -0.523249 0.0794207 0.993814 0.0776243 
0.688425 -0.746796 0.446702 0.999485 -0.0305297 0.00983066 
0.739742 0.133627 0.0273106 0.149337 0.985717 0.0778506 
0.530374 -0.831423 0.566029 -0.0121571 -0.0768989 0.996965 
-0.756745 -0.0467166 0.2631 -0.987264 -0.157247 -0.0241654 
0.395893 -0.297736 0.605555 -0.012154 -0.0768973 0.996965 
-0.588381 -0.294105 -0.0414233 -0.999485 0.0305297 -0.00983066 
-0.0555026 -0.79212 -0.308428 -0.0296787 -0.996571 -0.077229 
0.794721 0.072414 0.506964 0.504131 0.860577 0.0725233 
-0.193476 0.173924 0.143197 0.0171587 0.25015 -0.968055 
0.692169 -0.779345 -0.0350189 0.999485 -0.0305297 0.00983066 
-0.594307 -0.772009 -0.360891 -0.0296561 -0.996572 -0.07723 
0.662255 0.147128 -0.175142 -0.247608 0.966218 0.0715107 
0.710301 -0.303428 -0.400489 0.999485 -0.0305298 0.0098307 
-0.0815416 -0.850872 0.459721 -0.0296801 -0.996571 -0.0772302 
0.685399 -0.829087 0.498811 0.999485 -0.0305297 0.00983066 
-0.348353 -0.387293 -0.835551 0.0121524 0.0768981 -0.996965 
0.628865 0.239337 0.649818 -0.0121571 -0.0769029 0.996964 
0.886191 -0.0307252 0.0821564 0.987264 0.157244 0.0241653 
-0.37448 0.0560299 -0.438623 0.974527 0.222382 0.0290259 
-0.73701 -0.0632739 -0.217292 -0.916222 -0.398475 -0.0419067 
0.116747 0.458261 0.249916 0.0318116 0.982505 -0.183499 
-0.586223 -0.460368 -0.777129 -0.999485 0.0305297 -0.00983066 
0.247407 -0.213571 -0.0534194 0.029681 0.996571 0.0772294 
0.0234354 -0.780951 -0.482885 -0.0296787 -0.996571 -0.077229 
0.701596 -0.395271 0.199332 0.999485 -0.0305298 0.0098307 
-0.550243 0.307531 0.446702 0.0348289 0.996401 0.0772806 
-0.478375 -0.796979 -0.838407 0.00710945 -0.0879998 -0.996095 
0.582452 0.158057 0.160056 0.0776908 0.146799 -0.986111 
0.693383 -0.701628 0.0828834 0.999485 -0.0305297 0.00983066 
-0.0359734 0.164161 0.140744 -0.00176534 0.240189 -0.970725 
-0.401379 -0.785855 -0.25635 -0.0296787 -0.996571 -0.077229 
0.853043 -0.0359545 0.631318 -0.0121339 -0.0769014 0.996965 
-0.584342 -0.252056 -0.321447 -0.999485 0.0305297 -0.00983066 
-0.595733 -0.369232 0.472741 -0.999485 0.0305298 -0.00983068 
0.404032 -0.136497 0.0803473 0.0153481 0.186253 -0.982382 
0.880435 -0.10508 0.163852 0.976123 -0.217163 -0.00484972 
0.156587 0.207987 0.641644 -0.012154 -0.0768973 0.996965 
0.425706 -0.15447 0.0772786 0.0153481 0.186253 -0.982382 
-0.724336 -0.105348 -0.0403267 -0.85882 -0.509851 -0.0497978 
0.146299 -0.65566 -0.850221 0.0121524 0.0768981 -0.996965 
-0.37448 -0.0437447 -0.80937 0.0122929 0.0768965 -0.996963 
0.0681824 0.359859 0.446404 -0.0128727 -0.070647 0.997418 
0.706725 -0.299633 -0.0252029 0.999485 -0.0305298 0.0098307 
0.603667 0.0571511 0.63546 -0.0121422 -0.076898 0.996965 
-0.198717 -0.796431 -0.197762 -0.0296787 -0.996571 -0.077229 
-0.740174 0.0609718 0.0422293 -0.940999 0.338093 0.0146049 
-0.543733 -0.863775 -0.790149 -0.0296776 -0.996572 -0.0772279 
0.548392 -0.898126 -0.766569 -0.0296783 -0.996572 -0.0772223 
0.873848 -0.121862 0.0821564 0.940999 -0.338093 -0.0146038 
-0.0371273 -0.183549 -0.815051 0.0194203 0.33224 -0.942995 
-0.0349166 0.192666 0.147924 0.0180244 0.281194 -0.959482 
0.210974 -0.180923 -0.5188 0.0206868 -0.992005 -0.12449 
-0.356343 -0.151649 -0.63413 -0.229934 0.970535 0.072059 
0.029124 -0.162214 -0.685993 0.029056 0.991714 0.125133 
0.0499492 -0.755255 0.566048 -0.0121537 -0.0768963 0.996965 
-0.589629 -0.226017 0.296978 -0.999485 0.0305297 -0.00983066 
-0.604329 -0.662884 0.434777 -0.999485 0.0305298 -0.00983068 
0.894919 -0.0180673 -0.653444 0.995602 -0.0935585 0.00492193 
-0.586145 -0.199978 0.0235687 -0.999485 0.0305297 -0.00983066 
-0.0985947 -0.185087 -0.453593 0.0794207 0.993814 0.0776243 
-0.590476 -0.581548 -0.721074 -0.999485 0.0305297 -0.00983066 
0.169093 0.0944719 0.124762 0.0158831 0.218075 -0.975803 
-0.641379 0.155763 0.0951759 -0.336104 0.939341 0.0683547 
-0.481093 0.204305 -0.595829 0.424979 0.90211 0.0747695 
0.484806 -0.171074 -0.790149 0.0295792 0.759017 -0.650399 
-0.60016 -0.593982 0.22495 -0.999485 0.0305298 -0.00983068 
-0.0523308 -0.608049 0.576155 -0.0121537 -0.0768963 0.996965 
0.731609 -0.180024 -0.648774 0.0904026 -0.99304 -0.075494 
-0.354951 -0.18606 -0.171723 0.0826815 0.993786 0.074523 
0.46966 -0.769451 -0.802763 -0.0296787 -0.996571 -0.077229 
-0.745736 0.051121 -0.705861 -0.999372 -0.0322425 -0.0146711 
-0.0685221 -0.740287 0.565758 -0.0121537 -0.0768963 0.996965 
-0.397977 0.133867 -0.626048 0.817239 0.573743 0.0542096 
0.764725 -0.16743 0.6201 -0.0122151 -0.0768984 0.996964 
0.269984 -0.681699 -0.850721 0.0121524 0.0768981 -0.996965 
0.805886 0.12469 -0.190952 0.504037 0.860631 0.0725282 
-0.637145 -0.121862 -0.712032 -0.391272 -0.917171 -0.0755162 
0.693117 -0.793227 -0.581837 -0.0296927 -0.996571 -0.0772306 
0.693117 -0.0893129 0.625252 -0.0121422 -0.076898 0.996965 
0.0169817 -0.635363 0.574894 -0.0121537 -0.0768963 0.996965 
0.703461 -0.493822 -0.296357 0.999485 -0.0305298 0.0098307 
0.276494 -0.80907 -0.217292 -0.0296801 -0.996571 -0.0772302 
-0.598328 -0.518846 0.271946 -0.999485 0.0305298 -0.00983068 
0.281714 -0.321535 -0.822798 0.0121543 0.0769021 -0.996965 
0.298922 -0.783701 -0.553265 -0.0296787 -0.996571 -0.077229 
0.715458 0.201341 0.642818 0.999487 -0.0304707 0.00981204 
-0.547809 -0.812934 -0.696519 -0.0168736 -0.239686 0.970704 
0.693117 -0.649777 0.270939 0.999485 -0.0305297 0.00983066 
-0.418615 0.10685 0.626832 -0.012156 -0.076899 0.996965 
0.0282076 -0.789356 -0.376266 -0.0296787 -0.996571 -0.077229 
0.706137 -0.134881 -0.803227 0.0120621 0.0768983 -0.996966 
0.706201 -0.368417 -0.185448 0.999485 -0.0305298 0.0098307 
0.347866 -0.857835 0.384542 -0.0296801 -0.996571 -0.0772302 
0.264701 0.274488 0.549217 0.0296814 0.996571 0.0772317 
-0.595235 -0.452385 0.163967 -0.999485 0.0305298 -0.00983068 
0.810184 -0.108178 0.625225 -0.012137 -0.0768896 0.996966 
-0.571742 -0.767568 -0.725087 -0.990761 -0.133766 -0.0223364 
0.65349 0.149975 -0.243969 -0.247773 0.966176 0.0715009 
0.860051 -0.133326 -0.188305 0.826715 -0.561638 -0.0332427 
0.224416 -0.806509 -0.230311 -0.0296801 -0.996571 -0.0772302 
0.516842 -0.812456 -0.265964 -0.0296801 -0.996571 -0.0772302 
0.704254 -0.359734 0.0394564 0.999485 -0.0305298 0.0098307 
0.309043 -0.714248 -0.852756 0.0121524 0.0768981 -0.996965 
-0.572899 0.474515 0.359428 -0.229893 0.971113 0.0639452 
0.348101 -0.202839 -0.243331 -0.0195242 0.9994 0.0286249 
-0.179188 -0.165146 -0.614386 0.0290541 0.991715 0.125131 
0.560272 -0.983383 0.515927 -0.0168621 -0.239669 0.970708 
0.290216 -0.204634 0.611447 -0.012154 -0.0768973 0.996965 
0.757747 0.151547 0.342546 0.957915 -0.28686 -0.0104935 
-0.37647 -0.788246 0.558305 -0.0121751 -0.0768984 0.996965 
-0.281877 -0.811877 0.0335119 -0.0296787 -0.996571 -0.077229 
0.706137 0.210135 0.648508 -0.0121571 -0.0769029 0.996964 
-0.413538 -0.762345 -0.77062 0.981007 -0.193953 -0.00294643 
0.330788 -0.642582 -0.846963 0.0121525 0.0768982 -0.996965 
-0.140129 -0.226017 0.604551 -0.0121537 -0.0768963 0.996965 
-0.719007 0.122182 -0.366874 -0.826625 0.56177 0.0332528 
0.62151 -0.40829 -0.825348 0.0121491 0.0768946 -0.996965 
-0.59731 -0.546045 0.0840524 -0.999485 0.0305298 -0.00983068 
0.261896 0.289509 0.173271 0.0183171 0.369934 -0.928877 
0.862371 0.109327 -0.627405 0.787234 0.614018 0.0569588 
0.641039 -0.948598 0.386762 0.00710476 -0.0879773 -0.996097 
0.698215 -0.753306 -0.568818 0.999485 -0.0305297 0.00983066 
0.251238 -0.770416 -0.706368 -0.0296787 -0.996571 -0.077229 
0.629995 -0.880019 0.380626 0.00710989 -0.0879836 -0.996097 
-0.616118 0.382559 0.36066 -0.998613 0.0329325 -0.041071 
0.689954 -0.838593 0.00612311 0.999485 -0.0305297 0.00983066 
0.691119 -0.744043 0.181366 0.999485 -0.0305297 0.00983066 
0.556629 0.0893904 -0.30006 -0.781638 0.622543 0.0384941 
-0.679251 0.158057 -0.24984 -0.560463 0.826223 0.056896 
0.226439 -0.162454 -0.704965 0.0296806 0.996571 0.0772418 
0.709946 -0.369232 -0.568818 0.999485 -0.0305298 0.0098307 
-0.0504423 0.063816 0.628 -0.012154 -0.0768973 0.996965 
-0.0828151 -0.120642 0.613378 -0.0121601 -0.0769013 0.996965 
-0.600827 -0.137795 -0.668315 -0.272617 -0.959013 -0.0772951 
0.707142 -0.297178 -0.0599005 0.999485 -0.0305298 0.0098307 
0.886586 -0.0639798 0.159583 0.995602 -0.0935585 0.00492192 
0.871012 -0.102332 -0.412584 0.890938 -0.453484 -0.0241147 
-0.753478 -0.011196 -0.0415287 -0.999372 -0.0322451 -0.0146713 
-0.0707059 0.429929 0.444805 -0.0045993 0.183625 0.982986 
-0.638862 0.135895 0.380572 -0.336003 0.939377 0.0683604 
-0.751535 0.00802574 -0.216108 -0.999372 -0.0322425 -0.0146711 
0.851851 0.0116718 0.560447 0.858824 0.509845 0.0497964 
-0.13362 -0.802405 -0.145684 -0.0296787 -0.996571 -0.077229 
-0.720899 0.143756 -0.795083 -0.891007 0.453348 0.024106 
-0.585535 -0.295868 -0.336178 -0.999485 0.0305297 -0.00983066 
-0.62836 0.214424 -0.646934 -0.336104 0.939341 0.0683547 
-0.0880513 -0.802249 -0.165214 -0.0296787 -0.996571 -0.077229 
0.705798 -0.412657 -0.281925 0.999485 -0.0305298 0.0098307 
-0.369671 0.0294758 -0.481887 0.995235 0.0955374 0.0195066 
-0.257305 0.462641 0.394624 0.0296792 0.996571 0.0772306 
0.514633 -0.105783 -0.763509 -0.999484 0.0305674 -0.00982111 
0.289514 -0.812989 -0.171723 -0.0296801 -0.996571 -0.0772302 
-0.218246 -0.0697836 0.615649 -0.0121537 -0.0768963 0.996965 
-0.405399 -0.801978 -0.0467544 -0.0296787 -0.996571 -0.077229 
0.337539 -0.219442 -0.0123 0.029681 0.996571 0.0772294 
0.328572 -0.284605 0.605747 -0.012154 -0.0768973 0.996965 
-0.179188 -0.0697836 0.0838841 0.0153481 0.186253 -0.982382 
0.689844 -0.798874 0.140744 0.999485 -0.0305297 0.00983066 
-0.530714 0.320801 0.429248 -0.0451015 -0.0758094 0.996102 
0.699687 -0.753306 -0.718542 0.999485 -0.0305297 0.00983066 
0.693271 -0.768449 -0.113269 0.999485 -0.0305297 0.00983066 
0.764725 -0.134881 -0.802512 0.0120808 0.0768949 -0.996966 
-0.332327 -0.16318 -0.494928 0.0794171 0.993815 0.0776207 
0.87405 -0.121862 0.0951759 0.940999 -0.338093 -0.0146038 
-0.303395 -0.174827 -0.375407 0.0794207 0.993814 0.0776243 
0.691266 -0.66217 0.420663 0.999485 -0.0305297 0.00983066 
0.466268 -0.268728 -0.816476 0.0121511 0.0768875 -0.996966 
0.759689 0.144419 -0.172209 0.272359 0.959086 0.0772977 
0.383701 -0.0666789 0.623228 -0.012154 -0.0768973 0.996965 
-0.664008 0.192052 -0.59335 -0.560463 0.826223 0.056896 
-0.169929 -0.748168 -0.831605 -0.0296787 -0.996571 -0.077229 
0.185358 -0.0697836 0.0878749 0.0426406 0.152683 -0.987355 
-0.585708 -0.325995 -0.412219 -0.999485 0.0305297 -0.00983066 
0.888194 -0.054296 0.0182272 0.995602 -0.0935585 0.00492192 
0.59405 -0.376073 0.601928 -0.0121571 -0.0768989 0.996965 
0.219723 -0.861412 0.479946 -0.0296811 -0.996571 -0.0772368 
-0.746634 0.0332283 0.268267 -0.941013 0.338054 0.0146025 
0.348925 -0.771827 -0.725704 -0.0296787 -0.996571 -0.077229 
0.822487 0.125509 -0.340977 0.608684 0.79046 0.06839 
-0.750432 -0.00878724 -0.241623 -0.987264 -0.157247 -0.0241654 
-0.276834 -0.180449 0.606399 -0.0121537 -0.0768963 0.996965 
-0.0231847 -0.465067 -0.837586 0.0121525 0.0768982 -0.996965 
0.0746921 0.132018 0.634786 -0.012154 -0.0768973 0.996965 
0.569432 0.0278625 0.632784 -0.0121422 -0.076898 0.996965 
0.0841142 -0.815869 -0.0556119 -0.0296801 -0.996571 -0.0772302 
0.875184 -0.102886 -0.248036 0.890938 -0.453484 -0.0241147 
-0.0689702 -0.82285 0.0932987 -0.0296801 -0.996571 -0.0772302 
0.0599474 0.432993 0.441669 0.0123516 0.642551 0.766143 
0.0161045 -0.800306 -0.230311 -0.0296787 -0.996571 -0.077229 
0.509672 0.259843 0.644056 0.0296601 0.996574 0.077209 
0.0789604 -0.160469 -0.703722 -0.0206868 0.992005 0.12449 
0.296023 0.276455 0.511799 0.0296814 0.996571 0.0772317 
0.575942 0.242684 0.649431 -0.0121571 -0.0769029 0.996964 
0.689314 -0.720261 0.43875 0.999485 -0.0305297 0.00983066 
0.236532 -0.84819 0.302879 -0.0296801 -0.996571 -0.0772302 
-0.0620124 -0.271586 -0.823135 0.0121543 0.0769021 -0.996965 
-0.135465 0.293617 0.456166 0.0296813 0.996571 0.0772315 
-0.0229539 -0.785017 -0.412584 -0.0296787 -0.996571 -0.077229 
-0.59995 -0.769845 -0.342634 -0.999485 0.0305298 -0.00983068 
0.236912 0.453291 0.325347 0.02968 0.996571 0.0772351 
0.692958 -0.759816 -0.0545481 0.999485 -0.0305297 0.00983066 
0.463714 -0.817784 -0.176795 -0.0296801 -0.996571 -0.0772302 
-0.591927 -0.405169 -0.025743 -0.999485 0.0305297 -0.00983066 
-0.258429 -0.142898 -0.775849 0.0318118 0.982514 -0.183453 
-0.244285 -0.512446 -0.843935 0.0121524 0.0768981 -0.996965 
0.36763 0.0539014 0.632332 -0.012154 -0.0768973 0.996965 
0.703504 -0.407652 -0.0331394 0.999485 -0.0305298 0.0098307 
-0.480554 0.285864 0.639885 -0.0121569 -0.0769025 0.996965 
-0.341931 -0.0828031 0.613137 -0.0121537 -0.0768963 0.996965 
-0.594587 -0.454708 0.0908646 -0.999485 0.0305298 -0.00983068 
-0.136568 -0.763485 -0.646782 -0.0296787 -0.996571 -0.077229 
-0.599907 -0.746788 -0.275359 0.999485 -0.0305298 0.00983068 
0.713134 -0.251717 -0.527908 0.999485 -0.0305298 0.0098307 
-0.166168 0.437976 0.222984 0.0194177 0.33202 -0.943072 
0.018435 0.281726 0.550468 0.0296813 0.996571 0.0772315 
0.88834 -0.058172 -0.0848316 0.995603 -0.0935453 0.00492274 
0.0746921 -0.216012 0.0300785 -0.0195244 0.999399 0.0286251 
0.703631 -0.297617 0.295713 0.999485 -0.0305298 0.0098307 
0.196433 0.458614 0.272215 0.0296792 0.996571 0.0772306 
-0.0164442 -0.811444 -0.0740774 -0.0296787 -0.996571 -0.077229 
0.874384 -0.037235 0.550858 0.959325 0.280332 0.0333073 
-0.0663771 -0.776284 0.563008 -0.0121537 -0.0768963 0.996965 
0.582452 -0.453858 -0.829338 0.0121491 0.0768946 -0.996965 
0.385261 -0.779749 -0.637448 -0.0296788 -0.996572 -0.0772291 
-0.38099 -0.108842 0.610654 -0.0121264 -0.0768971 0.996965 
0.707217 -0.328603 -0.165126 0.999485 -0.0305298 0.0098307 
-0.745535 -0.0893129 0.607716 -0.0121643 -0.0769124 0.996964 
-0.287087 0.380632 0.206193 0.000664978 0.25063 -0.968083 
0.471786 -0.80631 -0.327957 -0.0296801 -0.996571 -0.0772302 
-0.585249 -0.323663 -0.451642 -0.999485 0.0305297 -0.00983066 
-0.591074 -0.330966 0.117923 -0.999485 0.0305297 -0.00983066 
-0.348441 0.34684 0.439741 0.00427233 -0.0773808 0.996993 
-0.546521 0.479074 0.293725 0.0296842 0.996571 0.0772334 
0.536884 -0.360556 -0.822697 0.0121491 0.0768946 -0.996965 
0.878747 -0.115352 0.283958 0.976123 -0.217163 -0.00484972 
-0.62185 -0.212769 0.336036 -0.272501 -0.959045 -0.0772982 
0.350384 -0.820871 -0.0933967 -0.0296801 -0.996571 -0.0772302 
0.667078 -0.844443 0.566691 -0.0121571 -0.0768989 0.996965 
-0.198717 0.366369 0.198691 0.0188586 0.311543 -0.950045 
-0.746549 0.0539014 -0.353996 -0.976124 0.217161 0.00484956 
-0.166799 -0.791798 -0.269813 -0.0296787 -0.996571 -0.077229 
0.369081 -0.856152 0.354669 -0.0296801 -0.996571 -0.0772302 
0.694231 -0.766326 -0.204272 0.999485 -0.0305297 0.00983066 
-0.589345 -0.531741 -0.681318 -0.999485 0.0305297 -0.00983066 
-0.347185 -0.162821 -0.484328 0.0794171 0.993815 0.0776207 
0.705589 -0.434329 -0.327957 0.999485 -0.0305298 0.0098307 
-0.656935 0.132018 0.323017 -0.452026 0.889769 0.0631178 
0.642209 0.137919 -0.127495 -0.370845 0.92628 0.0669231 
0.713979 -0.297306 -0.755492 0.999485 -0.0305298 0.0098307 
-0.313674 -0.757468 -0.656366 -0.0296787 -0.996571 -0.077229 
-0.712986 0.0938167 0.23188 -0.749602 0.660567 0.0418124 
-0.584271 -0.231642 -0.265276 -0.999485 0.0305297 -0.00983066 
-0.028907 -0.182853 -0.50895 0.029056 0.991714 0.125133 
-0.309382 -0.817854 0.121215 -0.0296787 -0.996571 -0.077229 
-0.550243 0.176802 -0.00897997 -0.0509901 -0.995694 -0.0774193 
-0.313675 -0.192507 -0.820104 0.0121543 0.0769021 -0.996965 
-0.3677 0.0509436 -0.687735 0.995211 0.0957813 0.0195183 
-0.387499 -0.330173 -0.831622 0.0121814 0.076896 -0.996965 
-0.0745459 -0.459834 0.587316 -0.0121537 -0.0768963 0.996965 
0.158854 0.192777 0.146588 0.0157164 0.218475 -0.975716 
-0.741736 0.0671149 -0.200623 -0.941013 0.338054 0.0146025 
0.333117 0.382259 0.45141 -0.0128727 -0.070647 0.997418 
-0.439577 0.454877 0.218861 0.0497315 0.331324 -0.942205 
0.36763 -0.759816 0.569569 -0.012154 -0.0768973 0.996965 
-0.262738 -0.819447 0.123842 -0.0296787 -0.996571 -0.077229 
-0.473012 -0.214484 -0.823742 0.0121177 0.0768932 -0.996966 
0.211397 -0.781403 -0.549288 -0.0296787 -0.996571 -0.077229 
0.704572 -0.565227 -0.631092 0.999485 -0.0305298 0.0098307 
-0.205227 -0.658672 0.570387 -0.0121537 -0.0768963 0.996965 
-0.598421 -0.486883 0.380688 -0.999485 0.0305298 -0.00983068 
-0.369331 -0.0694179 -0.744065 0.999485 -0.0305556 0.00982093 
-0.0294637 -0.323663 -0.826756 0.0121543 0.0769021 -0.996965 
-0.601752 -0.616602 0.316507 -0.999485 0.0305298 -0.00983068 
0.384617 -0.344491 0.601811 -0.012154 -0.0768973 0.996965 
0.0587081 -0.155573 -0.745493 0.029056 0.991714 0.125133 
-0.13649 -0.206097 -0.131613 0.030231 0.999118 0.0291509 
0.823105 -0.134881 -0.777129 0.56054 -0.826171 -0.0568894 
0.463937 -0.861599 0.38851 -0.0296801 -0.996571 -0.0772302 
0.0616727 -0.856651 0.47925 -0.0296811 -0.996571 -0.0772368 
-0.680438 -0.111463 -0.51674 -0.608668 -0.790472 -0.0683923 
-0.601782 -0.75865 -0.121558 -0.999485 0.0305298 -0.00983068 
0.0630127 0.235531 0.642628 -0.012154 -0.0768973 0.996965 
-0.732516 0.0808559 -0.0415287 -0.891007 0.453348 0.024106 
0.463379 -0.729383 0.573083 -0.0121238 -0.0768973 0.996965 
-0.239555 -0.776509 -0.439137 -0.0296787 -0.996571 -0.077229 
0.249344 -0.220858 0.039863 0.029681 0.996571 0.0772294 
0.145402 -0.0882377 0.61866 -0.012154 -0.0768973 0.996965 
0.0243719 -0.383962 -0.824091 0.0296792 0.996574 0.0772029 
-0.574375 -0.588616 -0.853835 0.0121557 0.0768998 -0.996965 
0.0493837 -0.833615 0.186722 -0.0296801 -0.996571 -0.0772302 
0.169512 0.189237 0.640356 -0.012154 -0.0768973 0.996965 
0.855996 -0.110692 -0.661801 0.749549 -0.660627 -0.0418164 
0.0217658 -0.152552 -0.760857 0.0290541 0.991715 0.125131 
0.27853 0.137376 0.136132 0.0158832 0.218075 -0.975803 
0.324657 0.0509066 0.117558 0.0158831 0.218075 -0.975803 
-0.425123 -0.43196 -0.839932 0.0122693 0.0769036 -0.996963 
0.210853 0.453273 0.335594 0.02968 0.996571 0.0772351 
0.691982 -0.585189 0.586967 0.999485 -0.0305297 0.00983066 
-0.598875 -0.63207 -0.0240343 -0.999485 0.0305298 -0.00983068 
-0.356104 0.33301 0.4387 0.00420821 -0.0774036 0.996991 
-0.592138 -0.432667 -0.0897466 -0.999485 0.0305297 -0.00983066 
-0.748938 -0.0461139 -0.0533519 -0.959326 -0.280329 -0.033318 
0.694758 -0.505936 0.550858 0.999485 -0.0305297 0.00983066 
-0.453441 0.475926 0.240401 0.0400101 0.982242 -0.183302 
-0.752 0.00833321 0.49878 -0.941013 0.338054 0.0146025 
0.675986 -0.792365 -0.809678 0.981005 -0.19396 -0.00304424 
0.698386 -0.772835 -0.646934 0.999485 -0.0305297 0.00983066 
0.50021 -0.82582 -0.0871264 -0.0296801 -0.996571 -0.0772302 
-0.585057 -0.323663 -0.471171 -0.999485 0.0305297 -0.00983066 
0.0421434 -0.779345 -0.510795 -0.0296787 -0.996571 -0.077229 
-0.00686541 -0.661793 -0.852561 0.0121524 0.0768981 -0.996965 
0.608491 0.392408 0.454922 -0.00405303 0.183609 0.982991 
-0.622516 0.20524 -0.491999 -0.336104 0.939341 0.0683547 
-0.572718 -0.794368 0.555441 -0.0121411 -0.0768959 0.996965 
-0.179188 -0.171172 -0.549288 0.0794171 0.993815 0.0776207 
-0.0500327 -0.203767 -0.264121 0.0794207 0.993814 0.0776242 
-0.0685221 -0.544995 0.580821 -0.0121537 -0.0768963 0.996965 
-0.210181 -0.0704781 0.0832681 0.0153481 0.186253 -0.982382 
0.113531 0.0737669 0.630767 -0.012154 -0.0768973 0.996965 
0.146771 0.029917 0.62779 -0.012154 -0.0768973 0.996965 
0.660235 -0.890909 0.408614 0.981006 -0.193954 -0.00296294 
0.506393 -0.904133 0.384756 -0.990764 -0.133746 -0.0223534 
-0.524507 -0.265241 -0.828284 0.0121487 0.076898 -0.996965 
-0.591437 0.233834 -0.76899 -0.214991 0.973921 0.0725003 
-0.303464 -0.0619548 0.615214 -0.0121537 -0.0768963 0.996965 
-0.37448 -0.15441 -0.817906 0.0122929 0.0768965 -0.996963 
0.443912 -0.122144 0.619684 -0.012154 -0.0768973 0.996965 
-0.601965 -0.759816 -0.106626 -0.999485 0.0305298 -0.00983068 
-0.0236519 -0.62522 0.57518 -0.0121537 -0.0768963 0.996965 
0.413199 0.177586 0.642428 -0.012154 -0.0768973 0.996965 
0.0819787 -0.352724 -0.825409 0.00406029 -0.183615 -0.98299 
0.704643 -0.424903 -0.202531 0.999485 -0.0305298 0.0098307 
0.676467 0.274819 0.195121 0.0171562 0.25015 -0.968055 
-0.741281 0.0724896 -0.295684 -0.941013 0.338054 0.0146025 
-0.244285 -0.603582 -0.850965 0.0121524 0.0768981 -0.996965 
0.38065 -0.818225 -0.139175 -0.0296801 -0.996571 -0.0772302 
-0.199216 -0.158147 0.609066 -0.0121537 -0.0768963 0.996965 
0.800498 -0.111016 0.624889 -0.0121596 -0.0768903 0.996965 
-0.511441 -0.825209 0.553809 -0.0121411 -0.0768959 0.996965 
-0.123494 -0.176688 -0.535653 0.0794207 0.993814 0.0776243 
0.654583 0.172272 -0.541473 -0.247773 0.966176 0.0715009 
0.781556 0.0887098 0.40452 0.391468 0.917088 0.0755086 
-0.381168 0.0592172 -0.253748 0.937343 0.346315 0.0381319 
0.191867 -0.616602 -0.846653 0.0121525 0.0768982 -0.996965 
-0.211736 -0.20569 -0.0545481 0.0329892 0.999103 0.0265421 
-0.370371 0.083367 -0.799516 0.0116409 0.0767912 -0.996979 
0.39728 -0.796085 -0.431259 -0.0296801 -0.996571 -0.0772302 
0.622127 0.0534317 -0.789726 0.0122288 0.0769049 -0.996963 
-0.464725 -0.669191 0.566411 -0.0121482 -0.0768978 0.996965 
0.690316 0.156311 -0.235328 -0.120649 0.989867 0.0748815 
-0.309382 -0.758326 -0.646934 -0.0296787 -0.996571 -0.077229 
-0.367324 0.0423589 -0.664737 0.995211 0.0957813 0.0195183 
-0.348441 -0.166798 -0.432113 0.0794171 0.993815 0.0776207 
0.104471 0.224944 0.642317 -0.012154 -0.0768973 0.996965 
0.337113 -0.115444 0.618899 0.012154 0.0768973 -0.996965 
0.160079 -0.183583 -0.506062 -0.0206868 0.992005 0.12449 
-0.0549113 -0.591187 -0.8477 0.0121524 0.0768981 -0.996965 
-0.250795 -0.170026 -0.490701 0.0794171 0.993815 0.0776207 
-0.608691 -0.820171 0.389839 -0.999485 0.0305298 -0.00983068 
0.562923 0.112704 -0.549288 -0.781638 0.622543 0.0384941 
0.1074 -0.404538 0.5938 -0.0121601 -0.0769013 0.996965 
0.579193 0.438346 0.381387 0.0342028 0.996424 0.0772572 
-0.592684 -0.488247 -0.206831 -0.999485 0.0305297 -0.00983066 
0.270398 -0.217216 0.610235 -0.012154 -0.0768973 0.996965 
-0.743324 0.0748886 -0.644726 -0.976124 0.217161 0.00484955 
0.862371 -0.104307 -0.620896 0.826715 -0.561638 -0.0332427 
0.357681 -0.527757 0.587347 -0.012154 -0.0768973 0.996965 
0.698 -0.498394 0.244634 0.999485 -0.0305297 0.00983066 
0.738686 0.203625 0.182984 0.275352 0.23371 -0.932502 
-0.37448 -0.499426 0.580607 -0.0121264 -0.0768971 0.996965 
-0.580188 0.287707 0.535973 -0.999228 0.0275291 0.0280339 
-0.693681 0.136984 -0.123345 -0.660167 0.749469 0.0497602 
0.12677 -0.850518 0.375095 -0.0296801 -0.996571 -0.0772302 
-0.31677 -0.0461768 0.0934373 -0.0928765 0.188462 -0.977679 
0.284359 -0.325406 0.602061 -0.012154 -0.0768973 0.996965 
0.081234 -0.165988 0.0697129 0.0153481 0.186253 -0.982382 
0.185358 -0.16092 0.613541 -0.012154 -0.0768973 0.996965 
-0.596851 -0.474981 0.258028 -0.999485 0.0305298 -0.00983068 
-0.621255 0.233803 0.366274 -0.998613 0.0329325 -0.041071 
0.704405 -0.447014 -0.247023 0.999485 -0.0305298 0.0098307 
0.889636 -0.0485571 -0.16438 0.995602 -0.0935585 0.00492193 
0.703536 -0.623111 -0.705522 0.999485 -0.0305298 0.0098307 
0.760483 0.218981 0.29386 0.999486 -0.0305337 0.0097832 
0.889699 -0.0285387 -0.129098 0.999372 0.0322434 0.0146712 
0.0187714 -0.833371 0.195333 -0.0296801 -0.996571 -0.0772302 
0.283004 -0.134881 0.078763 0.0153481 0.186253 -0.982382 
0.693117 0.142484 -0.0480384 -0.120649 0.989867 0.0748815 
0.695135 -0.52055 0.467183 0.999485 -0.0305297 0.00983066 
0.445744 0.267063 0.575447 0.0296814 0.996571 0.0772317 
-0.665476 0.193733 -0.632218 -0.560463 0.826223 0.056896 
0.211397 -0.813184 -0.139175 -0.0296801 -0.996571 -0.0772302 
0.152644 0.0895386 0.123392 0.0158831 0.218075 -0.975803 
0.840603 0.0539014 0.270939 0.787234 0.614018 0.0569588 
0.571306 -0.16566 0.61788 -0.0121377 -0.0768959 0.996965 
0.0812019 -0.343193 0.598212 -0.0121601 -0.0769013 0.996965 
-0.433068 0.11651 0.0365882 -0.735805 -0.674442 -0.0609879 
-0.263247 -0.268376 0.599783 -0.0121537 -0.0768963 0.996965 
0.225668 -0.18937 -0.449042 -0.0206924 0.992006 0.124484 
-0.152433 0.0216512 0.104576 0.0171587 0.25015 -0.968055 
0.816802 -0.0893129 -0.798364 0.0121571 0.0768984 -0.996965 
-0.721582 -0.0825826 -0.320913 -0.85882 -0.509851 -0.0497978 
0.692732 -0.79887 -0.15287 0.999485 -0.0305297 0.00983066 
0.643567 0.104121 -0.785554 0.0120531 0.0768922 -0.996967 
0.70074 -0.479897 0.0235687 0.999485 -0.0305297 0.00983066 
-0.594329 -0.639735 -0.510023 -0.999485 0.0305298 -0.00983068 
0.536884 0.0350838 0.134234 -0.860189 0.497338 0.112826 
0.689524 -0.675189 0.557367 0.999485 -0.0305297 0.00983066 
-0.394009 -0.846611 0.524819 -0.0296801 -0.996571 -0.0772302 
-0.604073 -0.179916 -0.129148 -0.149344 -0.985716 -0.0778518 
-0.592613 -0.479206 -0.185916 -0.999485 0.0305297 -0.00983066 
0.335082 -0.66625 -0.848736 0.0121525 0.0768982 -0.996965 
-0.739657 -0.0755494 -0.0427024 -0.916222 -0.398475 -0.0419067 
0.695288 -0.670568 -0.0143671 0.999485 -0.0305297 0.00983066 
-0.252846 0.469808 0.247669 0.0318116 0.982505 -0.183499 
0.566128 0.10234 -0.327844 -0.694482 0.717979 0.0469176 
-0.0217432 -0.77487 -0.543989 -0.0296787 -0.996571 -0.077229 
-0.0700528 -0.562403 0.57946 -0.0121537 -0.0768963 0.996965 
0.101195 -0.750099 0.56707 -0.0121537 -0.0768963 0.996965 
-0.107183 -0.517101 -0.842623 0.0121524 0.0768981 -0.996965 
0.607732 -0.838174 0.0309757 -0.0296801 -0.996571 -0.0772302 
0.135202 0.340504 0.191082 0.0183171 0.369934 -0.928877 
0.230926 -0.531975 0.585476 -0.012154 -0.0768973 0.996965 
0.361106 -0.854601 0.337724 -0.0296801 -0.996571 -0.0772302 
-0.61534 0.210135 0.399387 -0.736637 -0.030418 0.675604 
0.694279 -0.691693 0.0226073 0.999485 -0.0305297 0.00983066 
0.361121 0.266949 0.609445 0.0296814 0.996571 0.0772317 
-0.105847 -0.132713 0.612166 -0.0121601 -0.0769013 0.996965 
0.198377 0.0929599 0.633281 -0.012154 -0.0768973 0.996965 
0.12158 -0.804302 0.563138 -0.0121537 -0.0768963 0.996965 
0.505472 -0.902872 0.418023 -0.990764 -0.133746 -0.0223534 
-0.0493176 -0.150001 -0.764575 0.0290541 0.991715 0.125131 
-0.371881 -0.12647 -0.662085 0.999485 -0.0305556 0.00982093 
-0.348441 -0.191972 -0.100116 0.0826815 0.993786 0.074523 
0.0616727 0.210135 0.640653 -0.012154 -0.0768973 0.996965 
0.0418633 -0.360114 0.596427 -0.0121602 -0.0769013 0.996965 
0.261371 -0.163768 -0.701437 -0.0296806 -0.996571 -0.0772418 
-0.581905 -0.774241 -0.336856 -0.0296479 -0.996572 -0.0772298 
-0.182246 -0.747267 -0.838501 -0.0296787 -0.996571 -0.077229 
0.0358759 -0.210698 -0.152674 0.030231 0.999118 0.0291509 
0.141408 -0.687376 -0.852727 0.0121524 0.0768981 -0.996965 
0.136366 -0.208593 -0.186851 -0.0195244 0.999399 0.0286251 
0.457604 0.103804 0.135867 0.0699583 0.184998 -0.980246 
0.8819 -0.082016 -0.321447 0.941037 -0.337989 -0.0145972 
-0.106282 -0.61822 -0.850412 0.0121524 0.0768981 -0.996965 
0.237436 -0.797312 -0.353996 -0.0296787 -0.996572 -0.077229 
0.632677 0.123077 -0.784224 0.0122288 0.0769049 -0.996963 
0.659999 -0.21299 -0.809813 0.0120531 0.0768922 -0.996967 
0.897105 0.00213199 -0.711605 0.995602 -0.0935585 0.00492192 
0.0226142 -0.16743 -0.806916 0.0295803 0.759041 -0.65037 
-0.736383 0.0713798 -0.00623612 -0.890958 0.453444 0.0241122 
-0.438214 0.116485 0.0950986 0.642497 0.763379 0.0667167 
-0.699967 -0.0762934 -0.702242 -0.787238 -0.614014 -0.0569496 
-0.357234 -0.822254 0.196383 -0.0296787 -0.996571 -0.077229 
-0.409436 0.320417 0.43471 -0.0451015 -0.0758094 0.996102 
0.70234 -0.363173 0.223367 0.999485 -0.0305298 0.0098307 
0.224416 -0.0334783 0.0951759 0.0426406 0.152683 -0.987355 
0.892207 0.0241167 -0.520694 0.987152 0.157937 0.0242058 
0.21283 -0.166789 -0.6438 0.0296806 0.996571 0.0772418 
-0.0359734 -0.265076 0.602808 -0.0121601 -0.0769013 0.996965 
0.484806 -0.720758 -0.851116 0.0121525 0.0768982 -0.996965 
0.872921 -0.143855 0.531563 0.940999 -0.338093 -0.0146038 
0.38065 -0.395271 0.597846 -0.012154 -0.0768973 0.996965 
0.393669 0.00833324 0.113286 0.0699583 0.184998 -0.980246 
0.219262 -0.806597 -0.227205 -0.0296801 -0.996571 -0.0772302 
-0.452597 -0.864471 -0.816188 -0.0296776 -0.996572 -0.0772279 
-0.737578 -0.115352 0.290468 -0.858793 -0.509897 -0.0498001 
0.537011 -0.0917542 0.623162 -0.0121571 -0.0768989 0.996965 
0.210349 -0.798857 -0.323656 -0.0296787 -0.996572 -0.077229 
-0.328912 -0.642641 0.570115 -0.0121537 -0.0768963 0.996965 
0.53857 0.0745399 -0.499354 -0.855524 0.516924 0.0294513 
0.544253 -0.0956527 0.62295 -0.0121571 -0.0768989 0.996965 
0.693699 -0.785855 -0.210782 -0.999485 0.0305297 -0.00983066 
-0.596911 -0.415317 0.449438 -0.999485 0.0305298 -0.00983068 
-0.350239 -0.765769 -0.535191 -0.0296787 -0.996571 -0.077229 
0.178848 0.372879 0.204836 0.0183171 0.369934 -0.928877 
0.264145 0.141018 0.63779 -0.012154 -0.0768973 0.996965 
0.231341 -0.829356 0.0618349 -0.0296801 -0.996571 -0.0772302 
0.517126 0.00506269 -0.672334 -0.999487 0.030493 -0.00983965 
-0.504675 0.463555 0.218861 -0.0517685 -0.758108 0.650071 
0.703496 -0.557738 -0.498405 0.999485 -0.0305298 0.0098307 
-0.498165 0.223155 0.634833 -0.0121569 -0.0769025 0.996965 
0.309923 -0.828376 0.018984 -0.0296801 -0.996571 -0.0772302 
0.791125 0.0645315 0.6255 0.504131 0.860577 0.0725233 
0.607971 0.152285 -0.559225 -0.487434 0.87101 0.0612396 
-0.59033 -0.379958 -0.109882 -0.999485 0.0305297 -0.00983066 
0.816064 -0.180449 -0.184743 0.560539 -0.826171 -0.0568894 
-0.0880513 0.458104 0.388114 0.02968 0.996571 0.0772351 
-0.57985 0.198273 -0.281921 -0.0903312 0.993046 0.0754965 
0.107241 0.168021 0.140744 -0.0397753 0.219825 -0.974728 
-0.235772 -0.408883 -0.835844 0.0121525 0.0768982 -0.996965 
0.705498 -0.460368 -0.399564 0.999485 -0.0305298 0.0098307 
0.688664 -0.701228 0.563877 0.999485 -0.0305297 0.00983066 
-0.134018 -0.781331 -0.417467 -0.0296787 -0.996571 -0.077229 
0.440902 -0.616925 -0.843642 0.0121525 0.0768982 -0.996965 
0.595471 0.268545 0.49878 0.029679 0.996571 0.0772317 
-0.36146 -0.211986 0.602936 -0.0121264 -0.0768971 0.996965 
-0.525424 0.476285 0.321607 0.0296842 0.996571 0.0772334 
-0.172678 0.444486 0.435684 0.0123927 0.65034 0.759542 
0.12026 -0.799876 -0.275879 -0.0296787 -0.996571 -0.077229 
-0.15688 -0.319164 -0.827962 0.0121543 0.0769021 -0.996965 
-0.587803 -0.401121 -0.432513 -0.999485 0.0305297 -0.00983066 
0.815623 0.0816505 0.227022 0.608611 0.790516 0.0683949 
0.750763 0.242345 0.428788 0.69746 -0.0760341 0.712579 
0.542756 -0.260176 0.610242 -0.0121571 -0.0768989 0.996965 
-0.280155 -0.00973689 0.0975244 -0.0905176 0.251986 -0.963488 
0.029124 -0.0828031 0.0837102 -0.0138386 0.154409 -0.98791 
-0.0229539 -0.848077 0.401134 -0.0296801 -0.996571 -0.0772302 
0.496594 -0.79708 -0.456583 -0.0296801 -0.996571 -0.0772302 
0.513921 -0.02522 -0.440622 -0.999487 0.030493 -0.00983965 
-0.433068 -0.0697836 0.613031 -0.012156 -0.076899 0.996965 
-0.36797 -0.205292 0.0496077 -0.220692 0.972622 0.0728094 
-0.24745 -0.324245 0.595667 -0.0121537 -0.0768963 0.996965 
-0.755036 -0.0035307 0.117753 -0.995601 0.0935616 -0.00492151 
0.392173 -0.782597 -0.603349 -0.0296787 -0.996572 -0.077229 
0.702194 -0.529665 -0.278845 0.999485 -0.0305298 0.0098307 
0.165828 -0.831502 0.114705 -0.0296801 -0.996571 -0.0772302 
0.61808 -0.828672 -0.0956099 -0.0296801 -0.996571 -0.0772302 
0.274572 -0.159897 0.0738883 0.0153481 0.186253 -0.982382 
-0.749528 -0.0105847 -0.266861 -0.987264 -0.157247 -0.0241654 
-0.185461 -0.699082 0.567511 -0.0121537 -0.0768963 0.996965 
