ply
format ascii 1.0
comment VCGLIB generated
element vertex 2000
property float x
property float y
property float z
property float nx
property float ny
property float nz
element face 0
property list uchar int vertex_indices
end_header
-0.125826 -1.0 0.314841 -0.0 -1.0 -0.0 
0.260351 0.0755313 0.250438 -0.0 -1.0 -0.0 
0.275569 0.608248 0.282395 -0.12968 0.0719795 -0.98894 
-0.300633 0.0957791 -0.195764 -0.991493 3.43635e-05 0.130161 
-0.252371 -0.989005 0.172327 -0.991514 -0.0 0.130001 
0.0117624 -1.0 -0.172551 -0.0 -1.0 0.0 
0.211564 -0.919233 0.0770439 -0.0 1.0 -0.0 
-0.300421 -0.915709 -0.194154 -0.991516 -0.0 0.129982 
0.124517 0.16818 0.347062 0.129999 -0.0 0.991514 
-0.225173 0.771547 0.37976 -0.991518 0.0 0.129968 
0.294663 -0.981676 0.164997 0.991514 -0.0 -0.130001 
-0.0954031 -1.0 -0.0182432 -0.0 -1.0 0.0 
-0.175218 0.453214 0.386361 0.129999 -0.0 0.991514 
-0.00463447 -0.75087 0.0487199 -0.000618637 0.0 1.0 
-0.183359 -1.0 0.267612 0.0 -1.0 0.0 
0.0968988 -0.193351 -0.236892 -0.0 -1.0 -0.0 
0.275443 0.139757 0.018405 0.991514 -1.21877e-05 -0.130003 
0.0456868 0.0667634 -0.249841 -0.129999 0.0 -0.991514 
-0.12374 0.0755315 0.249385 0.0 -1.0 0.0 
0.130316 -0.578203 -0.253532 -0.130003 0.0 -0.991514 
0.245447 0.0755315 0.330193 0.0 -1.0 0.0 
-0.25137 -1.0 -0.0672951 -0.0 -1.0 -0.0 
-0.0734142 -1.0 0.230964 0.0 -1.0 0.0 
0.0460043 0.163643 0.0218136 -0.0 1.0 0.0 
0.2224 0.1563 -0.00519182 0.0 1.0 0.0 
0.259051 0.147 0.329423 0.129999 -0.0 0.991514 
0.212441 -0.717809 -0.205058 0.130003 -0.0 0.991514 
0.184941 0.163643 0.059022 -0.0 1.0 0.0 
-0.0669031 0.0755315 0.246708 0.0 -1.0 0.0 
0.0511894 0.205723 0.356676 0.129999 -0.0 0.991514 
-0.187991 -1.0 -0.065136 0.0 -1.0 0.0 
0.082781 -0.919233 0.25971 -0.0 1.0 -0.0 
0.0622654 0.228623 0.355224 0.129999 -0.0 0.991514 
-0.133998 0.300545 0.380957 0.129999 -0.0 0.991514 
-0.0210102 -1.0 0.199749 0.0 -1.0 0.0 
0.134855 0.0997324 -0.258651 -0.124537 0.286924 -0.949824 
0.185584 -1.0 0.00894504 -0.0 -1.0 0.0 
-0.0182037 -0.193351 -0.205766 -0.0 -1.0 -0.0 
-0.0450608 0.0660061 -0.0304563 -0.865709 0.0 -0.500548 
0.236307 0.1563 -0.0191379 -0.0 1.0 0.0 
0.16583 0.163643 0.0739651 -0.0 1.0 -0.0 
-0.0361236 -0.919233 0.279757 0.0 1.0 0.0 
-0.0319707 -1.0 -0.118322 -0.0 -1.0 0.0 
0.143759 0.163643 -0.0728148 -0.0 1.0 0.0 
0.0655193 0.0755315 0.0703616 0.0 -1.0 0.0 
0.131607 -1.0 -0.0658677 -0.0 -1.0 0.0 
-0.183546 0.868523 0.370022 0.0 1.0 0.0 
0.20728 0.0755314 0.0700218 -0.0 -1.0 -0.0 
-0.239203 0.1563 -0.0397284 -0.0 1.0 -0.0 
-0.205347 -0.967017 -0.209521 -0.130003 0.0 -0.991514 
0.21008 0.163643 0.0251443 -0.0 1.0 -0.0 
-0.036323 0.641617 0.318292 -0.129667 0.0719731 -0.988942 
-0.207892 0.843401 0.362897 -0.12965 0.0719789 -0.988944 
-0.000117955 0.66749 0.363404 0.129999 -0.0 0.991514 
0.199379 0.0755315 0.244417 0.0 -1.0 0.0 
0.252378 -0.952357 -0.157506 0.991514 0.0 -0.130001 
0.00373249 0.0755315 0.295932 0.0 -1.0 0.0 
-0.0147772 -0.204736 0.0472333 -0.25928 -0.0 0.965802 
-0.108289 -0.0635565 -0.229653 -0.129999 0.0 -0.991514 
0.0640481 -1.0 0.143277 0.0 -1.0 0.0 
0.266389 -0.919233 0.176205 0.0 1.0 0.0 
-0.0700312 -0.590879 -0.227263 -0.130003 0.0 -0.991514 
0.0658487 -0.462233 -0.186825 0.0 -1.0 -0.0 
0.0484439 0.0444717 -0.00358392 1.0 0.0 0.000618637 
0.0259543 -1.0 0.0263607 -0.0 -1.0 0.0 
0.134456 -0.919233 0.205908 -0.0 1.0 -0.0 
-0.271314 -0.666502 -0.200872 -0.130003 0.0 -0.991514 
0.0666192 -1.0 0.27771 0.0 -1.0 0.0 
0.0475523 0.809649 0.319525 -0.129662 0.0719796 -0.988942 
-0.147343 -0.919233 0.0695075 0.0 1.0 0.0 
-0.0305879 -0.541898 0.0403938 -0.500548 -0.0 0.865709 
0.197782 -0.168087 -0.203135 0.130003 -0.0 0.991514 
0.282282 0.792954 0.294958 -0.12968 0.0719796 -0.98894 
0.237964 0.0444717 -0.26745 0.991516 -0.0 -0.129983 
0.254176 -0.919233 -0.0612484 0.0 1.0 0.0 
0.271078 0.388964 0.327846 0.129999 -0.0 0.991514 
0.129283 -0.160758 -0.194154 0.130003 -0.0 0.991514 
0.0412261 0.163643 -0.0930264 -0.0 1.0 0.0 
0.0490876 0.539816 0.299685 -0.129667 0.0719731 -0.988942 
0.0743565 -1.0 0.153857 -0.0 -1.0 -0.0 
0.0676327 0.387294 0.354521 0.129999 -0.0 0.991514 
0.22006 -1.0 0.105361 0.0 -1.0 0.0 
-0.0660846 -0.732469 -0.227781 -0.130003 0.0 -0.991514 
-0.171076 -0.462233 -0.183742 -0.0 1.0 0.0 
0.270993 0.0755314 -0.0146988 0.0 -1.0 0.0 
-0.0807438 -0.644513 -0.225859 -0.130003 0.0 -0.991514 
0.168463 -0.0361542 -0.199291 0.130003 -0.0 0.991514 
0.0244468 0.0755315 -0.0587845 0.0 -1.0 0.0 
-0.131889 0.853043 0.38068 0.129999 -0.0 0.991514 
0.2699 -1.0 0.228114 0.0 -1.0 0.0 
0.0628446 -0.957604 0.30331 0.130003 -0.0 0.991514 
-0.166025 0.255432 0.385156 0.129999 -0.0 0.991514 
0.128977 -1.0 -0.118945 0.0 -1.0 0.0 
-0.241996 0.155225 -0.142847 -0.0269235 0.978325 -0.205318 
0.129915 -0.975503 -0.253479 0.130003 -0.0 0.991514 
0.0486511 0.754266 0.31535 -0.129662 0.0719796 -0.988942 
-0.0294365 0.163643 -0.128188 -0.0 1.0 0.0 
0.173274 -0.864923 -0.259164 -0.130003 0.0 -0.991514 
0.126956 0.163643 -0.111115 -0.0 1.0 -0.0 
0.0365302 0.47692 0.358599 0.129999 -0.0 0.991514 
-0.0166506 0.156975 0.184388 -0.0111178 0.996336 -0.0847962 
0.0287147 0.0755314 -0.0614672 0.0 -1.0 0.0 
-0.0403683 -1.0 0.293922 -0.0 -1.0 -0.0 
0.00791312 0.0371421 0.0477235 0.258337 -0.0 0.966055 
-0.0436465 -0.879061 -0.0329024 -0.865709 0.0 -0.500548 
-0.0807438 -1.0 0.230964 0.0 -1.0 0.0 
0.263749 0.86539 0.328807 0.129999 -0.0 0.991514 
0.183123 0.66749 0.291403 -0.129662 0.0719796 -0.988942 
0.0885398 0.825364 0.351779 0.129999 -0.0 0.991514 
-0.0744798 -0.525334 -0.22668 -0.130003 0.0 -0.991514 
0.1567 0.454931 0.289601 -0.129913 0.0371187 -0.99083 
0.12714 0.558058 0.346718 0.129999 -0.0 0.991514 
0.263749 -1.0 0.10636 -0.0 -1.0 0.0 
0.0292005 0.195712 0.252953 -0.0979714 0.657298 -0.747236 
-0.0473303 0.0755315 0.234161 0.0 -1.0 0.0 
0.313884 0.205723 0.31159 0.991513 -1.26421e-06 -0.130008 
-0.15404 0.163643 -0.0255728 -0.0 1.0 0.0 
-0.0505715 -0.83628 -0.019764 -0.965802 -0.0 -0.25928 
0.207817 -1.0 0.0918904 0.0 -1.0 0.0 
-0.170663 -1.0 -0.00774 -0.0 -1.0 -0.0 
0.0650535 -0.919233 0.0684811 -0.0 1.0 -0.0 
-0.058755 0.0371421 -0.169499 0.130003 -0.0 0.991514 
0.2271 -0.747128 -0.266222 -0.130003 0.0 -0.991514 
-0.120278 0.425515 0.324143 -0.129749 0.0620277 -0.989605 
0.175534 0.15347 -0.221268 -0.0632968 0.873466 -0.482753 
0.193354 0.0755314 -0.143717 -0.0 -1.0 -0.0 
0.262148 0.0808718 -0.0829939 0.991514 -1.86759e-05 -0.130001 
-0.15404 0.498908 0.383584 0.129999 -0.0 0.991514 
-0.0147772 0.163643 -0.113528 -0.0 1.0 0.0 
0.152055 -1.0 0.030627 0.0 -1.0 0.0 
0.0346881 0.0755315 0.266764 0.0 -1.0 0.0 
0.148142 -1.0 -0.00928898 -0.0 -1.0 0.0 
0.0134366 -1.0 0.254219 -0.0 -1.0 -0.0 
0.133641 -0.959225 0.294027 0.130003 -0.0 0.991514 
-0.024795 -0.817801 -0.233194 -0.130003 0.0 -0.991514 
0.139145 -0.0581431 -0.262094 -0.129999 0.0 -0.991514 
0.0597189 -0.936976 -0.244276 0.130003 -0.0 0.991514 
-0.14357 -0.919233 0.249266 -0.0 1.0 -0.0 
-0.266898 0.153896 0.06153 -0.991513 1.12556e-05 0.130004 
0.175793 0.557545 0.34034 0.129999 -0.0 0.991514 
0.2271 0.86539 0.300041 -0.129662 0.0719796 -0.988942 
0.183123 -1.0 0.172327 -0.0 -1.0 0.0 
-0.0673637 0.150535 -0.194729 -0.0632968 0.873466 -0.482753 
0.175793 0.0737902 -0.200252 0.130003 -0.0 0.991514 
0.126409 -0.141973 -0.260424 -0.129999 0.0 -0.991514 
0.0878376 0.330327 0.286166 -0.128314 0.160497 -0.978661 
0.0658487 0.103109 -0.248583 -0.124537 0.286924 -0.949824 
-0.16137 -0.153428 -0.156045 0.130003 -0.0 0.991514 
-0.210894 0.152 -0.17326 -0.0632968 0.873466 -0.482753 
0.298267 0.146066 0.192477 0.991513 -1.53317e-05 -0.130005 
-0.136717 0.0755314 0.0185221 -0.0 -1.0 -0.0 
-0.219194 0.168169 0.250278 -0.0523777 0.915245 -0.399478 
-0.208904 -0.676309 -0.149813 0.130003 -0.0 0.991514 
0.14116 0.352316 0.282271 -0.128791 0.135994 -0.982303 
-0.00744758 0.748116 0.364364 0.129999 -0.0 0.991514 
0.238598 -0.151576 -0.262616 0.991516 -0.0 -0.129983 
0.222458 0.163643 0.116118 -0.0 1.0 0.0 
-0.0405261 -0.593086 -0.231132 -0.130003 0.0 -0.991514 
0.0153295 0.618911 0.361378 0.129999 -0.0 0.991514 
0.24373 -0.959687 -0.223473 0.991516 -0.0 -0.129983 
0.216757 0.163643 0.0288906 -0.0 1.0 0.0 
-0.055928 0.0755314 0.0855552 -0.0 -1.0 0.0 
0.0916465 -1.0 0.212032 -0.0 -1.0 -0.0 
-0.0803908 0.163643 0.181347 -0.0 1.0 0.0 
-0.293687 0.140675 -0.169564 -0.0760908 0.81075 -0.580426 
0.102571 -0.886752 -0.190652 -0.130003 0.0 -0.991514 
-0.16818 -0.015557 -0.2218 -0.129999 0.0 -0.991514 
-0.122019 -0.462233 -0.219919 0.0 1.0 0.0 
-0.0147772 -0.11678 -0.241913 -0.129999 0.0 -0.991514 
0.17955 0.451357 0.339847 0.129999 -0.0 0.991514 
0.298546 0.868523 0.301175 -0.0 1.0 -0.0 
-0.291649 -0.959616 -0.127242 -0.991514 -0.0 0.130001 
-0.168699 -1.0 0.11369 0.0 -1.0 0.0 
-0.239338 0.0755315 -0.023819 -0.0 -1.0 -0.0 
-0.20034 0.16104 -0.152213 -0.0322527 0.968735 -0.245993 
-0.101872 -0.488099 -0.223089 -0.130003 0.0 -0.991514 
0.0878376 0.176405 0.351871 0.129999 -0.0 0.991514 
-0.0374939 -0.480861 -0.231529 -0.130003 0.0 -0.991514 
0.190452 0.47692 0.338418 0.129999 -0.0 0.991514 
-0.0977175 -0.919233 0.308621 -0.0 1.0 -0.0 
0.241139 0.1563 -0.126572 -0.0 1.0 0.0 
-0.237842 0.160927 0.283131 -0.991513 5.29878e-06 0.130007 
-0.102733 0.652831 0.327816 -0.129667 0.0719731 -0.988942 
-0.195605 0.0755315 0.0396019 -0.0 -1.0 -0.0 
0.294102 0.868523 0.30866 -0.0 1.0 0.0 
0.0585191 0.506238 0.3038 -0.129993 0.0123728 -0.991438 
0.0240391 0.0755314 0.149789 0.0 -1.0 0.0 
0.0148124 0.197328 0.256261 -0.0979714 0.657298 -0.747236 
0.0383527 0.784764 0.31892 -0.129662 0.0719796 -0.988942 
-0.0734142 0.689479 0.326639 -0.129667 0.0719731 -0.988942 
-0.0536214 -0.914729 -0.229415 -0.130003 0.0 -0.991514 
-0.278805 -0.928734 -0.0292788 -0.991514 0.0 0.130001 
-0.0294365 -0.431954 0.0410596 -0.500548 -0.0 0.865709 
0.190452 0.205723 0.338418 0.129999 -0.0 0.991514 
0.140929 -0.919233 0.126267 0.0 1.0 0.0 
0.106615 -0.919233 0.0859789 -0.0 1.0 0.0 
-0.146417 -0.625188 -0.217248 -0.130003 0.0 -0.991514 
-0.16137 -0.681161 -0.215287 -0.130003 0.0 -0.991514 
0.0916711 -0.674231 -0.248465 -0.130003 0.0 -0.991514 
-0.075867 -1.0 -0.113008 0.0 -1.0 0.0 
0.0128621 -0.783776 -0.238132 -0.130003 0.0 -0.991514 
-0.205347 0.1563 0.194316 -0.0 1.0 0.0 
0.0640302 0.163643 0.161123 -0.0 1.0 0.0 
0.156054 0.0755314 0.00927508 0.0 -1.0 0.0 
0.0585191 -0.0288246 -0.251523 -0.129999 0.0 -0.991514 
0.260922 0.0755314 0.0426509 -0.0 -1.0 -0.0 
0.2271 0.178902 0.208975 -0.0769912 0.805759 -0.587218 
0.258587 0.0755314 0.0476872 0.0 -1.0 0.0 
-0.198018 0.1563 0.194316 -0.0 1.0 0.0 
0.239598 -0.919233 -0.0793248 0.0 1.0 0.0 
0.163346 0.131313 0.341971 0.129999 -0.0 0.991514 
-0.183359 -0.937698 0.335591 0.130003 -0.0 0.991514 
-0.00744758 0.410953 0.364364 0.129999 -0.0 0.991514 
-0.271314 -0.462233 -0.179495 0.0 -1.0 -0.0 
-0.241374 0.1563 -0.0310313 -0.0 1.0 0.0 
0.153804 -1.0 0.135679 -0.0 -1.0 0.0 
-0.0308095 0.595077 0.314182 -0.129667 0.0719731 -0.988942 
0.274591 -1.0 0.141339 0.0 -1.0 0.0 
0.285737 0.447601 0.325925 0.129999 -0.0 0.991514 
0.102497 -1.0 -0.040232 -0.0 -1.0 0.0 
0.120111 0.10895 0.34764 0.129999 -0.0 0.991514 
0.161134 0.608853 0.290018 -0.129662 0.0719796 -0.988942 
0.00254519 0.486064 0.310887 -0.129989 0.0124417 -0.991437 
0.211616 0.366975 0.274942 -0.129191 0.111342 -0.985349 
-0.278644 0.155644 -0.135517 -0.00902744 0.997587 -0.0688431 
-0.190103 -1.0 -0.0789685 0.0 -1.0 0.0 
0.0479135 -0.666502 -0.0109135 0.966045 0.0 -0.258375 
0.0303218 -0.919233 -0.0474333 0.0 1.0 0.0 
0.243601 -0.863985 -0.224455 0.991516 -0.0 -0.129983 
0.245064 -0.52513 -0.213294 0.991516 0.0 -0.129983 
0.124822 -0.919233 -0.0456429 -0.0 1.0 -0.0 
0.245614 -0.945771 -0.209099 0.991514 0.0 -0.130001 
-0.124287 0.163643 0.0221615 -0.0 1.0 0.0 
0.249089 0.0884494 0.33073 0.129999 -0.0 0.991514 
-0.075403 0.515606 0.373274 0.129999 -0.0 0.991514 
-0.122275 0.696808 0.333579 -0.129667 0.0719731 -0.988942 
-0.15404 0.00782356 -0.223654 -0.129999 0.0 -0.991514 
0.180716 -0.919233 0.0195739 0.0 1.0 0.0 
0.0237709 0.163643 0.104759 -0.0 1.0 0.0 
-0.182948 0.0755315 0.115039 -0.0 -1.0 -0.0 
0.212375 -1.0 -0.183734 -0.0 -1.0 0.0 
-0.132051 -0.0141653 -0.226537 -0.129999 0.0 -0.991514 
-0.0989419 -0.747128 -0.223473 -0.130003 0.0 -0.991514 
-0.162059 -1.0 0.277398 0.0 -1.0 0.0 
-0.0367661 0.163643 -0.120858 -0.0 1.0 0.0 
-0.138755 0.163643 -0.0591353 -0.0 1.0 0.0 
0.171547 -1.0 0.0187336 -0.0 -1.0 0.0 
0.290918 0.30465 0.325245 0.129999 -0.0 0.991514 
-0.251873 0.1563 0.00934779 -0.0 1.0 0.0 
0.212441 0.337657 0.335535 0.129999 -0.0 0.991514 
0.153804 -1.0 0.172327 0.0 -1.0 0.0 
0.0856146 0.558222 0.352163 0.129999 -0.0 0.991514 
0.0496254 -1.0 0.248973 -0.0 -1.0 -0.0 
-0.293695 -0.981676 -0.142847 -0.991516 -0.0 0.129982 
0.246262 0.0755314 0.0459512 0.0 -1.0 0.0 
0.161134 0.821412 0.342261 0.129999 -0.0 0.991514 
-0.164401 -1.0 0.176959 -0.0 -1.0 -0.0 
-0.216639 0.163643 -0.131149 -0.0 1.0 0.0 
-0.0517039 -0.0141653 0.0110753 -0.966055 -0.0 0.258337 
-0.197188 -1.0 -0.00729669 0.0 -1.0 0.0 
0.118839 0.236277 0.347807 0.129999 -0.0 0.991514 
-0.0275128 0.0755314 0.148292 0.0 -1.0 0.0 
-0.15404 -0.600535 -0.216248 -0.130003 0.0 -0.991514 
0.161134 -0.629854 -0.19833 0.130003 -0.0 0.991514 
0.0218709 -1.0 0.00374571 -0.0 -1.0 0.0 
-0.132051 -0.989006 0.328864 0.130003 -0.0 0.991514 
-0.058755 0.183735 0.25256 -0.0880426 0.735769 -0.671485 
0.305804 0.100126 0.249969 0.991513 -1.53317e-05 -0.130005 
-0.127059 0.0755315 -0.0165341 -0.0 -1.0 -0.0 
0.24176 -1.0 0.157668 -0.0 -1.0 0.0 
0.0891488 0.150191 -0.215874 -0.0632968 0.873466 -0.482753 
0.0107594 -0.919233 -0.106558 -0.0 1.0 0.0 
-0.0979275 0.163643 0.0193426 -0.0 1.0 0.0 
0.0506698 -0.0836591 -0.183847 0.130003 -0.0 0.991514 
-0.0807438 -1.0 0.0330642 0.0 -1.0 0.0 
0.263749 0.0755315 0.296931 0.0 -1.0 0.0 
-0.203076 -0.794716 -0.209819 -0.130003 0.0 -0.991514 
-0.299571 -0.092166 -0.18767 -0.991516 -0.0 0.129982 
-0.168699 -0.629854 -0.155084 0.130003 -0.0 0.991514 
-0.294656 -0.190076 -0.150176 -0.991516 -0.0 0.129982 
-0.0294365 0.147086 -0.204589 -0.0773158 0.803933 -0.589673 
-0.128299 -0.193351 -0.17813 -0.0 -1.0 -0.0 
-0.210259 0.850174 0.363701 -0.12965 0.0719789 -0.988944 
0.139145 -0.857072 -0.195447 0.130003 -0.0 0.991514 
0.102497 0.557545 0.293972 -0.129667 0.0719731 -0.988942 
-0.256215 0.132427 0.143009 -0.991513 1.12556e-05 0.130004 
-0.107384 0.211218 0.377467 0.129999 -0.0 0.991514 
0.227363 0.764451 0.333578 0.129999 -0.0 0.991514 
-0.146342 -0.462233 -0.197944 -0.0 1.0 0.0 
-0.0384226 -0.497921 -0.172165 0.130003 -0.0 0.991514 
0.246846 0.104375 -0.199705 0.991514 -1.86759e-05 -0.130001 
-0.155672 0.467952 0.383798 0.129999 -0.0 0.991514 
0.183123 -1.0 0.0697123 -0.0 -1.0 0.0 
0.0329233 -0.913176 -0.240762 -0.130003 0.0 -0.991514 
0.017191 0.604862 0.308601 -0.129667 0.0719731 -0.988942 
-0.26812 -1.0 0.0312437 0.0 -1.0 0.0 
0.0984468 0.630675 0.299825 -0.129667 0.0719731 -0.988942 
0.155089 -0.526373 -0.25678 -0.130003 0.0 -0.991514 
0.0688387 0.0755315 0.162489 0.0 -1.0 0.0 
-0.170752 -1.0 -0.113344 0.0 -1.0 0.0 
-0.293717 -0.176386 -0.143017 -0.991516 -0.0 0.129982 
0.0658487 0.26436 0.27702 -0.127127 0.209174 -0.96958 
0.19952 0.53523 0.337229 0.129999 -0.0 0.991514 
-0.300421 -0.725139 -0.194154 -0.991516 -0.0 0.129982 
-0.194416 -1.0 0.185439 -0.0 -1.0 -0.0 
0.102497 0.843401 0.314777 -0.129662 0.0719796 -0.988942 
0.146475 0.167868 0.201646 -0.0523777 0.915245 -0.399478 
0.231244 -1.0 -0.19912 0.0 -1.0 0.0 
0.00954314 -0.61851 -0.237697 -0.130003 0.0 -0.991514 
0.0864745 -0.0946134 -0.255189 -0.129999 0.0 -0.991514 
-0.126041 -1.0 0.215255 0.0 -1.0 0.0 
-0.22354 0.139757 0.392216 -0.991518 0.0 0.129968 
-0.0509799 -0.673832 -0.0182432 -0.965802 -0.0 -0.25928 
-0.241996 0.130868 -0.186825 -0.102106 0.618814 -0.778873 
0.27736 0.790735 0.327023 0.129999 -0.0 0.991514 
0.0511894 0.601523 0.356676 0.129999 -0.0 0.991514 
-0.138366 -1.0 0.250593 -0.0 -1.0 -0.0 
-0.029269 -0.968331 -0.232608 -0.130003 0.0 -0.991514 
-0.190779 -0.919233 -0.00736692 0.0 1.0 -0.0 
0.000211419 0.0755315 0.0819127 0.0 -1.0 0.0 
-0.0400291 -0.897673 -0.231197 -0.130003 0.0 -0.991514 
-0.123372 0.161115 0.219434 -0.0389717 0.954007 -0.29724 
0.23954 -0.468096 -0.255427 0.991516 -0.0 -0.129983 
0.0484439 -0.622524 -0.00358392 1.0 -0.0 0.000618637 
-0.0251482 0.163643 -0.0911425 -0.0 1.0 -0.0 
-0.168312 -0.919233 0.217087 0.0 1.0 0.0 
-0.0259224 -0.256043 -0.0475617 -0.499517 0.0 -0.866304 
-0.101922 -0.560593 -0.223082 -0.130003 0.0 -0.991514 
0.0292005 -1.0 0.0623827 -0.0 -1.0 0.0 
-0.220007 0.0298124 -0.148357 0.130003 -0.0 0.991514 
-0.189186 -0.653223 -0.21164 -0.130003 0.0 -0.991514 
0.205112 0.227712 0.336496 0.129999 -0.0 0.991514 
0.013894 0.771013 0.321126 -0.129662 0.0719796 -0.988942 
0.227622 -0.193351 -0.259276 0.0 -1.0 0.0 
0.0444124 -0.651843 0.018405 0.865709 -0.0 0.500548 
0.0407533 0.162851 -0.174333 -0.0159895 0.992407 -0.121953 
-0.263904 -0.923039 0.0843716 -0.991514 0.0 0.130001 
-0.177738 0.163643 -0.0829219 -0.0 1.0 0.0 
0.2271 0.520548 0.274942 -0.129667 0.0719731 -0.988942 
-0.098572 0.868597 0.349369 0.00940873 0.997377 0.0717616 
-0.265238 -0.940848 0.0741975 -0.991514 0.0 0.130001 
-0.0367661 -0.365987 0.0355784 -0.707416 0.0 0.706797 
0.105212 0.163643 -0.00823145 -0.0 1.0 0.0 
0.259532 -1.0 0.236514 -0.0 -1.0 0.0 
0.24052 -0.892129 -0.247952 -0.991516 -0.0 0.129983 
0.156638 -0.919233 -0.0757743 0.0 1.0 0.0 
0.244252 -0.765357 -0.219488 0.991516 -0.0 -0.129983 
-0.255308 -0.462233 -0.150116 -0.0 1.0 0.0 
-0.156157 0.0650577 -0.223377 -0.129999 0.0 -0.991514 
0.120321 -1.0 0.0316231 -0.0 -1.0 0.0 
-0.139381 -0.923039 -0.218171 -0.130003 0.0 -0.991514 
-0.0734142 0.163643 -0.0622209 -0.0 1.0 0.0 
-0.244258 -0.919233 0.0507608 0.0 1.0 0.0 
-0.00744758 0.117768 -0.233089 -0.118716 0.407503 -0.905454 
-0.0316211 -0.180571 -0.239705 -0.129999 0.0 -0.991514 
-0.174595 -0.161355 -0.220959 -0.129999 0.0 -0.991514 
0.161134 0.388964 0.342261 0.129999 -0.0 0.991514 
-0.0688357 0.346835 0.309046 -0.128791 0.135993 -0.982303 
-0.220069 0.719442 0.392242 0.129999 -0.0 0.991514 
-0.0534749 -0.181882 0.000814198 -1.0 -0.0 -0.000619192 
-0.0221068 0.157135 0.186986 -0.0111178 0.996336 -0.0847962 
-0.0529476 -0.241384 -0.0109135 -0.965802 -0.0 -0.25928 
0.109826 -0.182747 -0.25825 -0.129999 0.0 -0.991514 
0.0968412 0.503583 0.350691 0.129999 -0.0 0.991514 
0.168463 -0.835083 -0.199291 0.130003 -0.0 0.991514 
-0.214991 -0.919233 0.282219 0.0 1.0 -0.0 
0.212444 0.0755314 0.0320051 -0.0 -1.0 -0.0 
-0.14671 -0.974346 -0.217209 -0.130003 0.0 -0.991514 
0.2271 -0.462233 -0.208813 0.0 -1.0 -0.0 
-0.00171544 0.0755315 0.324184 0.0 -1.0 0.0 
-0.248526 0.0980536 0.20165 -0.991514 1.88621e-05 0.130002 
0.0658487 -0.175417 -0.252484 -0.129999 0.0 -0.991514 
0.0218709 0.594194 0.36052 0.129999 -0.0 0.991514 
-0.266648 -0.732469 -0.201484 -0.130003 0.0 -0.991514 
0.00852304 -1.0 0.264498 -0.0 -1.0 -0.0 
0.190452 0.0957791 0.338418 0.129999 -0.0 0.991514 
0.0878376 0.601523 0.351871 0.129999 -0.0 0.991514 
0.0731783 0.755445 0.353794 0.129999 -0.0 0.991514 
0.225595 -0.956537 -0.266024 -0.130003 0.0 -0.991514 
0.0992303 -0.945663 -0.249456 0.130003 -0.0 0.991514 
0.0559012 -0.69405 -0.243775 -0.130003 0.0 -0.991514 
-0.257439 0.131929 0.133673 -0.991513 1.12556e-05 0.130004 
-0.212677 0.66749 0.391273 0.129999 -0.0 0.991514 
0.146475 0.0371421 -0.196408 0.130003 -0.0 0.991514 
0.177542 -1.0 -0.0403303 -0.0 -1.0 0.0 
0.230269 0.452447 0.279862 -0.129913 0.0371187 -0.99083 
0.032827 0.157084 -0.194866 -0.0482079 0.928705 -0.367673 
-0.017317 0.0878355 -0.240988 -0.128293 0.161716 -0.978462 
-0.176029 -1.0 0.164997 0.0 -1.0 0.0 
-0.260192 -0.919233 -0.0942921 0.0 1.0 0.0 
0.162871 0.163643 0.0930518 -0.0 1.0 0.0 
-0.195844 0.157143 0.209865 -0.0111177 0.996336 -0.0847954 
-0.224552 0.276755 0.384502 -0.99151 2.01054e-06 0.13003 
-0.153303 0.0755314 0.225633 -0.0 -1.0 -0.0 
0.0878376 -0.593206 -0.18872 0.130003 -0.0 0.991514 
-0.0974383 0.163643 -0.0033112 -0.0 1.0 0.0 
0.31505 0.703559 0.320485 0.991518 0.0 -0.129969 
-0.0020992 0.54874 0.363663 0.129999 -0.0 0.991514 
0.0951769 -0.919233 0.0649509 -0.0 1.0 -0.0 
-0.25716 -0.989976 0.135808 -0.991514 -0.0 0.130001 
-0.127985 -0.193351 -0.206822 0.0 -1.0 0.0 
0.275645 0.486134 0.275081 -0.129993 0.0123728 -0.991438 
0.0888132 0.834686 0.351744 0.129999 -0.0 0.991514 
-0.212677 -0.468602 -0.20856 -0.130003 0.0 -0.991514 
0.174615 -1.0 0.206662 0.0 -1.0 0.0 
-0.24647 0.1563 0.165239 -0.0 1.0 0.0 
0.0951672 -0.827754 -0.189681 0.130003 -0.0 0.991514 
0.270638 0.154416 -0.0182432 0.991514 -1.21877e-05 -0.130003 
-0.15404 0.0664606 -0.157006 0.130003 -0.0 0.991514 
0.103727 -1.0 0.247477 0.0 -1.0 0.0 
0.0878376 -0.0947912 -0.18872 0.130003 -0.0 0.991514 
-0.293303 -0.475932 -0.139856 -0.991516 0.0 0.129982 
0.0757114 0.181954 0.232979 -0.0880426 0.735769 -0.671485 
-0.14566 -0.919233 -0.158055 -0.0 1.0 0.0 
-0.0622341 0.0755315 0.310783 0.0 -1.0 0.0 
-0.210143 -1.0 -0.00664844 0.0 -1.0 0.0 
-0.15404 0.836071 0.383584 0.129999 -0.0 0.991514 
-0.117392 -0.644513 -0.221054 -0.130003 0.0 -0.991514 
0.243118 0.438299 0.331512 0.129999 -0.0 0.991514 
0.248457 -0.919233 0.158617 -0.0 1.0 -0.0 
0.185627 0.335253 0.33905 0.129999 -0.0 0.991514 
-0.10637 -0.495048 -0.222499 -0.130003 0.0 -0.991514 
-0.135621 0.788199 0.34198 -0.129667 0.0719731 -0.988942 
-0.0734142 -0.0434838 -0.234225 -0.129999 0.0 -0.991514 
0.27932 -1.0 0.124405 0.0 -1.0 0.0 
-0.297795 -0.629245 -0.17412 -0.991516 0.0 0.129982 
-0.194184 -0.193351 -0.182388 0.0 -1.0 0.0 
-0.0408375 0.163643 0.172459 -0.0 1.0 0.0 
0.0951672 -1.0 0.0990308 -0.0 -1.0 0.0 
-0.0814409 -1.0 0.173408 -0.0 -1.0 -0.0 
0.218894 -0.919233 0.078694 0.0 1.0 0.0 
0.278408 0.425612 0.326886 0.129999 -0.0 0.991514 
-0.124722 0.0755315 0.340908 0.0 -1.0 0.0 
0.0969122 0.036053 -0.256557 -0.129999 0.0 -0.991514 
0.0710851 0.0755315 -0.134411 0.0 -1.0 0.0 
0.144617 0.40193 0.344427 0.129999 -0.0 0.991514 
-0.212022 0.0755314 0.17565 -0.0 -1.0 -0.0 
-0.0969717 -0.193351 -0.191311 0.0 -1.0 0.0 
0.0405893 -0.563859 -0.241767 -0.130003 0.0 -0.991514 
0.0484394 -0.0728023 0.00374571 1.0 0.0 0.000618637 
-0.00298807 0.567051 0.308495 -0.129667 0.0719731 -0.988942 
-0.194673 -0.193351 -0.205167 0.0 -1.0 0.0 
-0.211551 -0.845424 -0.149465 0.130003 -0.0 0.991514 
-0.0709824 -0.990381 0.320857 0.130003 -0.0 0.991514 
-0.0817371 -1.0 0.107591 0.0 -1.0 0.0 
-0.267474 0.144821 0.0571411 -0.991513 1.12556e-05 0.130004 
0.29651 -0.988456 0.17908 0.991514 0.0 -0.130001 
0.00721167 -0.409965 -0.0523874 0.259319 -0.0 -0.965792 
-0.000117955 0.000493936 -0.243835 -0.129999 0.0 -0.991514 
0.146475 0.154196 -0.216143 -0.0632968 0.873466 -0.482753 
-0.129677 -0.462233 -0.161059 -0.0 1.0 0.0 
-0.0490707 -0.919233 0.254447 0.0 1.0 0.0 
-0.219872 0.652831 0.392216 0.129999 -0.0 0.991514 
-0.0954031 -0.190076 -0.231342 -0.129999 0.0 -0.991514 
0.0878376 -0.51258 -0.18872 0.130003 -0.0 0.991514 
-0.0190116 0.163643 0.133115 -0.0 1.0 0.0 
0.245981 0.368425 0.2706 -0.129196 0.111274 -0.985356 
0.25512 0.868523 0.324253 0.0 1.0 0.0 
-0.134413 0.163643 -0.0136196 -0.0 1.0 0.0 
0.0554175 0.295107 0.284447 -0.127757 0.184912 -0.974416 
-0.163947 -0.0992368 -0.222355 -0.129999 0.0 -0.991514 
0.29022 0.165386 0.325337 0.129999 -0.0 0.991514 
0.0511894 0.836071 0.320971 -0.129662 0.0719796 -0.988942 
-0.11588 -1.0 0.325457 0.0 -1.0 0.0 
-0.135246 -1.0 0.213112 -0.0 -1.0 -0.0 
0.175793 0.158984 -0.208813 -0.0482079 0.928705 -0.367673 
-0.162689 -1.0 0.223506 -0.0 -1.0 -0.0 
0.279792 0.296068 0.326704 0.129999 -0.0 0.991514 
0.219121 0.606305 0.28223 -0.129662 0.0719796 -0.988942 
0.180885 -1.0 -0.109416 -0.0 -1.0 0.0 
0.0424484 -0.860052 -0.242011 -0.130003 0.0 -0.991514 
-0.152874 0.305633 0.313677 -0.128313 0.160505 -0.978659 
0.277393 0.328329 0.260986 -0.128314 0.160497 -0.978661 
-0.241829 0.0755315 0.0161403 -0.0 -1.0 -0.0 
0.0508087 0.163643 -0.00891571 -0.0 1.0 0.0 
0.0680299 -0.919233 0.158176 -0.0 1.0 -0.0 
0.109588 0.161232 -0.192092 -0.0322532 0.968733 -0.245998 
0.0856708 -0.642887 -0.247678 -0.130003 0.0 -0.991514 
-0.122588 0.613684 0.32757 -0.129667 0.0719731 -0.988942 
-0.0694939 -1.0 0.0966941 -0.0 -1.0 -0.0 
0.139145 -1.0 0.0843716 -0.0 -1.0 0.0 
-0.104584 -0.180043 -0.230139 -0.129999 0.0 -0.991514 
0.0910588 0.163446 -0.176085 -0.0159895 0.992407 -0.121953 
0.285737 0.850731 0.29871 -0.12968 0.0719796 -0.98894 
-0.0147772 0.26436 0.365325 0.129999 -0.0 0.991514 
-0.0478844 -0.446613 -0.0255728 -0.865709 0.0 -0.500548 
0.11466 0.617909 0.348355 0.129999 -0.0 0.991514 
0.183368 0.846213 0.339346 0.129999 -0.0 0.991514 
0.291968 0.399225 0.26787 -0.12951 0.0866828 -0.987782 
-0.219872 0.220383 0.392216 0.129999 -0.0 0.991514 
0.0752884 -0.919233 0.209178 -0.0 1.0 -0.0 
0.219771 0.513568 0.334574 0.129999 -0.0 0.991514 
-0.292432 -0.0546922 -0.138861 0.130003 -0.0 0.991514 
0.227357 0.183735 0.333579 0.129999 -0.0 0.991514 
-0.150754 0.645501 0.333579 -0.129667 0.0719731 -0.988942 
-0.0367661 -0.827754 0.0355784 -0.707416 0.0 0.706797 
0.241558 -0.515926 -0.240037 0.991516 0.0 -0.129983 
0.299334 0.0755315 0.266032 0.0 -1.0 0.0 
-0.200752 0.425727 0.334707 -0.129749 0.0620277 -0.989605 
0.211979 0.163643 0.00294731 -0.0 1.0 0.0 
-0.168699 0.66749 0.385507 0.129999 -0.0 0.991514 
-0.146671 -0.462233 -0.186225 -0.0 1.0 0.0 
-0.0734142 0.156562 0.186986 -0.0111177 0.996336 -0.0847954 
0.314471 0.771723 0.316065 0.991518 0.0 -0.129969 
0.0438598 0.176405 0.357638 0.129999 -0.0 0.991514 
-0.280481 0.14632 -0.0420647 -0.991513 1.12556e-05 0.130004 
0.102497 0.163643 -0.172165 -0.0 1.0 0.0 
0.219771 -0.666502 -0.206019 0.130003 -0.0 0.991514 
-0.278939 0.1563 -0.053731 -0.0 1.0 0.0 
-0.173341 0.163643 0.127857 -0.0 1.0 0.0 
-0.152934 0.00112801 -0.223799 -0.129999 0.0 -0.991514 
-0.168699 0.630842 0.385507 0.129999 -0.0 0.991514 
-0.043335 0.163643 0.15509 -0.0 1.0 0.0 
0.0731783 -1.0 0.143009 0.0 -1.0 0.0 
-0.0241249 -0.919233 0.219854 0.0 1.0 0.0 
-0.0959709 -0.0439871 -0.231268 -0.129999 0.0 -0.991514 
-0.263399 -1.0 -0.0954701 0.0 -1.0 0.0 
-0.0514253 -0.673832 -0.229703 -0.130003 0.0 -0.991514 
-0.248527 0.117768 0.201646 -0.991513 1.12556e-05 0.130004 
0.11766 -1.0 -0.0341021 0.0 -1.0 0.0 
-0.0678539 0.581587 0.372284 0.129999 -0.0 0.991514 
-0.0626994 0.237543 0.371609 0.129999 -0.0 0.991514 
-0.0235939 -0.193351 -0.238381 0.0 -1.0 0.0 
-0.165658 0.163643 -0.0449378 -0.0 1.0 0.0 
0.139892 0.392387 0.345047 0.129999 -0.0 0.991514 
-0.0953248 0.0755314 -0.0155379 -0.0 -1.0 -0.0 
-0.168699 0.359646 0.385507 0.129999 -0.0 0.991514 
-0.0300418 0.596158 0.31416 -0.129667 0.0719731 -0.988942 
0.153804 -0.820424 -0.256612 -0.130003 0.0 -0.991514 
0.280248 0.117768 0.0550531 0.991514 -1.21877e-05 -0.130003 
0.164491 -1.0 0.268409 0.0 -1.0 0.0 
-0.0514253 0.0224828 -0.237108 -0.129999 0.0 -0.991514 
-0.225748 0.36472 0.375378 -0.99151 2.01054e-06 0.13003 
0.239945 -0.901204 -0.252341 -0.991516 -0.0 0.129983 
0.197869 0.17277 0.337445 0.129999 -0.0 0.991514 
0.0438598 0.162243 -0.179495 -0.0322527 0.968735 -0.245993 
0.278408 0.814082 0.297004 -0.12968 0.0719796 -0.98894 
-0.0954031 -0.585876 -0.223937 -0.130003 0.0 -0.991514 
-0.0529476 -0.857072 -0.0109135 -0.965802 -0.0 -0.25928 
0.221392 -0.919233 0.0955378 -0.0 1.0 -0.0 
0.0533576 0.0755315 0.137026 0.0 -1.0 0.0 
-0.198018 -1.0 -0.0622209 0.0 -1.0 0.0 
0.219771 0.0755315 0.333579 0.0 -1.0 0.0 
-0.241996 -0.974346 -0.204716 -0.130003 0.0 -0.991514 
-0.0182037 -0.193351 -0.205766 -0.0 -1.0 -0.0 
0.175793 -1.0 -0.120858 -0.0 -1.0 0.0 
-0.102624 0.163643 0.103075 -0.0 1.0 0.0 
0.0193701 0.0755315 0.0866949 0.0 -1.0 0.0 
-0.114336 -0.700062 -0.221454 -0.130003 0.0 -0.991514 
-0.113378 0.0755315 0.273453 0.0 -1.0 0.0 
-0.170355 0.163643 0.107938 -0.0 1.0 0.0 
-0.0436465 -0.402635 -0.0329024 -0.865709 0.0 -0.500548 
0.240052 0.0163127 -0.251525 0.991516 -0.0 -0.129983 
0.17457 0.282728 0.266475 -0.127757 0.184912 -0.974416 
-0.216894 -1.0 0.0291206 0.0 -1.0 0.0 
0.271078 -1.0 0.12102 -0.0 -1.0 0.0 
-0.0635838 0.0755313 -0.0138575 0.0 -1.0 0.0 
0.157463 -0.193351 -0.208969 -0.0 -1.0 -0.0 
0.146475 -1.0 -0.0255728 -0.0 -1.0 0.0 
-0.22402 0.0755315 0.235553 -0.0 -1.0 -0.0 
0.0994613 -0.506586 -0.249486 -0.130003 0.0 -0.991514 
0.197782 0.0591309 -0.262377 -0.130018 0.0 -0.991512 
-0.238097 -1.0 0.170731 0.0 -1.0 0.0 
-0.225462 0.564875 0.377557 -0.991518 0.0 0.129968 
-0.214111 0.0755314 0.23718 -0.0 -1.0 -0.0 
0.195257 0.163643 0.0773259 -0.0 1.0 -0.0 
-0.231229 0.344986 0.333579 -0.991515 -2.00478e-06 0.129991 
0.0805079 -1.0 -0.172165 -0.0 -1.0 0.0 
0.167871 0.167252 0.197428 -0.0523777 0.915245 -0.399478 
0.0797592 -1.0 -0.00203432 0.0 -1.0 0.0 
-0.00835068 -0.130807 -0.242756 -0.129999 0.0 -0.991514 
0.259952 0.868523 0.310075 0.0 1.0 0.0 
0.00904206 -1.0 -0.0268171 -0.0 -1.0 0.0 
0.230939 -1.0 0.0534779 -0.0 -1.0 0.0 
0.0307165 0.0755316 0.34226 0.0 -1.0 0.0 
0.249089 0.183735 0.33073 0.129999 -0.0 0.991514 
0.0878376 0.308338 0.28256 -0.128313 0.160505 -0.978659 
-0.0469226 0.0755314 0.213242 0.0 -1.0 0.0 
0.161134 0.242372 0.259694 -0.125006 0.2745 -0.953427 
-0.127351 0.718389 0.335815 -0.129667 0.0719731 -0.988942 
0.0431259 0.168424 0.357734 0.129999 -0.0 0.991514 
-0.276396 0.0957791 -0.0109135 -0.991514 1.88384e-05 0.130002 
-0.15404 0.170332 0.245623 -0.065102 0.86557 -0.496538 
0.254135 0.1563 -0.00419568 -0.0 1.0 0.0 
0.163088 0.163643 -0.0162006 -0.0 1.0 -0.0 
-0.0647899 -0.919233 -0.0665813 0.0 1.0 0.0 
0.299854 -0.987526 0.204591 0.991514 -0.0 -0.130001 
-0.0927957 0.823567 0.375555 0.129999 -0.0 0.991514 
0.296748 0.604365 0.324481 0.129999 -0.0 0.991514 
0.211764 0.868523 0.312488 0.0 1.0 0.0 
0.0943221 0.440271 0.296931 -0.129753 0.0619593 -0.989609 
-0.224501 0.374305 0.384886 -0.991518 0.0 0.129968 
-0.190312 0.0773479 0.38834 0.129999 -0.0 0.991514 
-0.285973 0.0664606 -0.19895 -0.130018 0.0 -0.991512 
0.217002 0.163643 0.145697 -0.0 1.0 0.0 
-0.0147772 -0.365987 -0.0517062 -0.258375 0.0 -0.966045 
0.241226 -1.0 -0.0158966 -0.0 -1.0 0.0 
0.0094614 0.0755315 0.131712 0.0 -1.0 0.0 
0.0101783 -0.919233 0.136199 0.0 1.0 0.0 
-0.127768 0.00343841 -0.227099 -0.129999 0.0 -0.991514 
0.0516585 -0.919233 0.143141 0.0 1.0 0.0 
0.285737 0.726127 0.289641 -0.12968 0.0719796 -0.98894 
0.264905 0.208983 0.328656 0.129999 -0.0 0.991514 
-0.14671 0.242372 0.382624 0.129999 -0.0 0.991514 
-0.0770164 -1.0 0.309875 -0.0 -1.0 -0.0 
-0.101546 -1.0 0.234007 -0.0 -1.0 -0.0 
-0.224752 0.784929 0.360852 -0.129681 0.0719738 -0.98894 
0.308713 0.520363 0.272159 0.991508 0.0 -0.130047 
-0.24963 -0.902156 -0.203715 -0.130003 0.0 -0.991514 
-0.0294365 -0.329339 -0.0455354 -0.499517 0.0 -0.866304 
0.0315562 -0.51258 -0.040232 0.707416 0.0 -0.706798 
-0.103644 -1.0 0.0881012 0.0 -1.0 0.0 
0.247068 0.0833865 -0.198013 0.991514 -1.87164e-05 -0.130001 
-0.198018 -1.0 0.0477235 0.0 -1.0 0.0 
0.276524 0.714409 0.327133 0.129999 -0.0 0.991514 
-0.0807438 -1.0 -0.0255728 -0.0 -1.0 0.0 
-0.160483 -0.919233 0.298889 0.0 1.0 0.0 
0.308243 0.403796 0.268563 0.991496 -4.14842e-06 -0.130134 
0.0438598 0.27169 0.281484 -0.127127 0.209174 -0.96958 
0.23647 -0.805765 -0.26745 -0.130003 0.0 -0.991514 
0.193683 0.600535 0.337994 0.129999 -0.0 0.991514 
0.109826 -0.462233 -0.201484 0.0 -1.0 -0.0 
-0.239712 0.1563 -0.00419564 -0.0 1.0 -0.0 
0.0438696 -0.919233 0.0872856 -0.0 1.0 -0.0 
-0.242139 -0.919233 0.194699 0.0 1.0 -0.0 
0.135654 -1.0 0.0749301 0.0 -1.0 0.0 
-0.281233 -0.919233 -0.0630236 0.0 1.0 -0.0 
0.315056 0.498908 0.322081 0.129999 -0.0 0.991514 
-0.14671 0.110438 0.382624 0.129999 -0.0 0.991514 
-0.176029 -1.0 -0.0329024 0.0 -1.0 0.0 
-0.142811 0.572246 0.327206 -0.129667 0.0719731 -0.988942 
-0.241996 -1.0 0.12102 0.0 -1.0 0.0 
-0.296194 -0.149267 -0.19761 -0.130018 0.0 -0.991512 
-0.16137 0.163643 0.0257346 -0.0 1.0 0.0 
0.000398115 0.163643 0.100861 -0.0 1.0 0.0 
-0.205347 0.674819 0.390312 0.129999 -0.0 0.991514 
-0.0716349 -0.905393 -0.227053 -0.130003 0.0 -0.991514 
-0.25162 -0.462233 -0.173102 -0.0 1.0 0.0 
0.0511894 -1.0 -0.0768802 -0.0 -1.0 0.0 
0.0438598 -0.0361542 0.0193606 0.865709 -0.0 0.500548 
0.205973 0.0762802 -0.263472 -0.129968 -0.0276209 -0.991133 
0.0365302 -0.989006 -0.241235 -0.130003 0.0 -0.991514 
0.230138 0.1563 -0.129045 -0.0 1.0 0.0 
-0.0514253 -0.937698 -0.229703 -0.130003 0.0 -0.991514 
0.0292005 -1.0 0.282271 0.0 -1.0 0.0 
-0.0412961 0.545276 0.311933 -0.129667 0.0719731 -0.988942 
-0.0530228 0.0755314 0.224602 0.0 -1.0 0.0 
0.182956 0.0755314 -0.00492244 0.0 -1.0 0.0 
0.177073 0.868523 0.330982 0.0 1.0 0.0 
-0.190688 -1.0 -0.0475617 0.0 -1.0 0.0 
0.300397 0.308338 0.324002 0.129999 -0.0 0.991514 
0.191144 -0.584198 -0.261507 -0.130003 0.0 -0.991514 
0.285268 -0.919233 0.215749 -0.0 1.0 -0.0 
0.0165864 -1.0 0.0411876 0.0 -1.0 0.0 
-0.18342 -0.919233 0.232341 0.0 1.0 0.0 
0.220862 -0.852986 -0.265404 -0.130003 0.0 -0.991514 
-0.297364 -0.544752 -0.170831 -0.991516 0.0 0.129982 
-0.0514253 0.132427 -0.217348 -0.101364 0.626156 -0.773081 
-0.287161 -0.776183 -0.139552 0.130003 -0.0 0.991514 
0.00295359 0.0755315 0.172078 0.0 -1.0 0.0 
0.139145 -0.952357 -0.25469 -0.130003 0.0 -0.991514 
0.229711 0.1563 0.104535 -0.0 1.0 0.0 
0.144276 0.163643 -0.00888548 -0.0 1.0 0.0 
-0.163969 0.623512 0.384886 0.129999 -0.0 0.991514 
-0.18912 -0.193351 -0.163928 -0.0 -1.0 -0.0 
-0.0147772 -0.462233 -0.216143 -0.0 -1.0 -0.0 
-0.294059 -0.145785 -0.145621 -0.991527 -9.17558e-06 0.1299 
0.15705 -1.0 0.0643145 0.0 -1.0 0.0 
-0.087802 0.163643 -0.0108008 -0.0 1.0 0.0 
0.126253 0.0755314 -0.0759931 0.0 -1.0 0.0 
0.0731783 -1.0 0.135679 0.0 -1.0 0.0 
0.23443 -0.462233 -0.260121 -0.0 -1.0 -0.0 
-0.244415 0.0755314 0.0343093 -0.0 -1.0 -0.0 
-0.178292 -0.919233 0.0794768 0.0 1.0 0.0 
-0.0631761 0.0755315 0.108346 -0.0 -1.0 0.0 
0.212441 0.0518013 -0.264299 -0.130018 0.0 -0.991512 
-0.277078 -0.955961 -0.0161113 -0.991514 -0.0 0.130001 
0.263749 0.132427 -0.0707943 0.991514 -1.87164e-05 -0.130001 
0.0242174 -0.491707 -0.239621 -0.130003 0.0 -0.991514 
-0.21785 -1.0 -0.0734245 -0.0 -1.0 -0.0 
0.212441 0.0755315 0.333579 0.0 -1.0 0.0 
-0.21619 -1.0 0.151241 0.0 -1.0 0.0 
0.0731783 -0.915709 -0.24604 -0.130003 0.0 -0.991514 
0.293067 0.447601 0.324964 0.129999 -0.0 0.991514 
-0.0521609 0.66016 0.370227 0.129999 -0.0 0.991514 
-0.026502 -0.589765 -0.232971 -0.130003 0.0 -0.991514 
0.0274267 -0.137592 -0.247447 -0.129999 0.0 -0.991514 
-0.113374 -0.945526 0.326415 0.130003 -0.0 0.991514 
-0.0521609 0.799423 0.370227 0.129999 -0.0 0.991514 
0.085681 -1.0 -0.106428 -0.0 -1.0 0.0 
0.0687643 -0.468602 -0.245462 -0.130003 0.0 -0.991514 
0.10831 0.0755315 0.285347 0.0 -1.0 0.0 
-0.163347 -0.0318869 -0.222434 -0.129999 0.0 -0.991514 
0.312923 0.638171 0.30426 0.991518 0.0 -0.129969 
-0.103022 -1.0 0.0606914 0.0 -1.0 0.0 
0.238667 0.868523 0.326685 0.0 1.0 0.0 
-0.000117955 0.674819 0.315962 -0.129667 0.0719731 -0.988942 
-0.00744758 0.0298124 0.0487182 -0.000618637 -0.0 1.0 
0.175793 -0.571217 -0.200252 0.130003 -0.0 0.991514 
0.242066 -0.720186 -0.236161 0.991516 0.0 -0.129983 
-0.0147772 0.542886 0.365325 0.129999 -0.0 0.991514 
0.28713 -1.0 0.118795 0.0 -1.0 0.0 
0.0545841 -0.0666179 -0.251007 -0.129999 0.0 -0.991514 
-0.251192 0.0821738 0.181319 -0.991514 1.88384e-05 0.130002 
-0.26987 0.144436 -0.167432 -0.0760908 0.81075 -0.580426 
-0.00617983 -1.0 0.299943 0.0 -1.0 0.0 
0.0441845 -0.515387 -0.242239 -0.130003 0.0 -0.991514 
-0.141857 0.764819 0.381987 0.129999 -0.0 0.991514 
-0.229306 0.0957791 0.348238 -0.991513 1.37289e-05 0.130005 
0.0208968 -0.761787 -0.0475617 0.500481 -0.0 -0.865747 
-0.124722 -1.0 0.128349 0.0 -1.0 0.0 
-0.279125 -0.947614 -0.0317253 -0.991514 -0.0 0.130001 
-0.199362 0.858271 0.389527 0.129999 -0.0 0.991514 
0.196622 -0.676002 -0.262226 -0.130003 0.0 -0.991514 
-0.141631 0.0755314 0.00927509 -0.0 -1.0 -0.0 
0.137052 0.0755314 -0.0866447 0.0 -1.0 0.0 
0.0731783 0.117768 -0.24366 -0.118716 0.407503 -0.905454 
0.212441 -1.0 0.0623827 -0.0 -1.0 0.0 
0.300397 0.651284 0.282271 -0.12968 0.0719796 -0.98894 
0.226387 -0.919233 0.129225 0.0 1.0 0.0 
0.153804 0.66016 0.294713 -0.129662 0.0719796 -0.988942 
0.277466 -1.0 0.090439 0.0 -1.0 0.0 
-0.23243 0.29972 0.324417 -0.991506 8.10052e-06 0.130061 
-0.0440957 -0.409965 0.0276644 -0.866265 -0.0 0.499584 
0.266559 0.13395 -0.0493477 0.991514 -1.21877e-05 -0.130003 
-0.293695 -0.0728023 -0.142847 -0.991516 7.87438e-07 0.129983 
-0.0440957 0.623512 0.369169 0.129999 -0.0 0.991514 
-0.22767 -0.968972 -0.206594 0.130003 -0.0 0.991514 
0.0807675 -1.0 -0.115675 -0.0 -1.0 0.0 
0.256574 -0.986194 -0.125509 0.991514 0.0 -0.130001 
0.0731783 0.484249 0.301603 -0.129989 0.0124417 -0.991437 
0.276825 -0.935261 0.275254 0.130003 -0.0 0.991514 
0.263749 -1.0 0.11369 -0.0 -1.0 0.0 
0.246251 -1.0 -0.145348 0.0 -1.0 0.0 
-0.168699 -0.146099 -0.155084 0.130003 -0.0 0.991514 
-0.206659 -1.0 0.171969 0.0 -1.0 0.0 
0.276363 -1.0 0.162433 0.0 -1.0 0.0 
0.0565954 0.0755315 0.151592 0.0 -1.0 0.0 
0.249089 0.564875 0.275285 -0.129662 0.0719796 -0.988942 
-0.0989419 -0.615195 -0.223473 -0.130003 0.0 -0.991514 
0.266023 0.11334 -0.0534416 0.991514 -1.87164e-05 -0.130001 
-0.234663 0.0755314 -0.0686552 -0.0 -1.0 -0.0 
-0.132187 0.163643 0.023152 -0.0 1.0 0.0 
0.194735 0.55028 0.337856 0.129999 -0.0 0.991514 
0.261028 0.110438 -0.0915394 0.991514 -1.86759e-05 -0.130001 
-0.215015 0.0755315 0.00326794 -0.0 -1.0 -0.0 
-0.197106 -1.0 0.0171439 -0.0 -1.0 -0.0 
0.0353466 0.267052 0.2816 -0.127127 0.209174 -0.96958 
-0.114327 0.0755314 -0.0586244 -0.0 -1.0 -0.0 
0.0951672 0.535557 0.35091 0.129999 -0.0 0.991514 
-0.274475 -0.967017 0.00374571 -0.991514 -0.0 0.130001 
0.123411 -1.0 0.0858273 0.0 -1.0 0.0 
0.168619 0.163453 -0.186197 -0.0159895 0.992407 -0.121953 
0.101606 0.630014 0.299363 -0.129667 0.0719731 -0.988942 
0.311855 0.322191 0.296117 0.991513 -1.26421e-06 -0.130008 
0.107507 -1.0 -0.150359 -0.0 -1.0 0.0 
0.13283 -1.0 0.189536 0.0 -1.0 0.0 
-0.212677 -1.0 0.0110753 0.0 -1.0 0.0 
0.123706 0.156503 0.160444 -0.0111177 0.996336 -0.0847954 
-0.211254 -1.0 0.144891 0.0 -1.0 0.0 
0.237964 -0.490591 -0.26745 0.991516 -0.0 -0.129983 
-0.276936 -0.983821 -0.0150297 -0.991514 -0.0 0.130001 
-0.139381 -0.725139 -0.158928 0.130003 -0.0 0.991514 
0.2271 -0.688491 -0.20698 0.130003 -0.0 0.991514 
-0.102733 0.0755315 0.326249 0.0 -1.0 0.0 
0.0218709 -0.439284 0.0425247 0.499584 -0.0 0.866265 
0.0805079 0.85806 0.352832 0.129999 -0.0 0.991514 
-0.27283 0.153665 -0.146236 -0.0269235 0.978325 -0.205318 
-0.058755 -1.0 0.157668 0.0 -1.0 0.0 
0.0703591 -0.948972 -0.245671 0.130003 -0.0 0.991514 
0.0577584 0.163643 0.15509 -0.0 1.0 0.0 
0.197782 0.777434 0.337456 0.129999 -0.0 0.991514 
-0.205347 0.220383 0.390312 0.129999 -0.0 0.991514 
0.238513 -1.0 -0.0214942 0.0 -1.0 0.0 
0.0731783 -0.930368 0.301955 0.130003 -0.0 0.991514 
0.112595 0.163643 0.092716 -0.0 1.0 0.0 
-0.0709712 0.163643 -0.0848818 -0.0 1.0 -0.0 
-0.249087 -0.724261 -0.203786 -0.130003 0.0 -0.991514 
-0.0217775 0.0755315 0.160776 0.0 -1.0 0.0 
-0.0147772 0.506238 0.365325 0.129999 -0.0 0.991514 
0.163106 -1.0 -0.147374 -0.0 -1.0 0.0 
0.0255657 -0.102121 0.0403938 0.499584 -0.0 0.866265 
-0.210541 -0.49351 -0.20884 -0.130003 0.0 -0.991514 
0.0292005 0.66749 0.35956 0.129999 -0.0 0.991514 
0.175793 0.454931 0.287098 -0.129913 0.0371187 -0.99083 
-0.217587 0.0755314 -0.0729517 -0.0 -1.0 -0.0 
0.256419 0.623512 0.329769 0.129999 -0.0 0.991514 
-0.180809 0.10203 -0.216569 -0.124526 0.287093 -0.949774 
0.00929835 0.0755314 0.180628 0.0 -1.0 0.0 
0.0292005 0.235042 0.274882 -0.125006 0.2745 -0.953427 
0.174661 -0.919233 -0.136915 0.0 1.0 0.0 
0.109826 0.220383 0.258682 -0.120357 0.377945 -0.917972 
-0.248425 0.0755314 0.196892 -0.0 -1.0 -0.0 
0.183123 -0.0947912 -0.201213 0.130003 -0.0 0.991514 
-0.0322569 0.0755315 -0.137057 0.0 -1.0 0.0 
-0.0578367 0.684896 0.324263 -0.129667 0.0719731 -0.988942 
0.161134 0.161746 0.342261 0.129999 -0.0 0.991514 
0.0749968 0.163643 0.106882 -0.0 1.0 0.0 
-0.254371 0.1563 -0.00749601 -0.0 1.0 -0.0 
-0.169154 0.805959 0.347669 -0.129667 0.0719731 -0.988942 
0.240423 -0.193351 -0.212519 -0.0 -1.0 -0.0 
-0.150227 -0.688491 -0.157506 0.130003 -0.0 0.991514 
