ply
format ascii 1.0
comment VCGLIB generated
element vertex 2000
property float x
property float y
property float z
property float nx
property float ny
property float nz
element face 0
property list uchar int vertex_indices
end_header
-0.151817 0.491329 0.460223 -0.0241375 -0.000195001 0.999709 
0.741693 -0.0914271 0.189347 0.999702 0.00360327 0.0241356 
-0.738197 -0.316628 0.0367651 -0.999702 -0.00360623 -0.0241381 
0.668033 -0.539825 -0.185026 0.999702 0.003556 0.0241353 
-0.553729 0.341112 -0.452204 -0.00361223 0.999993 0.000109156 
-0.517619 -0.204775 0.439054 -0.688228 -0.00256382 0.72549 
0.386982 -0.275687 0.473081 -0.0241346 -0.000197287 0.999709 
-0.498275 0.328828 -0.784103 0.999702 0.00360523 0.0241402 
0.751642 -0.456635 -0.168195 0.999702 0.00360615 0.0241379 
-0.732355 -0.387096 -0.19467 -0.999702 -0.00360623 -0.0241381 
-0.218595 -0.513519 0.354995 0.0154243 -0.859705 -0.510558 
-0.608639 0.340908 -0.398014 -0.00361267 0.999993 0.000109208 
-0.237125 -0.519975 -0.0246322 0.00360977 -0.999994 -0.000109387 
0.256216 0.900179 0.456821 -0.0201005 0.682414 0.730689 
-0.495909 -0.520881 -0.28015 0.00360803 -0.999994 -0.000111509 
-0.220819 -0.519919 -0.000211731 0.00360977 -0.999994 -0.000109387 
-0.199215 0.432758 0.459067 -0.0241375 -0.000195001 0.999709 
0.501482 -0.412396 0.385495 0.999691 0.00360169 0.024579 
0.495276 -0.449001 0.348257 -0.0241341 -0.000204796 0.999709 
-0.726677 -0.385138 -0.43012 -0.999702 -0.00360623 -0.0241381 
0.398869 -0.517652 -0.280219 0.00360977 -0.999994 -0.000109387 
0.675769 -0.542091 -0.559285 0.00359652 -0.999994 -0.000110249 
0.173002 -0.513577 0.367663 0.0124678 -0.925604 -0.378288 
0.472192 -0.517367 -0.464689 0.00360977 -0.999994 -0.000109387 
-0.647252 0.0997599 -0.0246322 -0.00848929 0.978625 0.205479 
0.500478 -0.412396 0.427102 0.999703 0.00360537 0.0241046 
-0.611411 -0.5468 0.0251169 0.00362401 -0.999993 -0.000109533 
0.0719564 -0.518823 -0.357489 0.00360977 -0.999994 -0.000109387 
0.119507 -0.144922 -0.97327 0.0241359 0.000200567 -0.999709 
0.113168 -0.518678 -0.325341 0.00360977 -0.999994 -0.000109387 
-0.47488 -0.520815 -0.185117 0.00360803 -0.999994 -0.000111509 
-0.272913 -0.151921 0.457174 -0.0241375 -0.000195001 0.999709 
0.17436 0.547357 0.46811 -0.0241375 -0.000195001 0.999709 
-0.739842 -0.105084 0.0733149 -0.999702 -0.00360893 -0.0241483 
0.140883 0.164876 -0.811161 -0.00261264 0.999153 -0.0410685 
0.0710855 0.337892 0.465575 -0.0241375 -0.000195001 0.999709 
-0.518125 0.136064 0.078765 -0.999691 -0.00359114 -0.0246015 
0.768289 -0.144922 -0.904325 0.999702 0.00360353 0.024128 
-0.73641 -0.41834 0.31313 -0.587529 -0.00220589 0.8092 
0.678231 0.158714 -0.351545 -0.00560212 0.996521 0.0831489 
-0.510543 -0.210305 -0.997978 0.0241246 0.000198042 -0.999709 
0.766307 0.086889 -0.856774 0.999702 0.0036037 0.0241316 
-0.519671 0.399621 0.103431 -0.999702 -0.00360679 -0.0241359 
0.0779003 -0.518745 -0.862718 0.00360803 -0.999994 -0.000111509 
-0.169432 -0.18358 -0.980253 0.0241342 0.00019605 -0.999709 
0.18489 0.229542 0.468302 -0.0241346 -0.000197287 0.999709 
-0.0588087 0.621837 0.462494 -0.0241375 -0.000195001 0.999709 
0.40865 -0.517667 0.178822 0.00360977 -0.999994 -0.000109387 
0.741304 -0.170194 0.217191 0.999702 0.00360327 0.0241356 
0.639391 -0.325417 0.351762 -0.0241341 -0.000204796 0.999709 
0.663848 0.167144 -0.472484 -0.00486014 0.998626 0.0521766 
-0.177454 -0.133416 0.459482 -0.0241346 -0.000197287 0.999709 
0.0918171 -0.0213258 0.466005 -0.0241346 -0.000197287 0.999709 
0.517747 0.10737 -0.0127445 -0.00849046 0.97863 0.205453 
-0.63606 0.152281 -0.362996 -0.00560097 0.996519 0.0831758 
0.745431 0.0717774 0.0101635 0.999702 0.00360831 0.0241467 
-0.715791 0.00473661 -0.939217 -0.999702 -0.00360343 -0.0241349 
-0.462992 -0.49561 0.450115 -0.0209744 -0.378723 0.925273 
0.386793 0.27259 0.0696628 0.0237665 0.0805593 -0.996466 
0.749558 0.16595 -0.755728 0.35901 0.932866 -0.0295458 
0.74982 0.0406897 -0.167011 0.999702 0.0036119 0.024145 
-0.730692 -0.328772 -0.272279 -0.999702 -0.00360623 -0.0241381 
-0.332227 0.574286 0.455884 -0.0241375 -0.000195001 0.999709 
-0.426253 0.69146 0.1659 0.0197145 0.463617 -0.885817 
-0.471219 0.160969 -0.46002 -0.00486012 0.998626 0.0521764 
0.0434849 0.21745 0.464885 -0.0241375 -0.000195001 0.999709 
-0.699935 -0.521611 -0.332696 0.00360803 -0.999994 -0.000111509 
-0.0588087 -0.347014 -0.977615 0.0241342 0.00019605 -0.999709 
0.0114859 0.588468 0.132215 0.02128 0.355349 -0.934491 
-0.452122 0.4625 0.452967 -0.0241375 -0.000195001 0.999709 
0.505859 -0.517226 -0.636851 0.00360977 -0.999994 -0.000109387 
0.76566 0.0274503 -0.821111 0.999702 0.0036037 0.0241316 
-0.305977 -0.0650296 -0.983527 0.0241342 0.00019605 -0.999709 
0.178876 -0.518375 -0.915944 0.00360803 -0.999994 -0.000111509 
0.330489 -0.502829 0.463877 -0.0173843 -0.588946 0.807985 
0.198073 -0.472017 -0.971312 0.0242996 -0.0563886 -0.998113 
0.424382 -0.517521 -0.63023 0.00360977 -0.999994 -0.000109387 
-0.16547 0.669477 0.161797 0.0205409 0.409686 -0.911995 
0.597671 0.345241 -0.210676 -0.00361266 0.999993 0.00011256 
-0.153911 -0.115203 -0.979865 0.0241359 0.000200567 -0.999709 
0.0272296 0.15169 -0.319719 -0.00633677 0.993457 0.114035 
0.014999 -0.0411457 -0.975773 0.0241359 0.000200567 -0.999709 
0.488027 -0.257856 0.465771 0.571739 0.00197266 0.820433 
0.523027 0.106808 -0.00984893 -0.00849046 0.97863 0.205453 
0.511803 -0.517219 -0.506086 0.00360977 -0.999994 -0.000109387 
-0.147055 0.167769 -0.709305 -0.0033656 0.999944 -0.00999661 
-0.731131 0.0452819 -0.309938 -0.999702 -0.00360739 -0.0241406 
0.495208 0.0452819 0.260674 0.73416 -0.611275 -0.295554 
0.754778 -0.257855 -0.32777 0.999702 0.00360615 0.0241379 
-0.289855 -0.116677 -0.983148 0.0241342 0.00019605 -0.999709 
0.768202 -0.240024 -0.886493 0.999702 0.00360353 0.024128 
-0.631204 -0.543161 -0.868662 -0.999702 -0.00354929 -0.0241353 
-0.482934 0.160622 -0.45447 -0.00486012 0.998626 0.0521764 
0.0570585 0.157094 -0.373984 -0.00560212 0.996521 0.0831489 
-0.0766403 0.159568 -0.88055 -0.00185559 0.997397 -0.0720846 
0.612129 -0.150743 0.358814 -0.0241531 -0.000194759 0.999708 
-0.314395 -0.520215 -0.381264 0.00360803 -0.999994 -0.000111509 
0.324864 0.132341 -0.157395 -0.00706338 0.989446 0.14473 
-0.36789 0.893788 0.302281 0.0114291 0.804694 -0.593579 
-0.213349 0.0631135 -0.981265 0.0241359 0.000200567 -0.999709 
0.285936 -0.400508 0.470617 -0.0241346 -0.000197287 0.999709 
-0.55215 0.315623 -0.981595 0.0124884 0.774214 -0.632801 
-0.716726 -0.51603 -0.452724 -0.534875 -0.84483 -0.0130796 
0.271225 -0.107107 0.470319 -0.0241346 -0.000197287 0.999709 
-0.29654 -0.520117 -0.674285 0.00360803 -0.999994 -0.000111509 
-0.228985 0.273189 0.0550243 0.0237667 0.0805563 -0.996467 
0.0422371 0.645613 0.464939 -0.0241375 -0.000195001 0.999709 
0.0483662 -0.445003 -0.975047 0.0241342 0.00019605 -0.999709 
0.101676 0.122552 -0.963477 0.0185972 0.527849 -0.849134 
-0.249013 -0.520033 0.112077 0.00360977 -0.999994 -0.000109387 
0.252228 0.464723 0.469974 -0.0241375 -0.000195001 0.999709 
0.349706 0.169834 -0.670002 -0.0033656 0.999944 -0.00999661 
-0.700747 -0.521646 -0.0424638 0.00360803 -0.999994 -0.000111509 
0.761122 -0.231969 -0.594389 0.999703 0.00360617 0.0241232 
-0.0643215 0.164734 -0.801574 -0.00261264 0.999153 -0.0410685 
-0.28711 0.134104 -0.199318 -0.00706338 0.989446 0.14473 
0.373355 0.170136 -0.647719 -0.0033656 0.999944 -0.00999661 
-0.213349 0.162457 -0.464479 -0.00486012 0.998626 0.0521764 
-0.593757 0.325518 0.278505 -0.0035965 0.999994 0.000109541 
-0.278433 -0.520035 -0.82697 0.00360803 -0.999994 -0.000111509 
-0.350058 -0.520303 -0.743841 0.00360803 -0.999994 -0.000111509 
0.0838442 -0.518765 -0.494198 0.00360803 -0.999994 -0.000111509 
0.511803 -0.517227 -0.434759 0.00360977 -0.999994 -0.000109387 
-0.165798 0.300868 0.0592748 0.0234231 0.135718 -0.990471 
0.452364 0.675332 0.178343 0.0205409 0.409687 -0.911995 
0.447225 0.273224 0.474643 -0.0241346 -0.000197287 0.999709 
0.753567 -0.103909 -0.300605 0.999702 0.00360615 0.0241379 
0.480661 -0.517335 -0.477934 0.00360977 -0.999994 -0.000109387 
-0.237125 -0.519921 -0.517973 0.00360803 -0.999994 -0.000111509 
0.694238 -0.516538 -0.715572 0.00360977 -0.999994 -0.000109387 
-0.379778 0.306812 0.0550287 0.0234257 0.135686 -0.990475 
-0.291343 0.161445 -0.452385 -0.00486012 0.998626 0.0521764 
0.304117 0.421001 0.471218 -0.0241346 -0.000197287 0.999709 
0.00558534 0.709293 0.184845 0.0197145 0.463617 -0.885817 
0.752175 -0.0422138 -0.252151 0.999702 0.00359104 0.0241261 
-0.516487 0.341271 -0.678458 -0.00361223 0.999993 0.000109156 
0.763204 0.115988 -0.732626 0.999701 0.0036147 0.0241611 
-0.47488 -0.517702 0.373607 0.00361053 -0.999994 -0.00012486 
-0.403553 0.223598 0.454093 -0.0241375 -0.000195001 0.999709 
0.766673 0.104721 -0.874606 0.999704 0.00357701 0.0240807 
-0.534829 -0.404454 -0.998603 0.0241253 0.000198124 -0.999709 
0.755741 -0.230381 -0.955541 0.340106 0.00132919 -0.940386 
0.190834 0.526735 0.468503 -0.0241375 -0.000195001 0.999709 
-0.587813 0.324644 -0.962003 0.000841185 0.983227 -0.182386 
0.486588 0.162643 -0.411554 -0.00560097 0.996519 0.0831758 
0.00317645 -0.127353 0.463844 -0.0241346 -0.000197287 0.999709 
0.756989 -0.396066 -0.398693 0.999702 0.00360615 0.0241379 
-0.360524 -0.520402 -0.189433 0.00360803 -0.999994 -0.000111509 
-0.0528649 0.604006 0.462634 -0.0241375 -0.000195001 0.999709 
-0.457208 0.0957215 0.00245244 -0.00848929 0.978625 0.205479 
-0.517533 -0.429121 0.438342 -0.688228 -0.00256382 0.72549 
0.0430425 0.696924 0.179204 0.0197145 0.463617 -0.885817 
-0.729394 -0.334896 -0.325121 -0.999702 -0.00360623 -0.0241381 
0.233208 -0.0913197 -0.970514 0.0241359 0.000200567 -0.999709 
-0.552834 0.164452 -0.777357 -0.00261253 0.999153 -0.0410696 
0.638105 0.332035 -0.212906 0.999703 0.00347692 0.0241368 
0.51035 0.122761 -0.954397 0.0185972 0.527849 -0.849134 
0.505809 0.140384 0.0883013 0.889916 -0.0111566 -0.455988 
0.167058 0.146001 -0.262387 -0.0063365 0.993457 0.114032 
-0.203504 0.140927 -0.241881 -0.00706305 0.989447 0.144726 
-0.729765 -0.39884 -0.300196 -0.999702 -0.00360623 -0.0241381 
0.193869 -0.435385 -0.971532 0.0241342 0.00019605 -0.999709 
0.759866 -0.265155 -0.537391 0.999702 0.00360615 0.0241379 
-0.566095 0.341055 -0.339032 -0.00361267 0.999993 0.000109208 
0.259936 0.133865 0.470094 -0.0241346 -0.000197287 0.999709 
-0.552224 0.160468 -0.457984 -0.00486012 0.998626 0.0521764 
-0.2609 0.0928329 0.457512 -0.0241375 -0.000195001 0.999709 
-0.525024 0.473241 0.314168 -0.999704 -0.00360629 -0.0240599 
0.222262 0.0512885 0.469169 -0.0241346 -0.000197287 0.999709 
0.496369 0.419746 0.106133 0.68945 0.143616 -0.709953 
0.535286 -0.517152 -0.342227 0.00360977 -0.999994 -0.000109387 
0.256216 -0.518107 -0.815167 0.00360803 -0.999994 -0.000111509 
0.136109 0.716321 0.467219 -0.0241375 -0.000196454 0.999709 
-0.0509573 0.212865 0.462604 -0.0241375 -0.000195001 0.999709 
-0.379627 -0.0686432 -0.985305 0.0241342 0.00019605 -0.999709 
0.0298578 -0.518964 -0.461056 0.00360803 -0.999994 -0.000111509 
0.318678 0.594557 0.141526 0.02128 0.355349 -0.934491 
-0.60406 -0.546729 -0.378495 0.00362401 -0.999993 -0.000109532 
0.764222 -0.220954 -0.950319 0.674069 0.00251463 -0.738665 
0.196778 0.437577 0.0911994 0.0225093 0.245803 -0.969058 
-0.36789 -0.52045 -0.000856727 0.00360977 -0.999994 -0.000109387 
0.500013 0.549493 0.302707 0.999703 0.00360414 0.0240825 
0.333487 -0.51789 -0.256443 0.00360977 -0.999994 -0.000109387 
-0.278732 -0.358901 -0.982927 0.0241342 0.00019605 -0.999709 
-0.156112 -0.519599 -0.776901 0.00360803 -0.999994 -0.000111509 
0.226497 0.847704 0.469427 -0.0241373 -0.000197183 0.999709 
-0.136993 0.0989695 0.000214605 -0.00849046 0.97863 0.205453 
0.29188 0.17003 -0.630907 -0.0033656 0.999944 -0.00999666 
-0.321437 0.113171 0.456054 -0.0241375 -0.000195001 0.999709 
0.363206 0.170257 -0.613075 -0.00411538 0.999769 0.0210844 
-0.130135 -0.519556 -0.321826 0.00360803 -0.999994 -0.000111509 
-0.638193 -0.0360647 0.297372 -0.0232525 0.441003 0.897204 
-0.162585 0.166077 -0.762647 -0.00261253 0.999153 -0.0410696 
-0.734991 0.0871393 -0.156327 -0.999703 -0.00359036 -0.0241175 
0.214609 -0.0319884 -0.970952 0.0241359 0.000200567 -0.999709 
-0.171568 0.167766 -0.701407 -0.0033656 0.999944 -0.00999661 
-0.254956 0.21171 0.049956 0.024036 0.0253947 -0.999388 
0.500422 0.56205 0.283868 0.999703 0.00360374 0.0240944 
0.535578 0.329597 0.236898 -0.00359618 0.999994 0.000109581 
0.276366 -0.337026 -0.969522 0.0241342 0.00019605 -0.999709 
-0.141927 0.167656 -0.722312 -0.0033656 0.999944 -0.00999661 
0.505828 -0.183994 -0.963951 0.0241359 0.000200567 -0.999709 
-0.732191 -0.418825 -0.19673 -0.999702 -0.00360623 -0.0241381 
0.335785 -0.472481 0.471806 -0.0241346 -0.000197287 0.999709 
0.440476 0.168671 -0.737897 -0.00261264 0.999153 -0.0410685 
-0.179213 -0.519727 -0.380483 0.00360803 -0.999994 -0.000111509 
-0.19545 0.219853 0.459117 -0.0241375 -0.000195001 0.999709 
0.75235 -0.459947 -0.197004 0.999702 0.00360615 0.0241379 
0.229728 -0.518228 -0.590228 0.00360803 -0.999994 -0.000111509 
-0.733009 -0.383087 -0.168211 -0.999702 -0.00360623 -0.0241381 
-0.123069 -0.191068 0.460784 -0.0241346 -0.000197287 0.999709 
0.739881 -0.372249 0.306325 0.999704 0.00359884 0.0240464 
0.0577776 0.298623 0.465246 -0.0241375 -0.000195001 0.999709 
-0.601875 0.318222 -0.683717 0.00362404 -0.999993 -0.000111071 
-0.326283 0.918669 0.361719 -0.00122114 0.995184 -0.0980122 
0.257279 -0.07362 0.469989 -0.0241346 -0.000197287 0.999709 
0.763515 0.104721 -0.743841 0.999701 0.0036147 0.0241611 
0.294053 0.4014 0.470971 -0.0241346 -0.000197287 0.999709 
-0.437807 0.34546 0.0589508 0.0234257 0.135686 -0.990475 
0.405175 0.791384 0.239799 0.0187987 0.516903 -0.855838 
-0.142023 -0.150866 0.460334 -0.0241346 -0.000197287 0.999709 
-0.370272 0.305011 0.454912 -0.0241375 -0.000195001 0.999709 
0.218155 0.623467 0.15023 0.0212799 0.35535 -0.934491 
0.119507 0.086889 0.466695 -0.0241346 -0.000197287 0.999709 
-0.497615 0.528302 0.103788 -0.337733 0.279425 -0.898809 
0.268104 0.0452819 -0.969645 0.0241359 0.000200567 -0.999709 
0.607933 0.322568 -0.495174 0.003624 -0.999993 -0.000108993 
-0.665084 -0.412396 0.320252 -0.0241359 -0.000197555 0.999709 
-0.0396985 -0.519236 -0.267974 0.00360977 -0.999994 -0.000109387 
-0.0766403 -0.519389 -0.0840709 0.00360977 -0.999994 -0.000109387 
0.642568 -0.436172 0.351816 -0.0241341 -0.000204796 0.999709 
0.761449 -0.436172 -0.577412 0.999701 0.0036147 0.0241611 
0.318926 -0.130917 0.471466 -0.0241346 -0.000197287 0.999709 
-0.736031 -0.0539397 -0.0922166 -0.999702 -0.00360431 -0.0241364 
0.0303493 0.913087 0.431232 -0.011043 0.948792 0.31571 
0.529634 -0.0676517 0.356838 -0.0241249 -0.000198082 0.999709 
-0.407306 0.211463 0.454 -0.0241375 -0.000195001 0.999709 
-0.059159 -0.357264 -0.977625 0.0241342 0.00019605 -0.999709 
-0.409497 0.526735 0.454009 -0.0241375 -0.000195001 0.999709 
0.7449 -0.219544 0.0756092 0.999702 0.0036055 0.0241377 
0.453616 -0.459947 0.474653 -0.0241346 -0.000197287 0.999709 
0.216174 0.525892 0.469115 -0.0241375 -0.000195001 0.999709 
0.754025 -0.462098 -0.266075 0.999702 0.00360615 0.0241379 
0.482083 -0.347014 0.469473 0.409374 0.00137643 0.912366 
0.120103 -0.515314 0.372461 0.00550654 -0.99685 -0.07912 
-0.48553 0.566459 0.452181 -0.0241375 -0.000195001 0.999709 
0.125451 0.157094 -0.369377 -0.00560212 0.996521 0.0831489 
0.0541248 -0.240024 0.465052 -0.0241346 -0.000197287 0.999709 
0.760801 -0.507639 -0.930318 0.537825 -0.736794 -0.409731 
0.74847 0.0814136 -0.117193 0.999702 0.0036055 0.0241377 
0.203111 0.038301 0.468704 -0.0241346 -0.000197287 0.999709 
-0.716558 -0.429754 -0.842572 -0.999702 -0.00360343 -0.0241349 
-0.721874 0.104721 -0.702233 -0.999702 -0.00360832 -0.0241502 
-0.724299 -0.376733 -0.529861 -0.999702 -0.00360623 -0.0241381 
-0.72461 0.112713 -0.590141 -0.999702 -0.00360674 -0.0241304 
-0.0664757 0.167077 -0.744426 -0.00261253 0.999153 -0.0410696 
0.0719782 -0.194507 0.465492 -0.0241346 -0.000197287 0.999709 
-0.713733 -0.405935 -0.963176 -0.9997 -0.0036044 -0.0242118 
0.0362932 -0.518974 -0.155397 0.00360977 -0.999994 -0.000109387 
0.0813223 -0.518799 -0.268959 0.00360977 -0.999994 -0.000109387 
-0.0051764 0.293464 0.463725 -0.0241375 -0.000195001 0.999709 
-0.457048 -0.0260446 0.452753 -0.0241375 -0.000195001 0.999709 
-0.241757 -0.244161 -0.982011 0.0241342 0.00019605 -0.999709 
0.769983 -0.475656 -0.925043 0.999686 0.00360292 0.024816 
0.105309 0.160085 -0.406576 -0.00560097 0.996519 0.0831758 
0.220553 0.705052 0.187409 0.0197145 0.463617 -0.885817 
0.173002 -0.518477 -0.191061 0.00360977 -0.999994 -0.000109387 
-0.527184 0.784306 0.357204 -0.999698 -0.00360314 -0.0243172 
-0.723536 -0.354889 -0.564716 -0.999702 -0.00360623 -0.0241381 
-0.0305175 -0.519176 -0.506169 0.00360803 -0.999994 -0.000111509 
-0.733543 -0.436243 -0.138114 -0.999702 -0.00360623 -0.0241381 
0.739966 -0.142678 0.268529 0.999703 0.00360153 0.0241245 
0.582965 0.345205 -0.361459 -0.00361266 0.999993 0.00011256 
-0.564038 0.00367479 0.329102 -0.0241249 -0.000198005 0.999709 
-0.728716 0.134508 -0.319673 -0.864231 0.501721 0.0371615 
0.119507 0.419746 0.46676 -0.0241375 -0.000195001 0.999709 
0.731726 -0.240024 -0.958508 0.0241359 0.000200567 -0.999709 
0.746876 0.0631135 -0.0484077 0.999703 0.0035912 0.0241184 
0.297823 -0.517986 -0.559581 0.00360803 -0.999994 -0.000111509 
-0.732563 -0.381353 -0.186933 -0.999702 -0.00360623 -0.0241381 
-0.527771 0.534142 0.418817 -0.999739 -0.00360386 -0.0225512 
0.0792294 -0.125118 -0.974239 0.0241359 0.000200567 -0.999709 
0.0673825 -0.0899541 -0.974518 0.0241359 0.000200567 -0.999709 
-0.504599 0.532679 0.448695 -0.374304 -0.00145265 0.927305 
-0.43664 0.0396209 -0.98666 0.0241359 0.000200567 -0.999709 
0.430903 0.13237 -0.152421 -0.00706338 0.989446 0.14473 
-0.017758 0.582243 0.463478 -0.0241375 -0.000195001 0.999709 
-0.0117339 0.153284 0.0543209 0.024036 0.0253947 -0.999389 
0.32462 0.308569 0.0719276 0.0234231 0.135718 -0.990471 
0.609629 0.322506 0.129825 0.003624 -0.999993 -0.000108993 
0.722995 -0.0345117 -0.958678 0.0241359 0.000200567 -0.999709 
0.0896314 0.143748 -0.945343 0.0130262 0.757466 -0.652744 
0.375094 0.265205 0.0687867 0.0237665 0.0805593 -0.996466 
-0.314395 0.154125 -0.363433 -0.00560212 0.996521 0.0831489 
0.757218 -0.257855 -0.428815 0.999702 0.00360615 0.0241379 
-0.721942 -0.115203 -0.66657 -0.999702 -0.00360832 -0.0241502 
0.624314 -0.542313 -0.227021 0.00359652 -0.999994 -0.000110249 
0.375094 -0.430228 -0.967156 0.0241342 0.00019605 -0.999709 
0.285936 0.58023 0.47081 -0.0241375 -0.000195001 0.999709 
-0.619546 0.324644 0.0169749 -0.999706 -0.00233824 -0.0241363 
0.462636 0.101727 0.0118569 -0.00849046 0.97863 0.205453 
-0.48074 -0.256731 0.452136 -0.0241375 -0.000195001 0.999709 
-0.742843 -0.04982 0.189347 -0.999702 -0.00360302 -0.0241355 
-0.0866168 0.165282 -0.506746 -0.00486014 0.998626 0.0521766 
-0.743866 -0.476631 0.295484 -0.999684 -0.00360615 -0.0248755 
0.367887 -0.0700342 -0.967259 0.0241359 0.000200567 -0.999709 
0.0303493 0.13951 -0.22078 -0.00706305 0.989447 0.144726 
0.460841 0.0155625 0.474653 0.0904362 0.000216717 0.995902 
-0.305343 0.141156 -0.248419 -0.00706305 0.989447 0.144726 
-0.527283 0.340623 0.427541 -0.999608 -0.00360422 -0.027763 
-0.433273 -0.133034 -0.986613 0.0241342 0.00019605 -0.999709 
-0.12409 -0.268207 -0.979176 0.0241342 0.00019605 -0.999709 
-0.427329 0.162353 -0.832999 -0.00185681 0.997395 -0.0721135 
-0.29062 -0.198417 -0.983182 0.0241342 0.00019605 -0.999709 
0.496942 0.568342 0.427102 0.999703 0.00360412 0.0240827 
0.364731 -0.517727 -0.712305 0.00360803 -0.999994 -0.000111509 
0.744612 -0.34067 0.105641 0.999702 0.00360615 0.0241379 
0.65772 0.0925946 0.0615774 -0.00918966 0.971849 0.235426 
0.499771 -0.216248 0.427102 0.999703 0.00360537 0.0241046 
0.494974 -0.517314 -0.192063 0.00360977 -0.999994 -0.000109387 
0.0206029 0.716336 0.46443 -0.0241375 -0.000196454 0.999709 
0.757362 -0.154839 -0.450178 0.999702 0.00360615 0.0241379 
-0.598949 0.158049 -0.429608 -0.00560097 0.996519 0.0831758 
0.749558 -0.412396 -0.0884748 0.999702 0.00360615 0.0241379 
-0.200106 -0.519802 -0.386824 0.00360803 -0.999994 -0.000111509 
-0.0254034 -0.519221 0.0636432 0.00360977 -0.999994 -0.000109387 
0.0709284 0.902575 0.323363 0.00857944 0.873938 -0.485961 
-0.522431 -0.364845 0.432574 -0.829155 -0.00305286 0.559011 
0.15648 0.16881 -0.707424 -0.0033656 0.999944 -0.00999661 
0.541522 0.34507 -0.494198 -0.00361266 0.999993 0.00011256 
0.579301 -0.478607 0.357957 -0.0241531 -0.000194759 0.999708 
0.375629 0.164516 -0.449032 -0.00486012 0.998626 0.0521764 
-0.652144 -0.521445 -0.275329 0.00360803 -0.999994 -0.000111509 
0.240696 -0.329852 0.469538 -0.0241346 -0.000197287 0.999709 
0.189672 0.769163 0.468523 -0.0241375 -0.000196454 0.999709 
-0.457048 -0.459947 0.452668 -0.0241346 -0.000197287 0.999709 
0.253144 -0.518239 0.285085 0.00360977 -0.999994 -0.000109387 
0.00279963 0.344736 0.463928 -0.0241375 -0.000195001 0.999709 
0.36724 -0.106269 -0.967282 0.0241359 0.000200567 -0.999709 
-0.725073 0.0216916 -0.557347 -0.999702 -0.00360623 -0.0241381 
0.440476 0.153817 -0.922157 0.0056037 0.928704 -0.37078 
-0.112304 0.11064 -0.0543516 -0.00848929 0.978625 0.205479 
-0.579849 0.162679 -0.50288 -0.00486012 0.998626 0.0521764 
-0.526547 0.499843 0.373232 -0.999703 -0.00360536 -0.0241048 
-0.65914 -0.198417 0.320438 -0.0241359 -0.000197555 0.999709 
0.644418 -0.519386 -0.708177 0.9997 0.00415318 0.0241358 
-0.740134 -0.317873 0.117151 -0.999702 -0.00361186 -0.024145 
0.392925 -0.514277 -0.939988 0.0122037 -0.930341 -0.366492 
0.386982 -0.51772 -0.0484077 0.00360977 -0.999994 -0.000109387 
-0.589328 0.166251 -0.609024 -0.00411538 0.999769 0.0210844 
-0.570914 -0.229794 0.32889 -0.0241249 -0.000198005 0.999709 
0.000484318 0.842374 0.463969 -0.0241373 -0.000197183 0.999709 
0.458308 0.147176 -0.256443 -0.00633677 0.993457 0.114035 
-0.0201918 0.16863 -0.610757 -0.00411538 0.999769 0.0210844 
0.652858 0.167483 -0.78031 -0.00261264 0.999153 -0.0410685 
-0.409497 0.437577 0.0771167 0.0225094 0.245802 -0.969059 
0.738977 -0.293519 0.332 0.999697 0.0036038 0.0243647 
-0.109254 -0.519508 -0.0748919 0.00360977 -0.999994 -0.000109387 
0.482933 0.143221 0.468127 0.491529 0.00167767 0.87086 
-0.164035 0.70267 0.177603 0.0197145 0.463617 -0.885817 
0.769709 -0.299463 -0.939988 0.9997 0.00360649 0.024206 
0.143686 -0.0911923 0.467244 -0.0241346 -0.000197287 0.999709 
0.453585 -0.307201 -0.965237 0.0241359 0.000200567 -0.999709 
0.498772 0.444066 0.369855 0.999702 0.00360556 0.024145 
-0.0112578 -0.51912 -0.387208 0.00360803 -0.999994 -0.000111509 
-0.353706 -0.520366 -0.296113 0.00360803 -0.999994 -0.000111509 
0.131395 -0.518629 -0.167285 0.00360977 -0.999994 -0.000109387 
-0.213349 -0.519903 0.100189 0.00360977 -0.999994 -0.000109387 
-0.0659855 -0.51937 0.0908305 0.00360977 -0.999994 -0.000109387 
-0.10636 0.150398 -0.315882 -0.00633677 0.993457 0.114035 
0.0120128 0.11548 -0.0745415 -0.00777959 0.984501 0.175206 
-0.458684 -0.354927 -0.98727 0.0241342 0.00019605 -0.999709 
0.458308 -0.517462 -0.0543516 0.00360977 -0.999994 -0.000109387 
0.464252 -0.517385 -0.559581 0.00360977 -0.999994 -0.000109387 
-0.342895 0.110936 0.0492401 0.0242429 -0.259948 -0.965318 
-0.402329 -0.520559 -0.141427 0.00360803 -0.999994 -0.000111509 
-0.462992 -0.520815 0.201235 0.00360977 -0.999994 -0.000109387 
-0.439216 0.235486 0.0469621 0.0237667 0.0805563 -0.996467 
-0.219293 0.164602 -0.506086 -0.00486012 0.998626 0.0521764 
-0.122065 -0.507449 0.320184 -0.0152234 -0.680855 0.73226 
0.129448 -0.513196 0.31812 -0.00974421 -0.847795 0.530235 
-0.122713 -0.0794107 -0.979105 0.0241359 0.000200567 -0.999709 
-0.525288 0.586174 0.308225 -0.999704 -0.00360629 -0.0240599 
0.738266 -0.513192 -0.147039 0.453061 -0.891414 0.0107629 
-0.734203 0.0215064 -0.179173 -0.999702 -0.00360431 -0.0241364 
-0.725373 -0.165423 -0.516971 -0.999702 -0.00360623 -0.0241381 
-0.0409771 0.829873 0.255137 0.0177897 0.569383 -0.82188 
0.196778 0.132873 -0.167285 -0.00706338 0.989446 0.14473 
0.624736 -0.388621 -0.969259 0.0241246 0.000197966 -0.999709 
-0.636815 -0.521332 -0.790533 0.00360803 -0.999994 -0.000111509 
0.753317 -0.0888163 -0.292504 0.999702 0.00360615 0.0241379 
-0.525542 -0.138978 0.427102 -0.999735 -0.00360558 -0.0227244 
0.00806304 0.106883 -0.0314852 -0.00848929 0.978625 0.205479 
-0.608169 0.340903 -0.333239 -0.00361267 0.999993 0.000109208 
0.758836 -0.0717886 -0.523623 0.999702 0.00360615 0.0241379 
0.721053 -0.516489 -0.278193 0.00360977 -0.999994 -0.000109387 
0.286418 -0.518068 -0.185892 0.00360977 -0.999994 -0.000109387 
0.0601923 0.166604 -0.76398 -0.00261253 0.999153 -0.0410696 
-0.0355381 0.246896 0.0575126 0.0237665 0.0805593 -0.996466 
-0.269007 0.42944 0.457382 -0.0241375 -0.000195001 0.999709 
-0.569982 0.199823 0.328997 -0.0241524 -0.000194759 0.999708 
0.151615 -0.518478 -0.87833 0.00360803 -0.999994 -0.000111509 
-0.525152 0.667412 0.290469 -0.999701 -0.00360561 -0.0241954 
-0.594437 -0.0280938 -0.990483 0.0241342 0.00019605 -0.999709 
0.679128 -0.0820968 -0.959747 0.0241359 0.000200567 -0.999709 
-0.73381 0.0548141 -0.200429 -0.999702 -0.00360431 -0.0241364 
-0.277548 -0.520082 -0.377333 0.00360803 -0.999994 -0.000111509 
0.438607 -0.333564 -0.965604 0.0241359 0.000200567 -0.999709 
0.0869366 0.473207 0.0976854 0.0225094 0.245802 -0.969059 
0.392925 -0.150866 -0.96667 0.0241359 0.000200567 -0.999709 
0.0481809 0.722883 0.192905 0.0197145 0.463617 -0.885817 
0.464137 -0.0688105 -0.964934 0.0241359 0.000200567 -0.999709 
-0.729424 -0.148618 -0.351708 -0.999702 -0.00360623 -0.0241381 
0.747964 -0.0795394 -0.0721832 0.999702 0.0036119 0.024145 
-0.124327 -0.519564 -0.0623541 0.00360977 -0.999994 -0.000109387 
-0.112304 0.841761 0.461246 -0.0241374 -0.000197006 0.999709 
0.759709 -0.488713 -0.497508 0.999702 0.00360615 0.0241379 
0.742479 -0.0763052 0.154533 0.999702 0.00360349 0.0241363 
-0.570011 0.318312 -0.453191 0.00359651 -0.999994 -0.000109657 
0.482083 -0.0438762 -0.964496 0.0241359 0.000200567 -0.999709 
0.127972 -0.518571 -0.808908 0.00360803 -0.999994 -0.000111509 
0.00657385 -0.519049 -0.446647 0.00360803 -0.999994 -0.000111509 
0.757386 0.141156 -0.495399 0.999702 0.00359104 0.0241261 
0.36915 -0.517709 -0.731953 0.00360803 -0.999994 -0.000111509 
-0.249013 -0.454003 -0.982228 0.0241342 0.00019605 -0.999709 
-0.0384752 0.786222 0.463018 -0.0241373 -0.000197183 0.999709 
-0.730262 -0.262354 -0.300014 -0.999702 -0.00360623 -0.0241381 
0.498707 0.0275083 0.434797 0.999703 0.00360412 0.0240827 
-0.219293 0.123838 -0.969708 0.0185954 0.527993 -0.849045 
0.668001 -0.51669 -0.18476 0.00360977 -0.999994 -0.000109387 
0.506148 0.215014 0.0985662 0.999705 0.00360155 0.0240139 
-0.623545 -0.140506 -0.991208 0.0241342 0.00019605 -0.999709 
-0.373834 0.110868 -0.0662393 -0.00848929 0.978625 0.205479 
0.45881 -0.517392 -0.676959 0.00360977 -0.999994 -0.000109387 
-0.510543 -0.394565 0.443997 -0.533145 -0.00201503 0.846022 
-0.733672 -0.483723 -0.125678 -0.999702 -0.00360623 -0.0241381 
0.339868 -0.517895 -0.00283037 0.00360977 -0.999994 -0.000109387 
-0.52683 0.138072 -0.238142 -0.00706338 0.989446 0.14473 
-0.304975 0.582366 0.456543 -0.0241375 -0.000195001 0.999709 
0.18489 0.508904 0.468356 -0.0241375 -0.000195001 0.999709 
0.244329 -0.251912 0.469641 -0.0241346 -0.000197287 0.999709 
-0.713151 -0.483723 -0.975652 -0.999698 -0.00360208 -0.0243017 
0.0719564 -0.347014 -0.974458 0.0241342 0.00019605 -0.999709 
-0.428856 -0.258653 0.453388 -0.0241375 -0.000195001 0.999709 
-0.546206 -0.528364 -0.916213 0.00362335 -0.999993 -0.000108925 
0.159483 -0.518451 -0.859298 0.00360803 -0.999994 -0.000111509 
0.219744 -0.518277 -0.472301 0.00360977 -0.999994 -0.000109387 
0.26216 -0.180585 0.470086 -0.0241346 -0.000197287 0.999709 
0.741084 -0.504768 0.158039 0.863128 -0.504559 0.0207394 
-0.499589 0.178786 0.449867 -0.295509 -0.00117137 0.955339 
-0.736051 -0.121576 -0.0812431 -0.999702 -0.00361186 -0.024145 
0.202722 -0.518413 0.207179 0.00360977 -0.999994 -0.000109387 
0.0231757 -0.214913 -0.97561 0.0241342 0.00019605 -0.999709 
-0.361946 -0.520342 -0.77356 0.00360803 -0.999994 -0.000111509 
-0.525209 0.604006 0.302281 -0.999701 -0.00360451 -0.0241945 
0.0388203 -0.163035 -0.975222 0.0241359 0.000200567 -0.999709 
0.285936 -0.0676517 -0.969237 0.0241359 0.000200567 -0.999709 
0.529735 -0.517146 -0.580266 0.00360977 -0.999994 -0.000109387 
-0.718109 0.0720059 0.0915309 -0.109226 0.966607 0.231819 
0.0461767 0.165911 -0.506425 -0.00486014 0.998626 0.0521766 
0.440476 -0.323238 -0.965557 0.0241359 0.000200567 -0.999709 
0.308535 0.164637 -0.457596 -0.00486012 0.998626 0.0521764 
0.539475 0.337235 -0.711852 -0.999702 -0.00360515 -0.0241336 
-0.30841 -0.520145 -0.806467 0.00360803 -0.999994 -0.000111509 
0.266133 0.334453 0.470284 -0.0241346 -0.000197287 0.999709 
0.285936 -0.518007 -0.755728 0.00360803 -0.999994 -0.000111509 
-0.599444 -0.187202 -0.990635 0.0241342 0.00019605 -0.999709 
0.369396 0.780642 0.232526 0.0187987 0.516903 -0.855838 
-0.633912 -0.546869 -0.0862525 0.00362401 -0.999993 -0.000109532 
-0.526035 0.568661 0.341849 -0.999702 -0.00360285 -0.0241428 
0.428589 -0.517534 -0.375321 0.00360977 -0.999994 -0.000109387 
0.119507 0.112651 -0.0543516 -0.00848929 0.978625 0.205479 
-0.297712 0.919641 0.388258 -0.00463874 0.999071 0.0428495 
0.730448 -0.514982 -0.0105376 0.277488 -0.960707 0.00650858 
0.502228 0.331596 0.243533 0.999701 0.00360565 0.02417 
0.0232601 0.218597 0.0568223 0.024036 0.0253947 -0.999388 
-0.729695 -0.0390288 -0.356856 -0.999702 -0.00360623 -0.0241381 
-0.414942 0.247284 0.0484949 0.0237667 0.0805563 -0.996467 
0.223823 0.308029 0.0694699 0.0234231 0.135718 -0.990471 
0.499037 0.146328 0.403326 0.999703 0.00360537 0.0241046 
0.221404 0.493371 0.469235 -0.0241375 -0.000195001 0.999709 
0.062 0.281686 0.0626515 0.0237667 0.0805564 -0.996467 
0.756987 0.0589929 -0.466587 0.999702 0.00360615 0.0241379 
0.527124 0.0825005 0.356807 -0.0241249 -0.000198082 0.999709 
-0.219293 0.0987767 -0.980696 0.0222397 0.272655 -0.961855 
-0.527249 0.537747 0.396676 -0.999703 -0.00360418 -0.0240869 
-0.742384 -0.097371 0.177459 -0.999702 -0.00360302 -0.0241355 
0.293028 0.163382 -0.837317 -0.00185681 0.997395 -0.0721135 
0.563744 -0.339239 0.357608 -0.0241531 -0.000194759 0.999708 
0.440476 0.0274503 0.474432 -0.0241346 -0.000197287 0.999709 
-0.451104 0.461353 0.0821809 0.0225094 0.245802 -0.969059 
-0.201462 0.598062 0.459045 -0.0241375 -0.000195001 0.999709 
-0.525041 0.716939 0.278505 -0.999703 -0.0036071 -0.024089 
0.248952 0.892752 0.461833 -0.0226336 0.506999 0.861649 
0.146892 0.442741 0.0913503 0.0225093 0.245803 -0.969058 
-0.118247 -0.436172 0.460852 -0.0241346 -0.000197287 0.999709 
0.752207 -0.494838 -0.1859 0.999702 0.00360615 0.0241379 
0.615055 0.345346 -0.595947 -0.00358943 0.999994 0.000109808 
-0.732739 -0.424284 -0.173229 -0.999702 -0.00360623 -0.0241381 
-0.605645 -0.537217 -0.897013 0.0241521 0.000369088 -0.999708 
0.303406 -0.518004 -0.212682 0.00360977 -0.999994 -0.000109387 
0.75249 -0.446468 -0.204846 0.999702 0.00360615 0.0241379 
0.452619 -0.5175 0.105264 0.00360977 -0.999994 -0.000109387 
-0.0290894 0.168177 -0.708177 -0.0033656 0.999944 -0.00999661 
0.756495 -0.507498 -0.577412 0.711946 -0.702027 0.0170492 
0.00469552 0.0454142 0.463915 -0.0241346 -0.000197287 0.999709 
0.309711 0.710995 0.192504 0.0197145 0.463617 -0.885817 
0.499975 0.443521 0.320112 0.999699 0.00360519 0.0242564 
0.410757 0.170077 -0.595244 -0.00411423 0.999769 0.0211115 
-0.731574 -0.269743 -0.244555 -0.999702 -0.00360623 -0.0241381 
0.149227 0.159559 -0.886493 -0.00185559 0.997397 -0.0720846 
0.747634 0.161406 -0.858908 0.272672 0.960061 -0.0627105 
-0.254956 -0.519967 -0.678458 0.00360803 -0.999994 -0.000111509 
-0.225037 -0.271874 0.458306 -0.0241346 -0.000197287 0.999709 
0.178946 0.673843 0.171516 0.0205409 0.409686 -0.911995 
0.745351 0.0912818 -0.957891 0.110793 0.000508121 -0.993843 
0.750468 -0.097371 -0.173229 0.999702 0.00359104 0.0241261 
-0.73276 -0.335073 -0.185656 -0.999702 -0.00360623 -0.0241381 
0.268104 -0.0319884 0.470259 -0.0241346 -0.000197287 0.999709 
0.143283 0.710995 0.1888 0.0197145 0.463617 -0.885817 
0.392046 0.24241 0.473305 -0.0241346 -0.000197287 0.999709 
-0.516532 -0.528309 -0.442679 0.00359591 -0.999994 -0.000111666 
0.386982 0.158068 -0.363433 -0.00560212 0.996521 0.0831489 
-0.647252 0.132064 -0.202948 -0.00706338 0.989446 0.14473 
0.731825 0.0572888 0.182691 0.525875 0.816905 0.236901 
-0.189668 0.551896 0.459321 -0.0241375 -0.000195001 0.999709 
0.597588 0.297477 -0.968052 0.0214601 0.342643 -0.939221 
-0.265112 0.451516 0.0840061 0.0225094 0.245802 -0.969059 
0.746279 -0.448059 0.0526381 0.999702 0.00360615 0.0241379 
-0.457048 -0.293519 0.452701 -0.0241375 -0.000195001 0.999709 
-0.219293 0.788266 0.458652 -0.0241374 -0.000197006 0.999709 
0.55341 -0.524412 -0.779504 0.00362335 -0.999993 -0.000108925 
0.0162288 -0.519065 0.0166521 0.00360977 -0.999994 -0.000109387 
0.499966 0.631137 0.292449 0.999703 0.00360374 0.0240944 
0.124605 0.160259 -0.876174 -0.00185559 0.997397 -0.0720846 
0.764707 -0.305406 -0.731953 0.999702 0.00360353 0.024128 
-0.512296 0.341287 -0.683128 -0.00361223 0.999993 0.000109156 
0.00492788 0.412905 0.463992 -0.0241375 -0.000195001 0.999709 
0.297824 0.140384 -0.945092 0.0130261 0.757469 -0.652741 
-0.726298 -0.39148 -0.444891 -0.999702 -0.00360623 -0.0241381 
-0.0825842 0.119602 -0.101903 -0.00777959 0.984501 0.175206 
0.496142 0.829873 0.421158 0.999703 0.00360412 0.0240827 
0.760198 -0.04982 -0.583356 0.999702 0.00360669 0.0241297 
0.497232 0.122142 0.454321 0.866892 0.00307272 0.498487 
0.148501 0.888104 0.461713 -0.0234535 0.415548 0.909269 
-0.403514 -0.38718 0.453975 -0.0241346 -0.000197287 0.999709 
0.658083 -0.542197 -0.176856 0.00359652 -0.999994 -0.000110249 
-0.0766403 0.646963 0.153684 0.0205409 0.409687 -0.911995 
0.326508 0.313585 0.471737 -0.0241346 -0.000197287 0.999709 
-0.593757 -0.546689 -0.399096 0.00362401 -0.999993 -0.000109532 
-0.457237 -0.475661 0.45266 -0.0241346 -0.000197287 0.999709 
-0.112304 0.92062 0.385495 -0.00463212 0.999077 0.042692 
0.758824 -0.121168 -0.515754 0.999702 0.00360615 0.0241379 
-0.525958 0.685451 0.32117 -0.999704 -0.00360574 -0.0240778 
0.66364 0.162628 -0.857283 -0.00185681 0.997395 -0.0721135 
0.65294 0.160189 -0.370934 -0.00560212 0.996521 0.0831489 
-0.0186125 -0.497373 0.459464 -0.0209635 -0.379176 0.925087 
0.752473 -0.371158 -0.215368 0.999702 0.00360615 0.0241379 
-0.184147 -0.362894 -0.980644 0.0241342 0.00019605 -0.999709 
-0.274345 -0.520045 -0.603453 0.00360803 -0.999994 -0.000111509 
0.498801 0.60995 0.343888 0.999703 0.00360599 0.0241176 
-0.731677 -0.427639 -0.216702 -0.999702 -0.00360623 -0.0241381 
0.143283 0.235486 0.467298 -0.0241346 -0.000197287 0.999709 
-0.719043 -0.162754 -0.779504 -0.999709 -0.00346747 -0.023886 
0.603152 0.322507 -0.0975058 0.003624 -0.999993 -0.000108993 
-0.266844 -0.516953 0.391439 0.00360393 -0.999994 -8.2169e-05 
-0.687412 0.0489233 -0.992713 0.0241342 0.00019605 -0.999709 
0.498831 0.456011 0.3656 0.999702 0.00360556 0.0241418 
-0.0602259 0.37684 0.462412 -0.0241375 -0.000195001 0.999709 
-0.350058 -0.517251 0.367663 0.00360393 -0.999994 -8.2169e-05 
0.214609 0.743078 0.207179 0.0197145 0.463617 -0.885816 
-0.341367 0.344421 0.0610893 0.0234257 0.135686 -0.990475 
-0.102073 0.155137 -0.361251 -0.00560212 0.996521 0.0831489 
-0.18363 0.722883 0.4595 -0.0241375 -0.000196455 0.999709 
0.172563 -0.518456 -0.396825 0.00360977 -0.999994 -0.000109387 
-0.319324 0.16659 -0.572442 -0.00411538 0.999769 0.0210844 
-0.300781 0.486107 0.456626 -0.0241375 -0.000195001 0.999709 
0.177282 0.381187 0.468148 -0.0241375 -0.000195001 0.999709 
0.0303493 0.139138 -0.951876 0.0130261 0.757469 -0.652741 
0.622775 0.322568 -0.000775577 0.003624 -0.999993 -0.000108993 
-0.090472 0.516413 0.461709 -0.0241375 -0.000195001 0.999709 
0.750405 -0.477779 -0.11379 0.999702 0.00360615 0.0241379 
0.398054 -0.51766 -0.231362 0.00360977 -0.999994 -0.000109387 
0.0719564 -0.329182 -0.974455 0.0241342 0.00019605 -0.999709 
-0.73278 -0.416149 -0.172735 -0.999702 -0.00360623 -0.0241381 
-0.52421 0.504205 0.275846 -0.9997 -0.00360212 -0.024234 
-0.0728086 -0.519289 -0.866425 0.00360803 -0.999994 -0.000111509 
-0.52366 0.532679 0.248786 -0.999704 -0.00360668 -0.0240553 
-0.308125 -0.11582 0.456331 -0.0241375 -0.000195001 0.999709 
0.758465 0.0589458 -0.527809 0.999702 0.00360669 0.0241297 
-0.213349 0.891593 0.302281 0.0114291 0.804694 -0.593579 
-0.730059 -0.468623 -0.277598 -0.999702 -0.00360623 -0.0241381 
-0.647252 -0.0438762 0.300977 -0.0232525 0.441003 0.897204 
0.239109 0.16776 -0.747252 -0.00261253 0.999153 -0.0410696 
-0.220096 -0.206073 0.458439 -0.0241346 -0.000197287 0.999709 
-0.0531818 -0.519258 -0.505046 0.00360803 -0.999994 -0.000111509 
0.24732 0.569252 0.469875 -0.0241375 -0.000195001 0.999709 
0.50192 0.587453 0.218002 0.999704 0.00360456 0.0240823 
-0.389794 0.572327 0.454493 -0.0241375 -0.000195001 0.999709 
-0.0774929 0.324513 0.461985 -0.0241375 -0.000195001 0.999709 
-0.737626 0.0274503 0.219066 -0.709658 0.636103 0.302916 
0.0768267 -0.323311 0.465584 -0.0241346 -0.000197287 0.999709 
-0.457048 -0.519386 0.294826 -0.00316433 -0.961519 0.274719 
-0.157943 -0.519724 0.29257 0.00360977 -0.999994 -0.000109387 
-0.204093 0.187696 0.458902 -0.0241375 -0.000195001 0.999709 
-0.153049 -0.51964 -0.309823 0.00360803 -0.999994 -0.000111509 
0.381038 0.637248 0.159628 0.0205409 0.409687 -0.911995 
-0.0673319 -0.519394 0.26352 0.00360977 -0.999994 -0.000109387 
0.428121 -0.272549 -0.965845 0.0241359 0.000200567 -0.999709 
0.398869 -0.506389 0.332 -0.0152236 -0.680847 0.732268 
0.470541 0.195867 0.473005 0.24847 0.000789693 0.968639 
-0.540639 -0.0915775 0.329648 -0.0241249 -0.000198005 0.999709 
-0.608875 -0.52533 -0.29805 -0.9997 -0.00408382 -0.0241363 
-0.500433 -0.52533 -0.928101 0.9997 0.00420443 0.0241363 
-0.468936 0.253317 0.0476948 0.0237667 0.0805563 -0.996467 
0.533198 0.165353 -0.450383 -0.00486014 0.998626 0.0521766 
0.498424 0.169357 0.425287 0.999705 0.00360297 0.0240364 
-0.438685 -0.520692 -0.123598 0.00360803 -0.999994 -0.000111509 
0.149227 -0.518615 0.290393 0.00360977 -0.999994 -0.000109387 
-0.302921 0.161852 -0.843126 -0.00185681 0.997395 -0.0721135 
0.636057 0.327687 -0.127463 0.999703 0.00347695 0.0241368 
0.155171 0.165803 -0.494198 -0.00486014 0.998626 0.0521766 
0.388462 0.334736 0.0770229 0.0234231 0.135718 -0.990471 
0.617691 0.167372 -0.481152 -0.00486014 0.998626 0.0521766 
0.741868 -0.222511 0.201679 0.999702 0.00360349 0.0241363 
0.062774 0.0309739 0.465314 -0.0241346 -0.000197287 0.999709 
-0.522431 0.550511 0.195244 -0.999701 -0.00360578 -0.024166 
0.366126 0.162383 -0.853017 -0.00185681 0.997395 -0.0721135 
0.392925 0.520792 0.118129 0.021935 0.300707 -0.953464 
-0.73241 0.0928329 -0.03652 -0.713338 0.689011 0.128114 
0.750453 -0.307916 -0.141153 0.999702 0.00360615 0.0241379 
0.410757 0.657501 0.169395 0.0205409 0.409687 -0.911995 
-0.478974 -0.518886 -0.95732 0.0122008 -0.930401 -0.366339 
-0.396098 -0.415292 0.454148 -0.0241346 -0.000197287 0.999709 
0.750807 -0.430228 -0.137566 0.999702 0.00360615 0.0241379 
-0.738194 -0.0324034 -0.00576451 -0.999703 -0.00359036 -0.0241175 
-0.324493 -0.520202 -0.816907 0.00360803 -0.999994 -0.000111509 
-0.0654629 0.424977 0.462295 -0.0241375 -0.000195001 0.999709 
0.745594 -0.304913 0.0596429 0.999702 0.00360615 0.0241379 
-0.739925 -0.120782 0.0791001 -0.999702 -0.00360893 -0.0241483 
0.500822 0.644214 0.255057 0.999701 0.00360565 0.02417 
-0.363504 -0.520416 -0.168026 0.00360803 -0.999994 -0.000111509 
-0.211509 0.152128 0.0494868 0.024036 0.0253947 -0.999389 
0.632807 0.168916 -0.744158 -0.00261264 0.999153 -0.0410685 
0.606905 0.312756 0.348769 -0.02004 0.684821 0.728435 
0.764324 -0.0795394 -0.749784 0.999702 0.0036037 0.0241316 
0.150919 0.0850686 0.0728623 -0.00918966 0.971849 0.235426 
-0.525096 0.413802 0.326056 -0.999704 -0.00360574 -0.0240778 
0.0779003 0.169013 -0.660626 -0.0033656 0.999944 -0.00999666 
