ply
format ascii 1.0
comment VCGLIB generated
element vertex 2000
property float x
property float y
property float z
property float nx
property float ny
property float nz
element face 0
property list uchar int vertex_indices
end_header
-0.390687 -0.313999 -0.0115476 -0.0 -0.996195 -0.0871551 
0.6652 -0.713607 0.5685 -0.0 -0.0871552 0.996195 
0.318435 -0.274417 -0.33154 -1.0 0.0 0.0 
0.536032 -0.31777 0.0315556 -0.0 -0.996195 -0.0871551 
-0.604952 -0.388603 -0.456638 1.0 -0.0 -0.0 
0.658142 -0.142237 -0.522785 1.0 0.0 0.0 
-0.0357035 -0.130366 0.607196 0.0 -0.0871464 0.996196 
0.452045 -0.220451 -0.375985 0.0 0.996195 0.0871568 
-0.688495 -0.616973 -0.830508 -1.0 -0.0 -0.0 
0.543 -0.293149 -0.249869 -0.0 -0.996195 -0.0871551 
0.658142 0.113678 -0.439161 1.0 0.0 0.0 
-0.688495 0.106461 -0.850157 -1.0 0.0 0.0 
0.691824 -0.271205 -0.293919 1.0 0.0 0.0 
-0.348005 -0.195635 -0.99721 0.0 0.087153 -0.996195 
0.658158 -0.902521 -0.212696 0.0 -1.0 0.0 
-0.571269 -0.428553 0.593439 -0.0 -0.0871552 0.996195 
0.23431 -0.0566314 0.601312 -0.0 -0.08716 0.996194 
-0.613387 0.288194 -0.904676 0.0 0.0 -1.0 
0.684065 -0.835171 0.434539 -0.0 0.0871551 -0.996195 
0.706887 0.832657 0.351698 0.0 1.0 0.0 
-0.354321 0.240343 0.590278 -1.0 -0.0 0.0 
-0.355028 -0.28029 0.307965 -0.0 0.996195 0.0871568 
-0.113722 -0.186841 -0.761857 1.0 -0.0 0.0 
-0.688495 -0.370271 -0.87683 -1.0 -0.0 -0.0 
-0.0202994 -0.311572 -0.0392881 -0.0 -0.996195 -0.0871551 
-0.268561 -0.280619 0.311726 -0.0 0.996195 0.0871568 
0.655682 0.740778 -0.234247 1.0 -0.0 -0.0 
0.655682 -0.0925843 -0.290849 1.0 -0.0 -0.0 
-0.516494 -0.241375 -0.474762 1.0 -0.0 -0.0 
0.655682 0.63302 -0.284534 1.0 -0.0 -0.0 
0.54078 -0.330318 0.174978 -0.0 -0.996195 -0.0871551 
0.619106 0.297784 -0.325063 -0.0 -0.0 -1.0 
0.691824 -0.334823 0.314747 1.0 -0.0 -0.0 
-0.405054 0.324113 0.585293 0.0 0.0871563 -0.996195 
0.571148 -0.230297 -0.968267 -0.0 -0.996195 -0.0871551 
-0.688495 0.399954 -0.813782 -1.0 0.0 0.0 
0.623472 0.168128 -0.781817 0.0 0.0 1.0 
-0.247009 0.822848 0.692471 0.0 0.996192 0.0871853 
-0.415295 -0.300383 0.537626 -0.0 0.996195 0.0871568 
0.484618 0.796149 0.620519 0.0 0.0871644 -0.996194 
0.32344 -0.288576 -0.302133 -0.0 -0.996195 -0.0871551 
-0.688495 -0.286515 -0.0618346 -1.0 0.0 0.0 
0.692434 0.307594 -0.815156 1.0 0.0 0.0 
0.214662 -0.445116 0.493329 0.0 0.0871642 -0.996194 
0.584585 -0.327061 0.602321 0.0 -0.0871571 0.996195 
-0.225458 -0.437376 0.568003 0.0 -0.0871657 0.996194 
-0.663924 -0.823422 0.312725 -1.0 -0.0 -0.0 
-0.188907 -0.214376 -0.445421 0.0 0.996195 0.0871568 
-0.652649 0.51582 -0.543744 -0.0 -0.0 -1.0 
0.655682 0.345665 -0.248615 1.0 -0.0 -0.0 
-0.627754 0.0726782 0.637291 0.0 -0.0871552 0.996195 
-0.393742 -0.263213 0.112774 -0.0 0.996195 0.0871568 
-0.347583 -0.164389 0.530222 -0.0 0.0871644 -0.996194 
0.691824 -0.292974 0.113014 1.0 -0.0 0.0 
-0.661467 -0.581054 0.218336 -1.0 -0.0 -0.0 
0.622396 -0.387517 -0.781817 -0.0 -0.0 1.0 
0.655682 -0.0823807 -0.257665 1.0 -0.0 -0.0 
-0.663924 0.582725 0.379565 -1.0 -0.0 -0.0 
0.136887 -0.0232004 0.604237 -0.0 -0.08716 0.996194 
-0.48711 -0.211386 -0.823402 -1.0 0.0 0.0 
0.0834485 0.31693 0.584665 -0.0 0.0871563 -0.996195 
0.692434 -0.628483 0.561953 1.0 -0.0 0.0 
0.613913 -0.431665 -0.325063 -0.0 -0.0 -1.0 
0.60654 0.624011 -0.225263 -1.0 -0.0 -0.0 
-0.694309 0.795799 0.363512 0.0 -1.0 0.0 
-0.663924 0.273196 0.437718 -1.0 -0.0 -0.0 
0.658158 -0.861224 0.555586 -0.0 -0.0871552 0.996195 
-0.196169 -0.247693 -0.0646164 -0.0 0.996195 0.0871568 
-0.317263 0.29929 0.583121 -0.0 0.0871563 -0.996195 
0.634918 -0.40541 -0.543744 -0.0 -0.0 -1.0 
-0.659008 0.102853 -0.0608359 -1.0 -0.0 -0.0 
0.385171 -0.248565 -0.0546508 -0.0 0.996195 0.0871568 
-0.333216 -0.200798 -0.600625 -0.0 0.996195 0.0871568 
-0.129892 0.518794 0.651658 0.0 -0.08716 0.996194 
0.413906 0.71535 0.613449 0.0 0.0871644 -0.996194 
-0.567308 -0.246543 -0.0777635 0.0 0.996195 0.0871568 
0.648311 0.029575 0.333278 1.0 -0.0 -0.0 
-0.0399371 -0.28718 -0.318095 -0.0 -0.996195 -0.0871551 
0.0225268 0.0103336 0.607171 -0.0 -0.08716 0.996194 
-0.678041 -0.293699 0.605237 0.0 -0.0871552 0.996195 
0.0547131 -0.505989 0.491323 0.0 -0.996195 -0.0871468 
-0.656551 0.183012 -0.236157 -1.0 -0.0 -0.0 
-0.0530449 0.137333 0.618283 0.0 -0.08716 0.996194 
-0.661467 0.160303 0.130598 -1.0 0.0 0.0 
-0.688495 -0.231388 -0.424363 -1.0 0.0 0.0 
-0.625281 -0.556968 -0.433169 -0.0 -0.0 1.0 
0.655682 -0.0368214 -0.281982 1.0 -0.0 -0.0 
-0.659008 0.601593 -0.00644186 -1.0 -0.0 -0.0 
0.692434 -0.0892781 0.573862 1.0 -0.0 0.0 
-0.607408 0.763139 -0.26052 1.0 -0.0 -0.0 
0.430219 -0.294002 -0.240111 -0.0 -0.996195 -0.0871551 
-0.651637 0.381584 -0.708383 -1.0 0.0 0.0 
-0.565637 0.0533621 0.582605 1.0 0.0 0.0 
-0.65649 0.8198 -0.904676 0.0 0.0 -1.0 
0.658142 -0.66726 -0.449763 1.0 0.0 0.0 
0.342068 0.331297 0.635253 -0.0 -0.08716 0.996194 
-0.0745965 -0.248565 -0.0546508 -0.0 0.996195 0.0871568 
0.655682 0.0183011 -0.249201 1.0 -0.0 -0.0 
-0.663924 0.216355 0.405117 -1.0 -0.0 -0.0 
0.489507 -0.143394 0.606056 -0.0 -0.0871464 0.996196 
-0.0889643 -0.473296 0.490864 -0.0 0.0871642 -0.996194 
0.0690808 -0.229081 -0.277351 -0.0 0.996195 0.0871568 
0.680891 0.832657 -0.338857 0.0 1.0 0.0 
0.692434 0.762329 0.663736 1.0 0.0 0.0 
-0.613698 0.47609 0.112292 0.0 0.0 -1.0 
0.454275 0.368899 0.638543 -0.0 -0.08716 0.996194 
-0.0602288 0.0439427 0.610112 -0.0 -0.08716 0.996194 
0.263045 -0.22186 0.599192 -0.0 -0.0871464 0.996196 
0.353346 0.16093 0.590625 1.0 -0.0 -0.0 
-0.0201437 -0.104258 0.565242 1.0 -0.0 -0.0 
0.664945 -0.577837 0.580378 -0.0 -0.0871552 0.996195 
0.590158 0.832657 0.175297 0.0 1.0 0.0 
0.691824 -0.268718 -0.197422 1.0 0.0 0.0 
0.653225 -0.21563 -0.0774766 1.0 -0.0 -0.0 
-0.315738 -0.386513 -0.860164 -0.0 -1.0 -0.0 
-0.311664 0.467791 0.597864 -0.0 0.0871563 -0.996195 
0.505827 -0.263325 -0.794101 -0.0 -0.0 1.0 
0.624958 0.70218 -0.43317 0.0 0.0 1.0 
-0.659008 -0.717547 -0.0762023 -1.0 -0.0 -0.0 
-0.678041 -0.193125 -0.996991 -0.0 0.087153 -0.996195 
-0.484077 -0.286515 -0.867818 -0.0 -0.0 -1.0 
0.691824 -0.264964 -0.0977539 1.0 -0.0 0.0 
0.519823 -0.215313 -0.901762 -1.0 0.0 0.0 
0.0217689 -0.0964116 0.597832 -0.0 -0.08716 0.996194 
-0.555916 0.832657 0.0387395 0.0 1.0 0.0 
0.0187937 -0.25925 0.067475 -0.0 0.996195 0.0871568 
-0.459872 -0.258605 -0.64471 0.0 -0.996195 -0.0871551 
0.692434 -0.875592 -0.880795 1.0 0.0 0.0 
0.247832 -0.274697 -0.46077 0.0 -0.996195 -0.0871551 
0.42109 0.77279 0.692471 -0.0 -0.0871661 0.996194 
-0.685225 0.832657 -0.140857 -0.0 1.0 -0.0 
0.248677 -0.253663 -0.701199 -0.0 -0.996195 -0.0871551 
-0.183906 -0.355038 0.599874 -0.0 -0.0871571 0.996195 
0.318435 -0.251513 -0.409325 -1.0 -0.0 0.0 
0.23237 0.398239 0.64111 -0.0 -0.08716 0.996194 
0.0547131 -0.234179 -0.923899 -0.0 -0.996195 -0.0871551 
-0.599019 -0.902521 0.297359 0.0 -1.0 0.0 
0.608139 0.295239 0.112292 -0.0 -0.0 -1.0 
-0.604227 0.832657 -0.192826 0.0 1.0 0.0 
-0.614779 0.275672 0.333953 1.0 0.0 0.0 
-0.143208 0.0588234 0.562083 -0.0 0.0871563 -0.996195 
0.569575 -0.686269 0.525424 -1.0 0.0 0.0 
0.667863 -0.84631 -0.358713 1.0 0.0 0.0 
-0.565637 0.306756 -0.837407 1.0 -0.0 -0.0 
0.193478 -0.331502 0.188523 0.0 -0.996195 -0.0871551 
-0.663924 0.230723 0.390749 -1.0 -0.0 -0.0 
0.42109 0.374401 0.589693 -0.0 0.0871563 -0.996195 
0.393859 -0.20284 0.600856 -0.0 -0.0871464 0.996196 
-0.688495 0.630668 0.67279 -1.0 -0.0 -0.0 
-0.440974 -0.277546 -0.428212 0.0 -0.996195 -0.0871551 
0.556905 -0.386513 -0.814579 0.0 -1.0 0.0 
0.342068 -0.168115 -0.974186 0.0 0.996195 0.0871568 
-0.541548 -0.329083 0.160865 0.0 -0.996195 -0.0871551 
-0.656551 -0.552447 -0.298197 -1.0 0.0 0.0 
0.660371 -0.298758 -0.185751 -0.0 -0.996195 -0.0871551 
0.565696 0.795799 0.135101 0.0 -1.0 0.0 
-0.380816 -0.267529 0.594337 0.0 -0.996196 -0.0871434 
-0.232952 0.603875 0.659102 -0.0 -0.08716 0.996194 
0.639181 0.164937 -0.106386 0.0 0.0 -1.0 
-0.637523 -0.36032 0.476082 -0.0 0.0871551 -0.996195 
-0.124884 -0.251148 -0.729934 -0.0 -0.996195 -0.0871551 
-0.663674 -0.52829 0.584713 0.0 -0.0871552 0.996195 
0.212758 -0.3008 -0.162409 0.0 -0.996195 -0.0871551 
0.45701 0.690688 0.685287 -0.0 -0.0871661 0.996194 
0.569575 -0.470215 -0.843541 -1.0 -0.0 -0.0 
0.660598 -0.0566314 -0.715566 1.0 -0.0 -0.0 
-0.305411 -0.267297 0.595217 -0.0 -0.0871464 0.996196 
0.655682 0.504299 -0.275953 1.0 -0.0 -0.0 
0.0618969 0.223539 0.576494 -0.0 0.0871563 -0.996195 
-0.420914 -0.308647 0.603932 -0.0 -0.0871571 0.996195 
0.655682 0.345665 -0.291718 1.0 -0.0 -0.0 
-0.179253 -0.506546 0.497696 0.0 -0.996195 -0.0871468 
0.577717 -0.677501 -0.904676 -0.0 -0.0 -1.0 
-0.631239 -0.532419 -0.651847 -0.0 -0.0 1.0 
-0.311664 -0.315251 -0.867818 -0.0 -0.0 -1.0 
0.598983 -0.755102 -0.742698 -0.0 1.0 0.000279243 
-0.590208 -0.821257 -0.0871814 1.0 0.0 0.0 
-0.0674127 -0.18697 -0.75867 -0.0 0.996195 0.0871568 
-0.660347 0.844859 0.582498 -0.0 0.996193 0.0871781 
-0.329878 -0.256676 -0.66675 -0.0 -0.996195 -0.0871551 
0.3277 -0.304571 -0.119306 -0.0 -0.996195 -0.0871551 
-0.0151467 0.715629 0.613473 -0.0 0.0871644 -0.996194 
-0.161758 -0.324496 0.108439 -0.0 -0.996195 -0.0871551 
-0.584756 0.191864 0.647718 -0.0 -0.0871552 0.996195 
0.692434 0.37092 -0.830646 1.0 -0.0 -0.0 
0.629422 0.252275 -0.904676 0.0 0.0 -1.0 
-0.604952 0.195173 -0.434517 1.0 -0.0 -0.0 
-0.0401895 -0.300077 -0.170675 -0.0 -0.996195 -0.0871551 
-0.606203 -0.976626 0.426668 -0.0 -0.996195 -0.0871556 
-0.3404 -0.207083 -0.528786 -0.0 0.996195 0.0871568 
-0.597947 -0.288251 0.398964 -0.0 0.996195 0.0871568 
-0.0458611 -0.231665 -0.952634 -0.0 -0.996195 -0.0871551 
0.710276 0.832657 0.223495 0.0 1.0 0.0 
0.0618969 -0.329618 0.602098 -0.0 -0.0871571 0.996195 
-0.613386 0.832657 0.340462 -0.0 1.0 -0.0 
0.519823 -0.31558 0.541612 -1.0 0.0 0.0 
0.692434 -0.255652 0.565535 1.0 -0.0 0.0 
0.648311 -0.00634436 0.383565 1.0 -0.0 -0.0 
0.692434 0.701271 -0.895489 1.0 -0.0 -0.0 
-0.586905 -0.239127 0.610012 -0.0 -0.0871552 0.996195 
-0.0314933 0.481708 0.599081 0.0 0.0871563 -0.996195 
0.117047 -0.213198 -0.912987 -1.0 0.0 0.0 
-0.643015 -0.623011 -0.904676 -0.0 -0.0 -1.0 
-0.663924 -0.66726 0.426668 -1.0 0.0 0.0 
0.148103 -0.386513 -0.866428 -0.0 -1.0 -0.0 
0.320516 -0.172515 -0.923899 -0.0 0.996195 0.0871568 
-0.651637 0.36202 -0.697972 -1.0 0.0 0.0 
0.616568 -0.0815865 -0.106386 -0.0 -0.0 -1.0 
0.672526 -0.171886 -0.931082 0.0 0.996195 0.0871568 
0.169655 -0.507246 0.505691 0.0 -0.996195 -0.0871468 
0.692434 -0.313629 0.561789 1.0 -0.0 0.0 
-0.530851 -0.175155 -0.89372 0.0 0.996195 0.0871568 
-0.659008 0.245091 -0.00436369 -1.0 -0.0 -0.0 
0.227126 -0.509215 0.561717 -0.0 -0.0871657 0.996194 
-0.254193 -0.358354 -0.867818 -0.0 -0.0 -1.0 
-0.636304 -0.171037 -0.106386 -0.0 -0.0 -1.0 
0.520471 -0.329283 0.163152 -0.0 -0.996195 -0.0871551 
-0.688495 0.719226 0.635 -1.0 -0.0 -0.0 
0.655682 -0.388408 -0.315351 1.0 -0.0 -0.0 
-0.661385 -0.0728332 0.330972 -0.0 -0.0 -1.0 
0.263045 -0.282574 -0.370741 0.0 -0.996195 -0.0871551 
-0.625226 -0.981733 0.485047 -0.0 -0.996195 -0.0871556 
-0.207766 -0.181853 -0.817166 0.0 0.996195 0.0871568 
0.0458229 -0.445993 0.493252 0.0 0.0871642 -0.996194 
-0.62057 -0.902521 -0.600625 -0.0 -1.0 -0.0 
0.263045 -0.188856 -0.737118 0.0 0.996195 0.0871568 
-0.196722 -0.194513 -0.672463 0.0 0.996195 0.0871568 
-0.651896 0.113477 -0.781817 0.0 0.0 1.0 
0.604083 0.364919 -0.0950907 -1.0 0.0 0.0 
0.166601 0.382197 0.602448 1.0 -0.0 -0.0 
-0.128833 -0.505765 0.488771 0.0 -0.996195 -0.0871468 
-0.632165 0.832657 -0.313138 0.0 1.0 0.0 
-0.340568 -0.232073 -0.947969 0.0 -0.996195 -0.0871551 
-0.631652 -0.0192779 -0.325063 -0.0 -0.0 -1.0 
-0.0655122 -0.386513 -0.816657 0.0 -1.0 0.0 
-0.663924 -0.776777 -0.0870574 -1.0 -0.0 -0.0 
-0.649306 -0.902521 0.290175 0.0 -1.0 0.0 
0.679709 -0.121286 0.620321 -0.0 -0.0871552 0.996195 
0.658142 -0.688812 -0.478499 1.0 0.0 0.0 
-0.663674 -0.724731 0.567527 -0.0 -0.0871552 0.996195 
-0.678041 0.791065 0.700141 0.0 -0.0871552 0.996195 
-0.267095 0.573267 0.656424 -0.0 -0.08716 0.996194 
-0.656966 0.654687 0.330972 0.0 0.0 -1.0 
0.369957 -0.189737 -0.727051 0.0 0.996195 0.0871568 
-0.612054 0.101988 -0.214492 -0.0 -0.0 1.0 
0.608996 0.507021 -0.436333 -1.0 0.0 0.0 
0.635783 -0.283835 -0.543744 -0.0 -0.0 -1.0 
0.486496 -0.324693 0.110692 -0.0 -0.996195 -0.0871551 
-0.62057 -0.329618 0.602098 0.0 -0.0871571 0.996195 
0.714548 0.820572 0.173091 1.0 0.0 0.0 
0.35371 0.827472 0.639633 0.0 0.996192 0.0871853 
-0.0458611 0.690688 0.685287 -0.0 -0.0871661 0.996194 
-0.577467 0.832657 -0.385109 0.0 1.0 0.0 
-0.334478 -0.229507 -0.977303 0.0 -0.996195 -0.0871551 
0.109035 0.256536 0.579381 0.0 0.0871563 -0.996195 
0.124125 -0.31994 0.0563621 -0.0 -0.996195 -0.0871551 
-0.654094 -0.482491 -0.536176 -1.0 0.0 0.0 
0.485745 -0.220282 -0.377925 0.0 0.996195 0.0871568 
-0.654094 -0.509215 -0.521602 -1.0 0.0 0.0 
0.0200688 -0.322304 0.0833826 -0.0 -0.996195 -0.0871551 
-0.57862 -0.223916 -0.336382 0.0 0.996195 0.0871568 
-0.476893 -0.246121 -0.787405 0.0 -0.996195 -0.0871551 
0.523719 -0.213261 -0.458165 0.0 0.996195 0.0871568 
-0.656551 -0.144269 -0.222083 -1.0 -0.0 -0.0 
0.607589 0.832657 -0.741154 0.0 1.0 0.0 
0.616118 -0.755214 -0.341804 -0.0 1.0 0.000279243 
-0.572476 0.353703 0.661877 -0.0 -0.0871552 0.996195 
0.137354 -0.189702 -0.727445 -0.0 0.996195 0.0871568 
0.155287 -0.283762 0.347646 -0.0 0.996195 0.0871568 
0.399539 -0.236693 -0.895163 -0.0 -0.996195 -0.0871551 
0.648311 0.177839 0.401408 1.0 -0.0 -0.0 
-0.659008 -0.193125 -0.104938 -1.0 -0.0 -0.0 
0.660598 0.079862 -0.694015 1.0 -0.0 -0.0 
-0.688495 0.101576 0.585858 -1.0 -0.0 -0.0 
-0.614779 -0.13297 0.375557 1.0 -0.0 -0.0 
0.634315 -0.0782389 0.624087 -0.0 -0.0871552 0.996195 
-0.0602288 -0.0566314 0.551982 -0.0 0.0871563 -0.996195 
-0.570283 -0.88996 0.553072 -0.0 -0.0871552 0.996195 
0.0223256 -0.233285 -0.229302 -0.0 0.996195 0.0871568 
-0.311664 -0.466112 0.491492 -0.0 0.0871642 -0.996194 
-0.611208 0.600006 0.683426 0.0 -0.0871552 0.996195 
0.51448 -0.267316 0.591897 0.0 -0.996196 -0.0871434 
-0.646914 -0.755091 -0.164176 0.0 1.0 0.0 
-0.153619 -0.219025 -0.392292 0.0 0.996195 0.0871568 
0.679709 0.50371 0.675001 -0.0 -0.0871552 0.996195 
0.385171 -0.186342 -0.765854 0.0 0.996195 0.0871568 
0.205916 0.0129915 0.604337 -1.0 -0.0 -0.0 
-0.614896 0.832657 0.531339 -0.0 1.0 -0.0 
-0.512812 -0.0109614 0.555978 -0.0 0.0871563 -0.996195 
-0.376451 -0.468473 0.565282 0.0 -0.0871657 0.996194 
0.231472 -0.285804 -0.333821 0.0 -0.996195 -0.0871551 
-0.688495 -0.534769 -0.802562 -1.0 0.0 0.0 
-0.534364 0.740778 0.68967 0.0 -0.0871661 0.996194 
0.633782 -0.300154 -0.169797 -0.0 -0.996195 -0.0871551 
0.569575 0.447123 -0.835634 -1.0 -0.0 -0.0 
-0.448158 -0.270563 0.196785 -0.0 0.996195 0.0871568 
-0.682285 -0.173491 -0.912742 -0.0 0.996195 0.0871568 
0.255861 -0.415825 0.569888 -0.0 -0.0871657 0.996194 
-0.563099 0.822848 0.692471 0.0 0.996192 0.0871853 
0.660598 -0.465817 -0.724814 1.0 -0.0 -0.0 
0.626127 0.698176 -0.214492 0.0 0.0 1.0 
-0.146435 -0.295075 0.476955 -0.0 0.996195 0.0871568 
0.648311 0.39304 0.429122 1.0 -0.0 -0.0 
0.206766 -0.299345 -0.179039 0.0 -0.996195 -0.0871551 
-0.189538 -0.198284 -0.62936 0.0 0.996195 0.0871568 
-0.453532 -0.176307 -0.880547 -0.0 0.996195 0.0871568 
-0.0245706 0.394371 0.640772 0.0 -0.08716 0.996194 
-0.61963 -0.902521 -0.25608 0.0 -1.0 0.0 
0.692434 -0.295851 -0.876601 1.0 -0.0 -0.0 
-0.584651 -0.897144 -0.904676 -0.0 -0.0 -1.0 
-0.663924 0.733594 0.419484 -1.0 -0.0 -0.0 
0.428274 0.747962 0.616302 0.0 0.0871644 -0.996194 
-0.390687 -0.224053 -0.334822 -0.0 0.996195 0.0871568 
0.554112 -0.336481 0.601497 0.0 -0.0871571 0.996195 
-0.663924 -0.683494 0.356646 -1.0 0.0 0.0 
-0.0314933 -0.150022 0.531479 0.0 0.0871644 -0.996194 
0.631808 -0.595464 -0.651847 -0.0 -0.0 1.0 
0.21766 0.669414 0.615503 0.0 0.0871563 -0.996195 
0.658142 0.715456 -0.490646 1.0 0.0 0.0 
0.650768 0.4109 0.193102 1.0 -0.0 -0.0 
-0.651637 -0.660076 -0.686831 -1.0 -0.0 -0.0 
0.478561 -0.292561 0.44822 0.0 0.996195 0.0871568 
0.255861 0.467791 0.597863 0.0 0.0871563 -0.996195 
-0.327682 -0.303856 -0.127478 -0.0 -0.996195 -0.0871551 
-0.0623901 0.770626 0.692282 0.0 -0.0871661 0.996194 
-0.206888 0.0249931 0.560992 1.0 -0.0 -0.0 
0.176839 0.679254 0.642184 0.0 -0.996195 -0.0871468 
0.16419 0.388102 0.590892 0.0 0.0871563 -0.996195 
-0.654094 -0.115906 -0.491437 -1.0 0.0 0.0 
-0.376319 -0.315251 0.603355 0.0 -0.0871571 0.996195 
0.658142 -0.468173 -0.495037 1.0 0.0 0.0 
-0.62523 -0.216166 -0.325063 -0.0 -0.0 -1.0 
0.637189 -0.315894 0.0101189 -0.0 -0.996195 -0.0871551 
0.621676 -0.148358 -0.106386 -0.0 -0.0 -1.0 
0.660598 -0.743184 -0.659008 1.0 -0.0 -0.0 
0.692434 -0.243412 -0.887979 1.0 -0.0 -0.0 
-0.630875 -0.902521 -0.511157 -0.0 -1.0 -0.0 
0.640988 -0.0132928 0.00418585 -0.0 -0.0 1.0 
0.0762647 0.374401 0.589693 -0.0 0.0871563 -0.996195 
0.117047 -0.226106 -0.642114 -1.0 0.0 0.0 
-0.42047 -0.177811 -0.863361 -0.0 0.996195 0.0871568 
-0.390687 -0.317141 0.0243718 -0.0 -0.996195 -0.0871551 
0.212758 -0.32594 0.124946 0.0 -0.996195 -0.0871551 
-0.654094 0.373011 -0.499637 -1.0 0.0 0.0 
0.691824 -0.308067 0.282991 1.0 -0.0 0.0 
0.192086 -0.318695 0.0421306 0.0 -0.996195 -0.0871551 
-0.519783 -0.0611702 0.600915 0.0 -0.08716 0.996194 
-0.498445 -0.386513 -0.794589 0.0 -1.0 0.0 
0.589528 -0.229218 -0.27578 0.0 0.996195 0.0871568 
-0.247725 0.0877535 0.613945 0.0 -0.08716 0.996194 
0.653141 -0.241355 0.48649 0.0 0.0871551 -0.996195 
-0.616344 -0.155581 -0.325063 0.0 0.0 -1.0 
-0.651637 -0.35117 -0.679647 -1.0 0.0 0.0 
-0.0889643 0.755145 0.690927 0.0 -0.0871661 0.996194 
-0.548732 0.832657 -0.126489 0.0 1.0 0.0 
0.607222 -0.101801 0.4987 -0.0 0.0871551 -0.996195 
0.164309 0.246877 0.578536 0.0 0.0871563 -0.996195 
0.435798 0.220858 0.625591 -0.0 -0.08716 0.996194 
-0.0889643 0.0223911 0.608226 -0.0 -0.08716 0.996194 
-0.364801 -0.168887 -0.96536 -0.0 0.996195 0.0871568 
-0.160803 -0.214676 0.599821 0.0 -0.0871464 0.996196 
0.634479 -0.902521 -0.723883 -0.0 -1.0 -0.0 
-0.678041 0.439055 0.669345 0.0 -0.0871552 0.996195 
-0.663924 0.43655 0.389587 -1.0 -0.0 -0.0 
0.184225 -0.387135 0.572399 0.0 -0.0871657 0.996194 
0.571951 0.838378 0.656552 -0.0 0.996193 0.0871781 
-0.612322 0.487381 0.200376 1.0 -0.0 -0.0 
0.653225 0.690491 -0.0762023 1.0 -0.0 -0.0 
-0.0383039 -0.20142 -0.997716 -0.0 0.087153 -0.996195 
0.136355 -0.328007 0.148569 -0.0 -0.996195 -0.0871551 
-0.535337 -0.281624 0.32321 0.0 0.996195 0.0871568 
0.464193 -0.286276 0.376381 -0.0 0.996195 0.0871568 
-0.688495 -0.271364 -0.450746 -1.0 -0.0 0.0 
0.624053 0.832657 -0.40533 0.0 1.0 0.0 
-0.602495 -0.563248 -0.683742 1.0 0.0 0.0 
-0.397871 0.367217 0.589064 0.0 0.0871563 -0.996195 
-0.227658 -0.500853 0.562449 -0.0 -0.0871657 0.996194 
-0.0201436 -0.0620918 0.592035 1.0 -0.0 -0.0 
0.658142 -0.311787 -0.48625 1.0 0.0 0.0 
0.0259776 0.776697 0.692813 0.0 -0.0871661 0.996194 
-0.531526 0.51567 0.651385 0.0 -0.08716 0.996194 
0.0690808 -0.327197 0.139314 -0.0 -0.996195 -0.0871551 
-0.661467 -0.22186 0.153681 -1.0 0.0 0.0 
-0.565637 0.588901 -0.862402 1.0 -0.0 -0.0 
-0.376319 -0.511016 0.548794 0.0 -0.996195 -0.0871468 
0.349316 -0.191998 -0.70121 -0.0 0.996195 0.0871568 
0.60654 0.566332 -0.237042 -1.0 -0.0 -0.0 
0.630524 0.461999 0.00418581 0.0 0.0 1.0 
-0.196722 -0.207711 -0.521602 0.0 0.996195 0.0871568 
0.270229 0.122965 0.567695 -0.0 0.0871563 -0.996195 
0.611453 -0.644422 -0.694195 -1.0 -0.0 -0.0 
-0.661467 -0.358354 0.146497 -1.0 0.0 0.0 
0.607871 -0.229151 -0.98137 -0.0 -0.996195 -0.0871551 
0.658142 -0.668061 -0.460616 1.0 0.0 0.0 
0.349252 -0.270563 0.196785 -0.0 0.996195 0.0871568 
-0.563099 -0.271889 -0.492867 0.0 -0.996195 -0.0871551 
0.62416 -0.647656 -0.543744 -0.0 -0.0 -1.0 
0.586319 -0.297658 -0.198328 -0.0 -0.996195 -0.0871551 
-0.322522 0.109475 0.615845 0.0 -0.08716 0.996194 
-0.534364 0.812616 0.695956 0.0 -0.0871661 0.996194 
0.692434 -0.300837 0.562016 1.0 -0.0 0.0 
-0.522258 0.828433 0.628649 0.0 0.996192 0.0871853 
0.461202 0.0317473 0.609045 -0.0 -0.08716 0.996194 
-0.0673765 0.34863 0.63677 0.0 -0.08716 0.996194 
0.334884 0.439055 0.644681 -0.0 -0.08716 0.996194 
-0.603275 -0.232867 -0.938893 -0.0 -0.996195 -0.0871551 
-0.643664 -0.0740126 0.222863 0.0 0.0 1.0 
0.692434 0.209172 0.642184 1.0 0.0 0.0 
-0.677754 -0.225646 0.611191 0.0 -0.0871552 0.996195 
-0.00994173 0.825991 0.656552 0.0 0.996192 0.0871853 
-0.634938 -0.902521 -0.176776 -0.0 -1.0 -0.0 
0.61235 -0.535399 -0.214492 0.0 0.0 1.0 
0.0286128 -0.326527 0.131647 -0.0 -0.996195 -0.0871551 
0.413906 -0.286276 0.376381 -0.0 0.996195 0.0871568 
-0.688495 -0.44456 -0.887979 -1.0 -0.0 -0.0 
-0.661467 0.367217 0.168049 -1.0 -0.0 -0.0 
-0.688495 0.609025 -0.875579 -1.0 0.0 0.0 
-0.661467 0.15049 0.209812 -1.0 -0.0 -0.0 
-0.688495 0.575549 -0.880795 -1.0 0.0 0.0 
0.281323 -0.287303 -0.316681 0.0 -0.996195 -0.0871551 
0.692434 0.249325 -0.90023 1.0 -0.0 -0.0 
-0.659008 0.0765482 -0.102056 -1.0 -0.0 -0.0 
-0.661467 -0.0638153 0.146497 -1.0 0.0 0.0 
0.655682 0.387334 -0.289607 1.0 -0.0 -0.0 
-0.663924 -0.733052 0.368223 -1.0 0.0 0.0 
0.442642 -0.226567 -0.306086 0.0 0.996195 0.0871568 
-0.163662 -0.210673 -0.487747 0.0 0.996195 0.0871568 
-0.614779 -0.351871 0.378513 1.0 -0.0 -0.0 
0.655682 0.576204 -0.235455 1.0 -0.0 -0.0 
-0.0277165 0.588779 0.608449 0.0 0.0871563 -0.996195 
0.435458 -0.372722 0.57366 0.0 -0.0871657 0.996194 
-0.0488614 -0.507004 0.502932 0.0 -0.996195 -0.0871468 
0.611453 0.490138 -0.660456 -1.0 -0.0 -0.0 
0.105 0.288194 0.631482 0.0 -0.08716 0.996194 
-0.541548 -0.287602 -0.31327 0.0 -0.996195 -0.0871551 
-0.21109 0.403136 0.641539 -0.0 -0.08716 0.996194 
0.442642 0.72641 0.614416 0.0 0.0871644 -0.996194 
0.653225 0.704858 -0.0833862 1.0 -0.0 -0.0 
0.658142 -0.655568 -0.528414 1.0 0.0 0.0 
-0.663924 -0.854041 -0.75867 -1.0 0.0 0.0 
0.689284 0.832657 -0.608499 0.0 1.0 0.0 
-0.333216 0.769513 0.618188 -0.0 0.0871644 -0.996194 
-0.153619 0.166068 0.571466 -0.0 0.0871563 -0.996195 
0.27816 -0.265451 0.570582 0.0 -0.996196 -0.0871434 
-0.626761 0.583699 -0.433169 0.0 0.0 1.0 
-0.649765 0.273549 -0.433169 0.0 0.0 1.0 
-0.0451881 -0.292831 -0.253499 -0.0 -0.996195 -0.0871551 
-0.651637 -0.300883 -0.75867 -1.0 -0.0 -0.0 
0.110629 0.158654 0.620148 -0.0 -0.08716 0.996194 
0.584866 -0.773666 0.563246 -0.0 -0.0871552 0.996195 
-0.602495 -0.458302 -0.747515 1.0 -0.0 -0.0 
-0.559264 0.795799 0.162863 0.0 -1.0 0.0 
0.166601 0.332452 0.623659 1.0 -0.0 0.0 
-0.651637 0.417504 -0.679647 -1.0 0.0 0.0 
-0.661467 0.723424 0.121858 -1.0 -0.0 -0.0 
-0.659008 0.684664 -0.0310275 -1.0 -0.0 -0.0 
0.672526 0.324113 -0.904676 0.0 0.0 -1.0 
0.256091 -0.29434 -0.236247 0.0 -0.996195 -0.0871551 
0.098101 0.517802 0.602239 0.0 0.0871563 -0.996195 
0.660598 0.524038 -0.715466 1.0 -0.0 -0.0 
-0.126301 -0.124774 0.607685 0.0 -0.0871464 0.996196 
0.667863 -0.898612 -0.594498 1.0 -0.0 -0.0 
-0.663924 -0.88996 -0.0330992 -1.0 0.0 0.0 
0.0762647 -0.212111 -0.471315 -0.0 0.996195 0.0871568 
-0.670857 -0.0135282 -0.904676 -0.0 -0.0 -1.0 
0.592913 0.231007 0.651143 0.0 -0.0871552 0.996195 
0.148131 -0.208287 -0.515019 -0.0 0.996195 0.0871568 
-0.642789 -0.515223 0.222863 -0.0 -0.0 1.0 
-0.271596 -0.344335 0.335201 -0.0 -0.996195 -0.0871551 
0.658142 -0.437376 -0.521602 1.0 0.0 0.0 
0.0618969 -0.236228 -0.900478 -0.0 -0.996195 -0.0871551 
0.655682 0.0819108 -0.235619 1.0 -0.0 -0.0 
-0.318848 0.582733 0.60792 0.0 0.0871563 -0.996195 
-0.625253 -0.342318 0.312141 0.0 -0.996195 -0.0871551 
-0.620867 -0.902521 -0.237292 0.0 -1.0 0.0 
-0.290112 -0.0566314 0.551982 -0.0 0.0871563 -0.996195 
0.06762 0.206584 0.624342 -0.0 -0.08716 0.996194 
0.498298 0.0818882 0.564101 -0.0 0.0871563 -0.996195 
0.658142 -0.66726 -0.507234 1.0 0.0 0.0 
-0.688495 -0.264964 0.0890266 -1.0 0.0 0.0 
0.692434 -0.674444 -0.801773 1.0 0.0 0.0 
0.653225 0.510894 -0.0618346 1.0 -0.0 -0.0 
0.635988 -0.902521 -0.44791 -0.0 -1.0 -0.0 
0.65764 -0.115408 -0.543744 0.0 0.0 -1.0 
0.650768 -0.679604 0.135852 1.0 -0.0 -0.0 
0.689274 0.832657 -0.0399799 0.0 1.0 0.0 
-0.639197 0.00253054 0.507827 -0.0 0.0871551 -0.996195 
0.667862 -0.899334 0.262921 1.0 -0.0 -0.0 
-0.595645 0.10831 0.640408 -0.0 -0.0871552 0.996195 
0.667862 -0.846857 -0.550338 1.0 0.0 0.0 
0.691824 -0.311396 0.190849 1.0 -0.0 0.0 
0.658142 0.0680124 -0.513438 1.0 0.0 0.0 
-0.0215135 -0.274788 -0.459737 -0.0 -0.996195 -0.0871551 
0.0593486 -0.212754 -0.463965 -0.0 0.996195 0.0871568 
0.655682 0.0122209 -0.286394 1.0 -0.0 -0.0 
0.608996 -0.723279 -0.43701 -1.0 -0.0 -0.0 
0.284597 -0.268118 -0.53597 0.0 -0.996195 -0.0871551 
0.169655 -0.234808 -0.916715 -0.0 -0.996195 -0.0871551 
-0.0843347 -0.224912 -0.606578 -1.0 0.0 0.0 
-0.590208 -0.881017 0.341405 1.0 0.0 0.0 
0.241494 -0.212111 -0.471315 0.0 0.996195 0.0871568 
0.692434 0.200067 0.632839 1.0 0.0 0.0 
0.655682 0.59837 -0.29907 1.0 -0.0 -0.0 
0.600687 0.0464968 0.635 0.0 -0.0871552 0.996195 
-0.414151 0.374986 0.639076 -0.0 -0.08716 0.996194 
-0.266738 -0.238579 -0.168789 -0.0 0.996195 0.0871568 
0.484353 0.0141986 0.607509 -0.0 -0.08716 0.996194 
-0.160803 0.201988 0.574609 -0.0 0.0871563 -0.996195 
-0.656929 -0.192654 0.614078 0.0 -0.0871552 0.996195 
0.667862 -0.81292 0.296021 1.0 -0.0 -0.0 
-0.469709 -0.244794 -0.0977539 -0.0 0.996195 0.0871568 
-0.666636 -0.199193 -0.618971 -0.0 0.996195 0.0871568 
-0.239825 0.769513 0.618188 -0.0 0.0871644 -0.996194 
-0.688495 -0.28885 -0.229313 -1.0 -0.0 0.0 
-0.43379 -0.284459 -0.349189 0.0 -0.996195 -0.0871551 
-0.609523 0.545679 -0.214492 -0.0 -0.0 1.0 
0.569575 -0.0173239 -0.896046 -1.0 -0.0 -0.0 
0.471798 -0.335945 0.239299 -0.0 -0.996195 -0.0871551 
-0.577467 -0.302686 -0.140857 0.0 -0.996195 -0.0871551 
-0.651637 -0.494847 -0.701199 -1.0 -0.0 -0.0 
0.452294 -0.435566 0.568161 -0.0 -0.0871657 0.996194 
0.117047 -0.180091 -0.992244 -1.0 0.0 0.0 
0.701716 0.832657 -0.409199 0.0 1.0 0.0 
0.407332 -0.20234 -0.583001 0.0 0.996195 0.0871568 
0.629422 -0.281953 0.606265 -0.0 -0.0871552 0.996195 
-0.298136 -0.178097 0.603021 0.0 -0.0871464 0.996196 
0.0331615 -0.150022 0.531479 0.0 0.0871644 -0.996194 
0.658142 -0.1501 -0.510207 1.0 0.0 0.0 
0.653225 0.181282 -0.0691294 1.0 -0.0 -0.0 
0.0475292 -0.286345 -0.327638 -0.0 -0.996195 -0.0871551 
-0.674016 -0.27422 0.238586 -0.0 0.996195 0.0871568 
-0.604952 0.300326 -0.483411 1.0 -0.0 -0.0 
-0.688495 -0.830867 0.503999 -1.0 0.0 0.0 
-0.339771 -0.132545 0.607005 0.0 -0.0871464 0.996196 
-0.594795 -0.902521 -0.398435 0.0 -1.0 0.0 
0.227126 -0.492703 0.563162 -0.0 -0.0871657 0.996194 
-0.373184 -0.287881 -0.310078 -0.0 -0.996195 -0.0871551 
0.655682 0.212365 -0.241655 1.0 -0.0 -0.0 
-0.223008 -0.207137 -0.528166 0.0 0.996195 0.0871568 
0.595065 -0.976234 -0.835278 -0.0 -1.0 -0.0 
0.349252 -0.509131 0.527242 0.0 -0.996195 -0.0871468 
-0.661467 0.328942 0.204231 -1.0 -0.0 -0.0 
-0.132067 -0.22978 -0.974186 -0.0 -0.996195 -0.0871551 
-0.604952 0.408084 -0.526504 1.0 -0.0 -0.0 
-0.463479 0.313103 0.633661 -0.0 -0.08716 0.996194 
-0.565637 -0.126442 0.612561 1.0 -0.0 0.0 
-0.705696 0.814756 0.00296021 -1.0 -0.0 -0.0 
0.0516819 -0.240768 0.597538 -0.0 -0.0871464 0.996196 
-0.620124 -0.478444 -0.214492 -0.0 -0.0 1.0 
0.532389 -0.270293 -0.511112 -0.0 -0.996195 -0.0871551 
0.0403453 0.101414 0.61514 -0.0 -0.08716 0.996194 
0.64379 0.832657 -0.85206 0.0 1.0 0.0 
0.490439 -0.258495 -0.230469 1.0 -0.0 0.0 
-0.688495 -0.252625 -0.327276 -1.0 0.0 0.0 
0.174934 -0.195067 0.601536 -0.0 -0.0871464 0.996196 
-0.625556 -0.902521 -0.700618 -0.0 -1.0 -0.0 
0.294545 -0.38742 0.572374 0.0 -0.0871657 0.996194 
0.657072 0.417859 -0.651847 -0.0 -0.0 1.0 
0.205916 0.106589 0.584852 -1.0 -0.0 0.0 
0.658142 0.0319933 -0.444087 1.0 0.0 0.0 
-0.264935 -0.200726 -0.601442 -0.0 0.996195 0.0871568 
0.0690808 -0.274403 -0.464131 -0.0 -0.996195 -0.0871551 
0.0367072 0.149812 0.619375 -0.0 -0.08716 0.996194 
-0.0817804 0.273826 0.580894 0.0 0.0871563 -0.996195 
0.277413 -0.351709 0.419484 0.0 -0.996195 -0.0871551 
-0.692409 0.832657 -0.44258 -0.0 1.0 -0.0 
-0.261377 0.492622 0.649368 -0.0 -0.08716 0.996194 
0.648311 0.105678 0.332962 1.0 -0.0 -0.0 
-0.629054 -0.840934 0.557361 -0.0 -0.0871552 0.996195 
-0.164483 0.242418 0.578146 -0.0 0.0871563 -0.996195 
-0.637384 0.274161 0.654918 0.0 -0.0871552 0.996195 
0.471377 0.740778 0.68967 -0.0 -0.0871661 0.996194 
0.0187937 -0.344795 0.340462 -0.0 -0.996195 -0.0871551 
0.692434 0.0648022 -0.903317 1.0 -0.0 -0.0 
0.594146 -0.861639 -0.0589377 -1.0 -0.0 -0.0 
0.0834485 0.825362 0.663736 0.0 0.996192 0.0871853 
-0.651637 0.661755 -0.708383 -1.0 0.0 0.0 
-0.631797 0.530053 0.222863 0.0 0.0 1.0 
0.117047 -0.24937 -0.0921828 -1.0 -0.0 -0.0 
0.607871 0.489342 -0.904676 0.0 0.0 -1.0 
0.658142 -0.393357 -0.479823 1.0 0.0 0.0 
-0.160803 -0.255478 0.0243718 0.0 0.996195 0.0871568 
-0.335627 -0.34816 0.37892 -0.0 -0.996195 -0.0871551 
-0.43379 0.63302 0.661652 -0.0 -0.08716 0.996194 
-0.705696 0.805432 0.290175 -1.0 -0.0 -0.0 
0.0978163 0.704858 0.612531 -0.0 0.0871644 -0.996194 
-0.688495 -0.236228 -0.564705 -1.0 0.0 0.0 
0.648311 -0.674444 0.369197 1.0 -0.0 -0.0 
0.593503 -0.0853669 -0.904676 -0.0 -0.0 -1.0 
0.66206 -0.902521 -0.585565 0.0 -1.0 0.0 
-0.659008 0.31306 -0.040852 -1.0 -0.0 -0.0 
0.435458 -0.270632 -0.507234 -0.0 -0.996195 -0.0871551 
0.23431 0.740778 0.68967 -0.0 -0.0871661 0.996194 
0.679733 0.521442 0.676553 -0.0 -0.0871552 0.996195 
-0.476893 -0.249263 -0.751486 0.0 -0.996195 -0.0871551 
0.65764 -0.02659 -0.543744 0.0 0.0 -1.0 
-0.688495 -0.0947948 0.511808 -1.0 0.0 0.0 
-0.606203 -0.902521 -0.492867 0.0 -1.0 0.0 
0.569575 -0.890851 0.432619 -1.0 0.0 0.0 
0.351628 -0.427642 0.568854 -0.0 -0.0871657 0.996194 
-0.627754 0.654571 0.6882 0.0 -0.0871552 0.996195 
0.653225 -0.329618 -0.0259153 1.0 0.0 0.0 
0.433261 -0.197882 -0.633953 0.0 0.996195 0.0871568 
0.681949 -0.246463 -0.0786777 0.0 0.996195 0.0871568 
-0.654094 0.440686 -0.443471 -1.0 0.0 0.0 
-0.665123 -0.788759 0.561925 -0.0 -0.0871552 0.996195 
0.688776 0.692595 0.691526 -0.0 -0.0871552 0.996195 
-0.395403 0.824415 0.674558 0.0 0.996192 0.0871853 
-0.638141 -0.186007 -0.433169 0.0 0.0 1.0 
0.525541 -0.327845 0.146716 -0.0 -0.996195 -0.0871551 
-0.529101 0.362618 0.637994 0.0 -0.08716 0.996194 
0.667863 -0.893726 0.0790392 1.0 -0.0 -0.0 
-0.705696 0.798291 0.353407 -1.0 -0.0 -0.0 
-0.584651 -0.0135282 0.629749 -0.0 -0.0871552 0.996195 
0.667862 -0.893419 -0.575661 1.0 -0.0 -0.0 
-0.480986 -0.188153 0.602141 0.0 -0.0871464 0.996196 
-0.625989 -0.57638 -0.214492 -0.0 -0.0 1.0 
-0.642203 -0.449558 -0.325063 -0.0 -0.0 -1.0 
-0.491261 0.273826 0.630225 0.0 -0.08716 0.996194 
0.658142 -0.164825 -0.516956 1.0 0.0 0.0 
-0.565637 -0.593991 -0.872504 1.0 0.0 0.0 
-0.462525 0.0223911 0.558896 -0.0 0.0871563 -0.996195 
0.522728 -0.188626 -0.739748 0.0 0.996195 0.0871568 
0.004426 -0.336802 0.601469 -0.0 -0.0871571 0.996195 
-0.607408 -0.327233 -0.217275 1.0 0.0 0.0 
-0.451196 -0.230027 -0.971351 0.0 -0.996195 -0.0871551 
-0.419422 -0.345424 0.347646 -0.0 -0.996195 -0.0871551 
-0.124884 0.381584 0.639653 -0.0 -0.08716 0.996194 
-0.182355 -0.357365 0.484139 -0.0 -0.996195 -0.0871551 
0.034877 -0.26441 0.59547 -0.0 -0.0871464 0.996196 
0.568539 -0.233901 -0.222263 0.0 0.996195 0.0871568 
-0.128911 -0.332516 0.601844 -0.0 -0.0871571 0.996195 
-0.609865 -0.341867 -0.0675115 1.0 -0.0 -0.0 
0.653225 -0.0282274 -0.0645794 1.0 -0.0 -0.0 
-0.378072 -0.210791 -0.486404 -0.0 0.996195 0.0871568 
0.270229 0.783881 0.619445 0.0 0.0871644 -0.996194 
-0.0562729 -0.269127 -0.524438 -0.0 -0.996195 -0.0871551 
0.667863 -0.889761 -0.391503 1.0 -0.0 -0.0 
-0.541183 0.832657 0.198893 0.0 1.0 0.0 
0.557863 -0.310501 0.60377 0.0 -0.0871571 0.996195 
-0.663924 -0.818121 0.35483 -1.0 -0.0 -0.0 
0.708445 0.832657 -0.44258 0.0 1.0 0.0 
-0.430147 -0.178944 -0.850406 -0.0 0.996195 0.0871568 
-0.69262 0.832657 -0.758638 -0.0 1.0 -0.0 
-0.663924 -0.775018 -0.0762023 -1.0 -0.0 -0.0 
-0.120778 -0.196438 -0.650461 0.0 0.996195 0.0871568 
0.263062 -0.216358 -0.422774 0.0 0.996195 0.0871568 
0.648311 0.244461 0.393875 1.0 -0.0 -0.0 
0.0116099 -0.229709 -0.270167 -0.0 0.996195 0.0871568 
-0.016705 -0.314808 -0.00229982 -0.0 -0.996195 -0.0871551 
0.61172 0.35871 -0.43317 0.0 0.0 1.0 
0.416925 -0.2947 -0.232135 -0.0 -0.996195 -0.0871551 
0.464114 -0.1724 -0.925212 0.0 0.996195 0.0871568 
0.255336 -0.180776 -0.99591 0.0 0.087153 -0.996195 
0.124527 -0.217473 -0.410022 -0.0 0.996195 0.0871568 
0.520714 0.569627 0.656106 -0.0 -0.08716 0.996194 
-0.656551 0.314396 -0.313288 -1.0 0.0 0.0 
-0.572668 0.832657 0.0877211 0.0 1.0 0.0 
0.10156 0.427864 0.59437 0.0 0.0871563 -0.996195 
0.392661 0.268845 0.60704 -1.0 -0.0 0.0 
0.0304237 0.416892 0.642742 -0.0 -0.08716 0.996194 
0.64005 -0.383062 0.330972 0.0 0.0 -1.0 
0.478561 -0.135654 0.532736 0.0 0.0871644 -0.996194 
0.532059 0.171085 0.571905 0.0 0.0871563 -0.996195 
-0.318848 -0.214676 0.599821 0.0 -0.0871464 0.996196 
0.205574 -0.302686 -0.140857 0.0 -0.996195 -0.0871551 
-0.0531634 -0.309266 -0.0656428 -0.0 -0.996195 -0.0871551 
-0.448158 -0.292561 0.44822 -0.0 0.996195 0.0871568 
0.572776 -0.163541 0.616624 0.0 -0.0871552 0.996195 
0.569575 0.058564 -0.886344 -1.0 -0.0 -0.0 
0.692434 0.755722 0.628902 1.0 0.0 0.0 
-0.453122 -0.166528 0.604033 0.0 -0.0871464 0.996196 
0.650974 0.676123 -0.904676 0.0 0.0 -1.0 
0.435458 0.740778 0.68967 -0.0 -0.0871661 0.996194 
-0.440974 -0.297029 -0.205512 0.0 -0.996195 -0.0871551 
0.549918 0.816673 -0.158305 -1.0 -0.0 -0.0 
0.624567 -0.550567 -0.543744 -0.0 -0.0 -1.0 
0.130247 -0.453168 0.492625 -0.0 0.0871642 -0.996194 
0.692434 0.0367588 0.512875 1.0 -0.0 -0.0 
0.601626 -0.522994 0.160044 -1.0 -0.0 -0.0 
-0.656551 0.709816 -0.276034 -1.0 -0.0 -0.0 
0.660598 0.324113 -0.729934 1.0 -0.0 -0.0 
0.594146 -0.760443 0.063366 -1.0 -0.0 -0.0 
0.0489977 -0.354369 0.449895 -0.0 -0.996195 -0.0871551 
-0.602495 -0.158247 -0.761461 1.0 -0.0 -0.0 
0.604083 0.489334 -0.0621163 -1.0 -0.0 -0.0 
0.655682 -0.626828 -0.320913 1.0 -0.0 -0.0 
-0.120499 -0.240669 -0.1449 0.0 0.996195 0.0871568 
-0.590208 -0.795441 -0.628928 1.0 -0.0 -0.0 
-0.625221 0.0769905 -0.106386 0.0 0.0 -1.0 
-0.541548 -0.28823 -0.306086 0.0 -0.996195 -0.0871551 
0.672526 -0.31337 -0.0187314 -0.0 -0.996195 -0.0871551 
0.519823 -0.311064 0.225066 -1.0 0.0 0.0 
-0.52718 -0.494847 0.488978 -0.0 0.0871642 -0.996194 
-0.663924 -0.876422 -0.453976 -1.0 0.0 0.0 
-0.654094 -0.116363 -0.471971 -1.0 0.0 0.0 
0.473795 -0.257167 -0.661146 -0.0 -0.996195 -0.0871551 
0.0251221 -0.222731 -0.349924 -0.0 0.996195 0.0871568 
0.0187937 -0.281248 0.31891 -0.0 0.996195 0.0871568 
-0.688009 0.832657 -0.703917 -0.0 1.0 -0.0 
-0.219128 -0.340702 -0.867818 -0.0 -0.0 -1.0 
0.399539 -0.201426 -0.593441 0.0 0.996195 0.0871568 
0.658142 0.352348 -0.52582 1.0 0.0 0.0 
0.636606 -0.976626 0.426668 0.0 -0.996195 -0.0871555 
0.653225 -0.718078 -0.0930896 1.0 0.0 0.0 
-0.468095 0.224053 0.62587 0.0 -0.08716 0.996194 
-0.663924 -0.135654 0.405117 -1.0 -0.0 -0.0 
0.406722 -0.197655 -0.636544 0.0 0.996195 0.0871568 
-0.663924 -0.550751 0.40364 -1.0 0.0 0.0 
-0.656551 0.518078 -0.306086 -1.0 0.0 0.0 
-0.605074 -0.528681 -0.904676 -0.0 -0.0 -1.0 
-0.315109 -0.213803 -0.915594 1.0 -0.0 -0.0 
-0.312004 -0.438744 0.567883 0.0 -0.0871657 0.996194 
0.611623 -0.0401268 -0.214492 0.0 0.0 1.0 
0.660598 0.561181 -0.708383 1.0 -0.0 -0.0 
-0.63092 0.583643 -0.325063 0.0 0.0 -1.0 
-0.590208 -0.792107 0.0568256 1.0 -0.0 -0.0 
0.260214 -0.229864 -0.268394 0.0 0.996195 0.0871568 
-0.352124 -0.334795 0.226157 -0.0 -0.996195 -0.0871551 
0.614803 -0.522863 -0.651847 0.0 0.0 1.0 
0.667863 -0.804667 -0.084334 1.0 0.0 0.0 
0.660599 0.589514 -0.688679 1.0 -0.0 -0.0 
-0.0602288 -0.293887 -0.241431 -0.0 -0.996195 -0.0871551 
-0.688495 -0.53795 -0.801773 -1.0 0.0 0.0 
-0.651637 0.312878 -0.687968 -1.0 0.0 0.0 
-0.369135 -0.281876 0.326094 -0.0 0.996195 0.0871568 
-0.565637 -0.520003 -0.810819 1.0 0.0 0.0 
-0.688495 -0.193125 -0.959818 -1.0 0.0 0.0 
0.262259 -0.269312 -0.52232 0.0 -0.996195 -0.0871551 
0.255861 0.647387 0.662909 -0.0 -0.08716 0.996194 
0.534178 -0.457785 0.566217 -0.0 -0.0871657 0.996194 
0.620014 -0.468151 0.222863 -0.0 -0.0 1.0 
-0.659007 0.604471 -0.0659274 -1.0 -0.0 -0.0 
0.166601 0.552835 0.60916 1.0 -0.0 -0.0 
0.0569956 -0.290025 -0.28557 -0.0 -0.996195 -0.0871551 
0.668598 -0.62055 0.576642 -0.0 -0.0871552 0.996195 
-0.415443 0.233143 0.577335 0.0 0.0871563 -0.996195 
-0.498445 -0.22186 0.599192 0.0 -0.0871464 0.996196 
-0.516494 -0.237211 -0.497361 1.0 -0.0 -0.0 
0.61944 -0.902521 0.0795687 0.0 -1.0 0.0 
0.651742 0.795799 0.132447 0.0 -1.0 0.0 
-0.606242 0.832657 -0.0291338 0.0 1.0 0.0 
0.61611 -0.123052 -0.325063 -0.0 -0.0 -1.0 
0.449826 -0.365538 -0.867818 0.0 0.0 -1.0 
0.486446 0.825367 0.663685 0.0 0.996192 0.0871853 
-0.651637 -0.105446 -0.671379 -1.0 0.0 0.0 
0.543216 -0.250596 0.596678 -0.0 -0.0871464 0.996196 
0.413906 -0.254221 0.010004 -0.0 0.996195 0.0871568 
0.428274 -0.193884 -0.679647 0.0 0.996195 0.0871568 
-0.604952 0.695854 -0.437863 1.0 -0.0 -0.0 
0.594146 -0.876845 -0.274217 -1.0 -0.0 -0.0 
-0.0201437 0.425988 0.64187 1.0 0.0 0.0 
-0.701978 0.832657 0.0476293 -0.0 1.0 -0.0 
-0.489459 0.217021 0.625255 0.0 -0.08716 0.996194 
0.333327 0.284585 0.631166 -0.0 -0.08716 0.996194 
-0.651637 0.575549 -0.72275 -1.0 0.0 0.0 
-0.31633 -0.169819 -0.954706 -0.0 0.996195 0.0871568 
-0.43379 -0.221539 -0.363557 -0.0 0.996195 0.0871568 
0.644584 0.55308 -0.651847 0.0 0.0 1.0 
-0.456791 -0.511087 0.549601 0.0 -0.996195 -0.0871468 
0.354779 -0.510199 0.539451 0.0 -0.996195 -0.0871468 
0.692434 -0.595421 -0.85206 1.0 0.0 0.0 
0.462767 0.363532 0.638074 -0.0 -0.08716 0.996194 
-0.602495 -0.664959 -0.704387 1.0 0.0 0.0 
0.675863 0.199308 0.64837 -0.0 -0.0871552 0.996195 
0.405327 -0.164457 0.604214 -0.0 -0.0871464 0.996196 
-0.663924 -0.789693 -0.0711446 -1.0 -0.0 -0.0 
0.686893 -0.315251 0.603355 -0.0 -0.0871571 0.996195 
0.227126 -0.236228 0.597935 -0.0 -0.0871464 0.996196 
0.144784 -0.260682 -0.620966 -0.0 -0.996195 -0.0871551 
-0.582188 0.0500236 0.635309 -0.0 -0.0871552 0.996195 
0.227126 -0.245422 -0.0905701 0.0 0.996195 0.0871568 
-0.654094 0.584014 -0.488046 -1.0 0.0 0.0 
0.255783 0.256117 0.628676 -0.0 -0.08716 0.996194 
-0.663924 -0.880785 -0.220083 -1.0 0.0 0.0 
0.435458 -0.190113 -0.72275 0.0 0.996195 0.0871568 
0.149833 0.0246318 0.559092 0.0 0.0871563 -0.996195 
0.328663 -0.199353 -0.997536 -0.0 0.087153 -0.996195 
-0.580955 -0.207888 -0.51958 0.0 0.996195 0.0871568 
-0.376319 -0.341024 0.297359 -0.0 -0.996195 -0.0871551 
0.672526 -0.985425 0.527242 -0.0 -0.996195 -0.0871555 
-0.650464 -0.755091 -0.39411 0.0 1.0 0.0 
0.682333 0.669917 0.689542 -0.0 -0.0871552 0.996195 
-0.688495 -0.925879 -0.85206 -1.0 -0.0 -0.0 
-0.416557 0.250239 0.57883 0.0 0.0871563 -0.996195 
0.519823 -0.26706 0.102042 -1.0 -0.0 -0.0 
0.611868 -0.228468 0.112292 -0.0 -0.0 -1.0 
-0.656551 0.0402719 -0.222729 -1.0 -0.0 -0.0 
-0.0314933 -0.231595 -0.248615 -0.0 0.996195 0.0871568 
-0.659008 -0.487784 -0.0351073 -1.0 -0.0 -0.0 
-0.656551 0.381584 -0.248615 -1.0 -0.0 -0.0 
-0.534364 0.676123 0.684013 -0.0 -0.0871661 0.996194 
0.650768 0.342887 0.212356 1.0 -0.0 -0.0 
0.0259776 0.827249 0.642184 0.0 0.996192 0.0871853 
-0.320759 -0.26677 -0.551379 -0.0 -0.996195 -0.0871551 
-0.656551 -0.0135282 -0.255799 -1.0 -0.0 -0.0 
-0.688495 -0.976166 0.476955 -1.0 0.0 0.0 
0.166601 0.0823492 0.569847 1.0 -0.0 -0.0 
-0.663924 -0.798345 0.067406 -1.0 -0.0 -0.0 
0.569575 -0.816077 -0.812678 -1.0 -0.0 -0.0 
-0.113722 -0.31163 0.369391 1.0 -0.0 0.0 
-0.591835 0.832657 0.570346 -0.0 1.0 -0.0 
0.660598 -0.0207121 -0.686831 1.0 -0.0 -0.0 
-0.650642 0.832657 0.22149 -0.0 1.0 -0.0 
0.692434 0.297622 0.622929 1.0 -0.0 0.0 
-0.65649 0.733594 0.695113 0.0 -0.0871552 0.996195 
0.650768 0.0595967 0.130942 1.0 -0.0 -0.0 
0.599169 -0.0303101 0.380668 -1.0 -0.0 -0.0 
0.169655 0.826984 0.623216 0.0 0.0871644 -0.996194 
-0.661467 0.0736574 0.183868 -1.0 -0.0 -0.0 
0.157537 0.823344 0.686797 0.0 0.996192 0.0871853 
0.653225 0.474975 -0.0187314 1.0 -0.0 -0.0 
0.593503 -0.332225 0.196785 -0.0 -0.996195 -0.0871551 
0.660598 -0.0997346 -0.665279 1.0 -0.0 -0.0 
-0.310262 -0.0942837 0.548688 -0.0 0.0871563 -0.996195 
-0.614779 -0.489924 0.424829 1.0 -0.0 -0.0 
-0.609865 0.435683 -0.0429151 1.0 0.0 0.0 
