ply
format ascii 1.0
comment VCGLIB generated
element vertex 2000
property float x
property float y
property float z
property float nx
property float ny
property float nz
element face 0
property list uchar int vertex_indices
end_header
0.802187 0.281331 0.0613419 -0.0 1.0 -0.0 
-0.176198 0.262545 0.712352 0.0 -1.0 -0.0 
0.260732 0.281331 0.931389 -0.0 1.0 0.0 
0.135393 0.262545 0.916414 0.0 -1.0 -0.0 
0.602353 0.281331 -0.474863 0.0 1.0 0.0 
0.486597 -0.453939 0.475679 -0.70735 0.0 0.706863 
-0.168433 -0.0579229 -0.208327 0.707107 2.59473e-08 -0.707107 
-0.0453547 0.281331 -0.416555 0.0 1.0 -0.0 
-0.508099 0.00984349 0.514904 0.707198 0.000101063 0.707015 
-0.144642 0.258368 0.122446 -0.707107 0.0 -0.707107 
-0.716155 0.281331 -0.571851 -0.0 1.0 0.0 
-0.460813 -0.503631 -0.471745 -0.707386 0.0 0.706828 
0.570339 -0.42551 -0.563553 0.707107 0.0 0.707107 
-0.0881455 0.281331 -0.604586 -0.0 1.0 -0.0 
-0.716155 0.281331 0.508166 -0.0 1.0 0.0 
-0.974481 0.270104 -0.0255785 -1.0 0.0 0.000129858 
-0.0157906 0.00792425 -0.00640557 -0.707107 0.0 -0.707107 
0.433291 0.281331 0.269019 0.0 1.0 0.0 
-0.267776 0.235224 -0.278703 -0.707128 -1.45309e-06 0.707085 
0.702921 0.281331 0.508565 0.0 1.0 -0.0 
-0.463548 0.281331 0.716219 -0.0 1.0 0.0 
-0.0536695 -0.0739857 0.0314735 -0.707107 0.0 -0.707107 
0.992584 0.266082 -0.540993 1.0 -0.0 -0.0 
0.132429 0.242939 -0.154609 -0.707121 -8.06304e-06 -0.707093 
0.748787 0.281331 0.222622 -0.0 1.0 -0.0 
0.303663 0.281331 0.0897429 0.0 1.0 -0.0 
-0.197465 -0.295107 0.204258 0.707032 -0.000164112 0.707181 
-0.530074 0.188938 -0.540993 -0.707455 -0.0 0.706758 
-0.00897268 0.281331 0.661865 -0.0 1.0 0.0 
-0.183862 0.262545 -0.0858431 0.0 -1.0 0.0 
0.488957 -0.466002 0.478041 -0.70735 -0.0 0.706863 
-0.360739 0.262545 -0.694101 0.0 -1.0 0.0 
-0.191576 -0.412786 -0.231473 0.707276 -9.81155e-05 -0.706938 
-0.569582 0.262545 -0.25556 0.0 -1.0 0.0 
-0.282064 -0.449404 0.288872 0.707013 -9.69262e-05 0.707201 
0.146524 -0.379567 0.135592 -0.707199 5.84116e-05 0.707015 
0.795868 0.262545 -0.44842 0.0 -1.0 -0.0 
0.0704334 -0.201461 0.0305387 0.707107 -0.0 -0.707107 
0.919298 0.281331 -0.417563 0.0 1.0 -0.0 
-0.46158 0.00379235 0.468387 0.707033 -0.000163879 0.707181 
0.0818841 0.262545 -0.595184 0.0 -1.0 0.0 
-0.106718 0.262545 0.361592 0.0 -1.0 0.0 
0.223193 0.281331 -0.0907823 0.0 1.0 -0.0 
0.899147 0.281331 -0.133262 0.0 1.0 0.0 
0.845859 0.281331 -0.0940455 0.0 1.0 0.0 
-0.315006 0.281331 0.816742 -0.0 1.0 0.0 
-0.302138 0.281331 -0.470838 -0.0 1.0 -0.0 
-0.700727 0.281331 0.755027 -0.0 1.0 0.0 
-0.0843275 -0.0977695 0.0621316 -0.707107 0.0 -0.707107 
0.113655 0.0215197 -0.106868 0.707107 0.0 0.707107 
0.176155 0.281331 -0.279768 0.0 1.0 -0.0 
-0.409757 0.246792 0.416564 0.707107 -1.34877e-06 0.707107 
0.407918 0.262545 0.0466591 0.0 -1.0 0.0 
-0.0734059 0.245768 0.0802132 0.707107 -0.0 0.707107 
-0.133116 0.262545 0.945449 0.0 -1.0 0.0 
0.355153 -0.288112 0.315259 0.70713 -1.52691e-06 -0.707084 
-0.369007 0.281331 -0.178416 -0.0 1.0 0.0 
0.0698506 -0.35664 -0.0920442 -0.707205 0.00024776 -0.707009 
0.560033 0.193705 -0.553234 0.707132 0.000518372 0.707082 
0.857583 0.281331 0.0761593 -0.0 1.0 -0.0 
-0.543446 0.281331 0.914554 -0.0 1.0 -0.0 
0.896155 0.281331 -0.0241279 -0.0 1.0 -0.0 
-0.538724 0.281331 0.701026 -0.0 1.0 0.0 
0.288253 0.281331 0.224556 0.0 1.0 0.0 
-0.824157 0.262545 0.161018 0.0 -1.0 0.0 
0.279003 0.281331 0.284448 0.0 1.0 0.0 
-0.368795 0.281331 -0.683658 0.0 1.0 -0.0 
0.356147 0.281331 0.816742 -0.0 1.0 0.0 
-0.294317 0.265569 -0.999104 0.00173512 0.0 -0.999999 
-0.436593 -0.406067 0.414409 -0.707079 -0.0 -0.707135 
0.341833 0.262545 0.276329 0.0 -1.0 0.0 
-0.221633 -0.414232 -0.232544 -0.707082 -1.41126e-05 0.707131 
-0.453866 -0.513073 0.460664 0.707135 0.0 0.707079 
-0.150247 -0.295802 -0.190141 0.707107 3.54686e-08 -0.707107 
-0.221428 0.0903507 -0.232354 -0.707128 -1.46017e-06 0.707085 
-0.838942 0.281331 -0.434974 -0.0 1.0 0.0 
-0.399865 0.281331 0.940173 -0.0 1.0 -0.0 
-0.222434 0.142652 -0.262328 0.707107 2.59473e-08 -0.707107 
0.749581 0.262545 -0.294132 0.0 -1.0 -0.0 
-0.517423 0.049236 0.524229 0.707032 -0.000164112 0.707181 
0.237314 -0.356958 0.19742 0.707107 3.83732e-08 -0.707107 
0.98966 0.281331 0.439389 0.0 1.0 -0.0 
0.0404668 -0.343341 0.000568891 0.707001 0.000117014 -0.707213 
0.421268 0.281331 -0.0694073 0.0 1.0 -0.0 
0.419781 -0.0891384 -0.412993 0.707185 -0.000141446 0.707028 
-0.444214 -0.0220372 0.422018 -0.707107 -0.0 -0.707107 
0.410608 0.219073 -0.432787 -0.707082 0.00052 -0.707132 
-0.547644 -0.305572 -0.587559 0.707561 0.0 -0.706653 
-0.52252 -0.581638 0.529325 0.707135 4.26984e-06 0.707079 
0.0845057 0.262545 -0.80519 -0.0 -1.0 -0.0 
0.163602 -0.317011 0.15267 -0.707013 -5.92802e-05 0.7072 
-0.839586 0.262545 -0.795568 0.0 -1.0 0.0 
0.393771 -0.235354 0.353878 0.707107 -2.31661e-06 -0.707107 
-0.508101 -0.2495 -0.547993 0.707107 0.0 -0.707107 
-0.284149 0.281331 -0.0935576 -0.0 1.0 0.0 
-0.20256 -0.342207 -0.242471 0.706817 0.000221383 -0.707396 
0.447292 0.262545 -0.626136 -0.0 -1.0 -0.0 
-0.700727 0.281331 -0.309561 -0.0 1.0 0.0 
0.241639 0.0660796 -0.234852 0.707107 0.0 0.707107 
0.282006 0.262545 0.893392 0.0 -1.0 -0.0 
0.495006 0.281331 0.816742 -0.0 1.0 0.0 
0.169775 0.281331 -0.775783 0.0 1.0 0.0 
0.340718 0.15808 -0.362893 -0.707107 -0.0 -0.707107 
0.950156 0.281331 -0.178416 0.0 1.0 -0.0 
-0.753332 0.281331 0.0490148 -0.0 1.0 0.0 
0.795868 0.262545 -0.90357 0.0 -1.0 -0.0 
-0.443737 -0.454518 -0.454654 -0.707386 0.0 0.706828 
-0.970731 0.262545 -0.0395567 0.0 -1.0 0.0 
-0.472279 -0.601375 0.450091 -0.707079 1.61607e-05 -0.707134 
-0.526841 0.281331 -0.41549 0.0 1.0 0.0 
-0.874742 0.281331 0.369913 -0.0 1.0 0.0 
0.41074 -0.250624 -0.432924 -0.707016 -7.21439e-05 -0.707198 
-0.864538 0.281331 0.343747 -0.0 1.0 0.0 
0.415446 -0.106925 0.404523 -0.707107 1.85518e-05 0.707107 
-0.446151 0.262545 -0.64128 0.0 -1.0 0.0 
-0.279718 0.281331 -0.779712 -0.0 1.0 0.0 
-0.545491 -0.0964949 -0.556422 -0.70671 0.0 0.707504 
0.516927 -0.0270653 -0.510135 0.707115 1.68008e-05 0.707099 
-0.677583 0.281331 -0.695281 0.0 1.0 0.0 
0.132429 0.281331 -0.571851 -0.0 1.0 0.0 
-0.261006 0.281331 -0.756996 -0.0 1.0 0.0 
0.348432 -0.196782 -0.370614 -0.707177 0.000126806 -0.707036 
0.0552849 0.262545 -0.841855 -0.0 -1.0 -0.0 
0.161444 0.230354 0.150523 -0.707085 4.47852e-06 0.707128 
-0.399865 0.262545 0.940173 0.0 -1.0 0.0 
0.371575 0.262545 0.677883 0.0 -1.0 0.0 
0.185153 0.262545 -0.532653 -0.0 -1.0 -0.0 
0.12347 0.281331 0.404598 -0.0 1.0 0.0 
0.615301 0.281331 0.295842 0.0 1.0 -0.0 
0.0784281 -0.00392206 -0.100604 -0.707107 -0.0 -0.707107 
0.333003 0.0577932 -0.355179 -0.707107 -0.0 -0.707107 
0.163287 0.281331 -0.510135 -0.0 1.0 0.0 
0.124715 0.262545 -0.348133 0.0 -1.0 0.0 
0.633865 0.262545 -0.51785 0.0 -1.0 -0.0 
0.307789 0.179981 -0.301002 0.707107 0.0 0.707107 
-0.240002 0.262545 -0.234779 0.0 -1.0 0.0 
0.324872 0.280331 0.966021 -0.00173614 0.0 0.999999 
-0.106476 -0.172922 0.113283 0.707107 0.0 0.707107 
0.498397 -0.131189 -0.491609 0.707198 -7.23942e-05 0.707015 
0.440059 -0.273926 0.400164 0.707107 -7.02605e-08 -0.707106 
0.151931 0.195616 -0.145144 0.707107 0.0 0.707107 
0.432343 -0.181353 0.39245 0.707058 8.63169e-06 -0.707156 
-0.0681455 0.281331 -0.340418 -0.0 1.0 -0.0 
0.100327 0.281331 0.395352 -0.0 1.0 0.0 
-0.445441 -0.53368 -0.485333 0.707098 0.0 -0.707116 
-0.222434 0.262545 0.0298729 0.0 -1.0 0.0 
0.610722 0.262545 -0.741567 -0.0 -1.0 -0.0 
-0.330435 0.10408 0.337243 0.707107 0.0 0.707107 
0.227674 0.262545 0.930524 0.0 -1.0 -0.0 
-0.450291 0.281331 0.68393 -0.0 1.0 0.0 
-0.557307 0.262545 0.161833 0.0 -1.0 0.0 
-0.137575 0.281331 -0.263274 0.0 1.0 0.0 
-0.276434 0.262545 -0.540993 0.0 -1.0 0.0 
0.857583 0.262545 -0.471563 0.0 -1.0 -0.0 
-0.433624 -0.504913 -0.473516 0.707098 0.0 -0.707116 
0.510435 0.281331 -0.988428 -0.0 1.0 -0.0 
0.88844 0.262545 0.701026 0.0 -1.0 0.0 
-0.603162 0.262545 -0.425366 0.0 -1.0 0.0 
-0.0724821 0.230391 -0.112377 0.707107 2.59473e-08 -0.707107 
0.392081 -0.411974 0.352189 0.707107 -2.31661e-06 -0.707107 
0.882564 0.262545 0.7445 0.0 -1.0 0.0 
-0.531804 0.281331 0.734196 -0.0 1.0 0.0 
0.172504 -0.359575 -0.19468 -0.707177 0.000126806 -0.707036 
0.927013 0.262545 0.191875 0.0 -1.0 -0.0 
-0.247398 -0.466524 0.225208 -0.707026 8.62255e-05 -0.707188 
-0.353578 0.262545 -0.571851 0.0 -1.0 0.0 
-0.835576 0.281331 -0.109375 -0.0 1.0 0.0 
0.11974 0.0725682 -0.112953 0.707107 0.0 0.707107 
-0.153325 -0.231141 -0.164236 -0.707082 -1.41126e-05 0.707131 
-0.491934 0.281331 -0.905598 0.0 1.0 0.0 
-0.0879381 -0.313018 0.0657421 -0.707107 -0.0 -0.707107 
-0.762442 0.281331 -0.849569 -0.0 1.0 -0.0 
-0.0654731 0.262545 0.813416 0.0 -1.0 -0.0 
0.379119 0.26231 0.339224 0.707107 -2.31661e-06 -0.707107 
-0.183214 0.0963652 0.161018 -0.707107 0.0 -0.707107 
0.321883 0.281331 -0.608067 0.0 1.0 0.0 
0.463202 0.0886508 0.423308 0.707058 8.63169e-06 -0.707156 
-0.0758599 0.196652 -0.115754 0.707107 2.59473e-08 -0.707107 
0.344716 -0.285311 0.304821 0.707222 -7.75956e-06 -0.706992 
-0.354801 -0.574372 0.361592 0.707143 -3.83548e-05 0.70707 
0.0552849 0.281331 -0.918999 0.0 1.0 0.0 
-0.45255 -0.549566 0.430364 -0.707079 -0.0 -0.707135 
0.0784281 -0.297069 0.0675157 -0.707085 4.47852e-06 0.707128 
-0.515581 0.262545 0.685597 0.0 -1.0 0.0 
0.803582 0.262545 0.762741 0.0 -1.0 0.0 
0.00128411 -0.0964949 -0.0386127 0.70722 0.0 -0.706994 
0.57215 0.262545 0.508166 0.0 -1.0 0.0 
-0.245577 0.281331 0.19959 -0.0 1.0 0.0 
0.25595 0.281331 -0.85479 -0.0 1.0 -0.0 
0.471863 0.281331 -0.209274 -0.0 1.0 -0.0 
-0.26432 -0.182003 -0.275249 -0.707128 -1.46017e-06 0.707085 
0.653282 0.281331 -0.180185 0.0 1.0 0.0 
0.225002 -0.196782 -0.247182 -0.707205 0.00024776 -0.707009 
-0.406932 0.00379233 0.384735 -0.707107 0.0 -0.707107 
-0.492639 0.281331 -0.532987 -0.0 1.0 0.0 
-0.91673 0.262545 -0.0164135 0.0 -1.0 0.0 
0.494935 -0.538627 0.484023 -0.70735 -0.0 0.706863 
0.618436 0.281331 -0.286418 -0.0 1.0 -0.0 
0.533578 -0.695937 0.508166 0.430911 -0.793245 0.430208 
-0.484077 -0.117379 -0.494994 -0.706863 0.0 0.707351 
0.324872 -0.10153 -0.318085 0.707107 -0.0 0.707107 
-0.0132161 -0.0193509 -0.0241279 -0.707107 0.0 0.707107 
-0.0296131 0.262545 -0.100559 0.0 -1.0 0.0 
0.600174 0.281331 -0.902881 -0.0 1.0 -0.0 
0.154648 0.262545 0.648451 0.0 -1.0 -0.0 
-0.42548 -0.138477 -0.436403 -0.707107 1.71001e-05 0.707107 
0.487292 0.262545 -0.764711 -0.0 -1.0 -0.0 
0.525864 0.281331 -0.00869911 -0.0 1.0 -0.0 
0.313435 0.281331 -0.833705 -0.0 1.0 -0.0 
-0.17521 -0.397357 -0.18613 -0.706971 -7.91439e-05 0.707243 
0.405395 -0.529065 -0.427571 -0.707107 0.0 -0.707107 
0.412902 0.208514 0.401971 -0.707107 1.85518e-05 0.707107 
0.992584 0.28126 -0.408503 1.0 -0.0 -0.0 
0.788153 0.262545 0.631596 0.0 -1.0 0.0 
0.903869 0.281331 0.438736 -0.0 1.0 -0.0 
-0.439022 -0.574277 0.416836 -0.707079 5.26439e-06 -0.707135 
0.524636 -0.428214 -0.51785 0.707107 0.0 0.707107 
-0.585011 0.262545 -0.90357 -0.0 -1.0 -0.0 
-0.507867 0.281331 0.0993025 -0.0 1.0 0.0 
0.220592 0.262545 -0.256426 0.0 -1.0 0.0 
0.400055 -0.545611 -0.393269 0.707107 0.0 0.707107 
-0.213183 0.281331 0.424871 -0.0 1.0 0.0 
-0.207005 0.281331 0.724169 0.0 1.0 -0.0 
-0.836903 0.281331 -0.274873 -0.0 1.0 0.0 
0.263666 0.265986 0.965915 -0.00173614 -0.0 0.999999 
-0.879093 0.281331 0.281296 -0.0 1.0 0.0 
0.942441 0.281331 0.785884 0.0 1.0 0.0 
0.65971 0.281331 -0.0148557 0.0 1.0 0.0 
-0.479468 -0.582419 -0.490388 -0.706863 -0.0 0.707351 
-0.106516 0.281331 -0.779529 0.0 1.0 0.0 
-0.0604311 0.281331 -0.926713 0.0 1.0 0.0 
0.610722 0.262545 -0.155273 0.0 -1.0 -0.0 
-0.83149 0.281331 -0.443132 -0.0 1.0 0.0 
0.585008 0.262545 0.663678 0.0 -1.0 0.0 
-0.322721 0.262545 -0.895855 -0.0 -1.0 -0.0 
-0.536354 0.262545 -0.603474 0.0 -1.0 -0.0 
-0.205042 -0.252972 -0.215967 -0.707128 -1.46017e-06 0.707085 
-0.129213 0.15808 0.107017 -0.707107 0.0 -0.707107 
-0.0966329 0.262545 -0.20515 0.0 -1.0 0.0 
0.672437 0.262545 -0.965285 -0.0 -1.0 -0.0 
0.333003 0.262545 0.415593 0.0 -1.0 0.0 
0.455096 -0.380757 0.44417 -0.706863 0.0 0.70735 
-0.358916 -0.620433 0.365705 0.707143 -3.84346e-05 0.70707 
0.865226 0.281331 0.722232 0.0 1.0 0.0 
-0.322213 -0.465488 0.329008 0.707013 -9.69262e-05 0.707201 
-0.281606 0.281331 0.538594 0.0 1.0 0.0 
0.594189 -0.387149 -0.587402 0.707107 0.0 0.707107 
0.780439 0.281331 0.238162 -0.0 1.0 -0.0 
-0.770156 0.281331 -0.479278 -0.0 1.0 0.0 
0.633865 0.281331 -0.540993 -0.0 1.0 -0.0 
-0.176147 0.262545 -0.942142 -0.0 -1.0 -0.0 
0.46707 -0.370072 -0.489245 -0.707107 0.0 -0.707107 
0.263574 0.262545 0.901601 0.0 -1.0 -0.0 
0.155572 0.281331 -0.463849 -0.0 1.0 -0.0 
0.487208 -0.0790936 -0.480415 0.707115 1.68008e-05 0.707099 
-0.191576 -0.258497 -0.231471 0.707107 2.59473e-08 -0.707107 
0.309862 -0.268581 0.269955 0.707222 -7.75956e-06 -0.706992 
0.0356721 -0.206593 -0.00422259 0.707107 -0.0 -0.707107 
0.509509 0.188938 0.469594 0.706863 0.0 -0.70735 
0.337969 0.142296 -0.360145 -0.707107 -0.0 -0.707107 
-0.839586 0.281331 -0.378991 -0.0 1.0 0.0 
0.154345 -0.189068 -0.147558 0.707107 -0.0 0.707107 
-0.882438 0.281331 -0.0586962 -0.0 1.0 0.0 
0.178715 0.281331 -0.378991 -0.0 1.0 -0.0 
-0.572416 -0.0931974 -0.583325 -0.707016 -0.0 0.707198 
-0.307207 -0.44124 -0.318138 -0.707128 -1.46017e-06 0.707085 
-0.314345 -0.243069 0.292163 -0.707101 -1.91127e-05 -0.707113 
0.535297 -0.661294 -0.528504 0.707113 -0.000498598 0.7071 
-0.230098 -0.246503 0.207908 -0.707181 -0.000164054 -0.707032 
-0.906031 0.281331 0.926294 0.0 1.0 0.0 
-0.18188 -0.198386 -0.192803 -0.707128 -1.46017e-06 0.707085 
0.116653 0.244155 0.0767587 0.707107 -0.0 -0.707107 
0.0244273 0.281331 -0.90357 0.0 1.0 0.0 
0.591271 -0.194073 0.551356 0.707107 0.0 -0.707107 
0.880726 0.281331 0.400164 -0.0 1.0 -0.0 
-0.329473 -0.198739 0.336268 0.707113 -1.96349e-05 0.707101 
-0.777871 0.262545 -0.579565 0.0 -1.0 0.0 
-0.12473 -0.336293 0.10254 -0.707181 -0.000164054 -0.707032 
0.147858 0.281331 0.184161 -0.0 1.0 0.0 
-0.676638 0.281331 -0.635485 -0.0 1.0 -0.0 
-0.172281 0.281331 0.226489 -0.0 1.0 0.0 
-0.23765 0.281331 -0.423054 -0.0 1.0 -0.0 
0.113546 0.191109 0.102628 -0.707085 4.47852e-06 0.707128 
-0.205222 0.0564751 0.183025 -0.707107 0.0 -0.707107 
-0.260302 0.18299 0.238106 -0.707107 0.0 -0.707107 
-0.492438 -0.0116365 -0.532331 0.707069 0.0 -0.707144 
-0.33815 0.262545 0.755027 0.0 -1.0 0.0 
0.172921 -0.162229 0.162 -0.707013 -5.92802e-05 0.7072 
-0.477009 0.281331 0.893886 -0.0 1.0 -0.0 
0.850933 0.262545 0.451338 0.0 -1.0 -0.0 
0.589859 0.262545 -0.307556 0.0 -1.0 -0.0 
0.39377 -0.35107 0.353878 0.707107 -2.31661e-06 -0.707107 
0.664723 0.262545 -0.479278 0.0 -1.0 -0.0 
-0.455104 -0.58558 0.461903 0.707134 1.59431e-05 0.70708 
0.297158 -0.304397 0.257252 0.707019 3.54646e-05 -0.707194 
-0.494563 0.21168 0.501355 0.707072 0.000468116 0.707141 
0.186059 0.281331 0.373408 -0.0 1.0 0.0 
-0.00578264 0.188938 -0.0164135 -0.707107 0.0 -0.707107 
-0.560937 -0.297069 -0.571851 -0.70671 0.0 0.707503 
0.416191 0.0162251 -0.438367 -0.707107 0.0 -0.707107 
-0.474127 -0.161866 -0.514021 0.707142 0.0 -0.707072 
0.222621 0.262545 0.735073 0.0 -1.0 -0.0 
-0.520198 -0.034906 -0.531107 -0.707455 0.0 0.706758 
-0.414633 -0.327927 0.39245 -0.707079 -0.0 -0.707135 
0.549007 0.262545 0.716455 0.0 -1.0 0.0 
-0.754727 0.262545 0.39245 0.0 -1.0 0.0 
-0.53297 -0.0261323 0.510778 -0.707079 -0.0 -0.707135 
0.0475705 0.0886508 0.0366576 -0.707085 4.47852e-06 0.707128 
-0.57292 -0.252121 0.550724 -0.707079 -0.0 -0.707135 
0.527155 -0.434953 -0.520368 0.707107 0.0 0.707107 
-0.276434 0.262545 -0.957571 -0.0 -1.0 -0.0 
0.587579 -0.528502 -0.597152 0.707107 0.0 -0.707107 
-0.237862 0.281331 -0.386705 -0.0 1.0 -0.0 
-0.00643029 0.281331 -0.988428 0.0 1.0 0.0 
-0.70825 0.262545 -0.239795 0.0 -1.0 0.0 
0.248145 -0.181353 -0.270327 -0.707205 0.00024776 -0.707009 
-0.222434 0.281331 -0.0395567 -0.0 1.0 0.0 
-0.855015 0.262545 -0.772425 0.0 -1.0 0.0 
-0.376229 0.281331 -0.864519 0.0 1.0 0.0 
-0.515581 0.0886508 -0.555473 0.707107 -0.0 -0.707107 
-0.415355 0.281331 0.0277749 -0.0 1.0 0.0 
-0.0153012 -0.304194 -0.0552036 0.70722 -0.0 -0.706994 
-0.554153 0.281331 0.947887 -0.0 1.0 -0.0 
-0.563123 0.262545 0.392467 0.0 -1.0 0.0 
0.401209 -0.621074 -0.394419 0.707071 -3.72343e-05 0.707143 
-0.561867 -0.397357 0.568675 0.707135 0.0 0.707079 
-0.0835743 0.262545 -0.872712 -0.0 -1.0 -0.0 
0.587579 0.262545 -0.0549855 0.0 -1.0 -0.0 
0.664723 0.281331 0.469594 -0.0 1.0 -0.0 
-0.693012 0.281331 -0.432991 -0.0 1.0 0.0 
-0.265587 0.281331 0.954044 -0.0 1.0 -0.0 
-0.366612 -0.423645 0.344431 -0.707188 -8.6727e-05 -0.707025 
0.240431 0.281331 0.523595 -0.0 1.0 0.0 
-0.128756 0.281331 -0.364599 0.0 1.0 -0.0 
0.394719 -0.435929 -0.416894 -0.707107 0.0 -0.707107 
0.992584 0.281174 0.649392 1.0 -0.0 -0.0 
-0.033646 -0.160583 0.01145 -0.707107 0.0 -0.707107 
-0.53101 0.281331 0.500452 -0.0 1.0 0.0 
0.325289 -0.482215 0.314357 -0.70729 1.22423e-05 0.706923 
0.449024 0.144575 -0.442235 0.707049 -0.000405095 0.707165 
-0.290932 -0.384499 -0.330826 0.707107 2.59473e-08 -0.707107 
0.64158 0.262545 0.415593 0.0 -1.0 0.0 
0.148832 0.262545 -0.100148 0.0 -1.0 0.0 
-0.507867 0.262545 -0.18613 0.0 -1.0 0.0 
0.00899851 0.281331 0.701026 -0.0 1.0 0.0 
0.462608 -0.452582 -0.484784 -0.707107 0.0 -0.707107 
0.216342 -0.189068 0.176447 0.7072 -5.92932e-05 -0.707013 
0.120809 -0.364212 0.109884 -0.707013 -5.93062e-05 0.7072 
-0.44993 0.254732 0.427734 -0.707107 -0.0 -0.707107 
-0.14529 -0.22764 0.152097 0.707107 0.0 0.707107 
-0.563385 0.281331 0.200687 0.0 1.0 0.0 
-0.48545 -0.0176429 -0.496367 -0.706863 0.0 0.707351 
0.101571 0.281331 -0.432991 -0.0 1.0 -0.0 
0.50527 0.190014 -0.498465 0.707097 4.80029e-05 0.707116 
0.379531 0.262545 0.467593 0.0 -1.0 0.0 
-0.188027 -0.202297 -0.227922 0.707107 2.59473e-08 -0.707107 
-0.190932 0.281331 -0.899099 0.0 1.0 0.0 
0.78328 0.281331 0.527416 0.0 1.0 -0.0 
-0.551377 -0.0424868 0.558183 0.707135 0.0 0.707079 
-0.263611 -0.409011 0.270413 0.707198 0.000100938 0.707015 
-0.226724 0.281331 0.854061 -0.0 1.0 0.0 
0.0253728 0.281331 0.759513 -0.0 1.0 0.0 
-0.00548898 -0.354522 -0.0394213 0.0600047 -0.9964 0.0598807 
-0.808728 0.281331 -0.618137 -0.0 1.0 0.0 
-0.368058 -0.343356 -0.378991 -0.707106 -6.90988e-08 0.707107 
0.147858 -0.0656373 0.13694 -0.707085 4.47852e-06 0.707128 
-0.395726 -0.672434 0.373551 -0.707107 6.20765e-05 -0.707107 
-0.250186 -0.0359409 -0.261113 -0.707128 -1.46017e-06 0.707085 
-0.299578 0.262545 0.839885 0.0 -1.0 0.0 
-0.384436 0.281331 0.400164 -0.0 1.0 -0.0 
0.484016 0.281331 -0.0349115 0.0 1.0 -0.0 
0.911584 0.262545 -0.803283 0.0 -1.0 0.0 
0.371575 0.281331 -0.810997 -0.0 1.0 -0.0 
0.180093 0.281331 0.498083 -0.0 1.0 0.0 
0.397398 -0.548278 -0.390611 0.707107 0.0 0.707107 
0.351068 0.139172 0.340138 -0.70729 1.22423e-05 0.706923 
-0.0452538 0.262545 -0.307849 0.0 -1.0 0.0 
0.156626 0.262545 -0.407299 0.0 -1.0 0.0 
0.741867 0.262545 -0.178416 0.0 -1.0 -0.0 
0.131606 0.262545 0.619083 0.0 -1.0 -0.0 
0.248145 0.262545 0.299877 0.0 -1.0 0.0 
0.201859 0.281331 0.0684449 -0.0 1.0 -0.0 
0.395113 -0.22773 -0.417301 -0.707099 1.65271e-05 -0.707115 
-0.187861 0.281331 0.754079 0.0 1.0 -0.0 
-0.41162 -0.47452 0.418415 0.707135 0.0 0.707079 
-0.446151 0.281331 -0.540993 -0.0 1.0 -0.0 
-0.469233 -0.275896 0.476033 0.707135 0.0 0.707079 
0.429862 -0.121382 0.389969 0.707107 -2.31818e-06 -0.707107 
-0.696015 0.262545 0.720812 0.0 -1.0 0.0 
0.741867 0.281331 0.0607305 -0.0 1.0 -0.0 
-0.808728 0.262545 0.747312 0.0 -1.0 0.0 
-0.46368 0.281331 0.206367 -0.0 1.0 0.0 
0.988728 0.262545 0.724169 0.0 -1.0 0.0 
0.972918 0.281331 0.730984 0.0 1.0 0.0 
0.965585 0.262545 0.492737 0.0 -1.0 0.0 
0.0409497 0.281331 0.960495 -0.0 1.0 0.0 
0.072189 0.0966001 -0.0943646 -0.707107 0.0 -0.707107 
-0.554214 0.281331 0.571868 -0.0 1.0 0.0 
-0.600659 0.281331 -0.575525 -0.0 1.0 -0.0 
0.965203 0.281331 0.715654 -0.0 1.0 -0.0 
0.880726 0.281331 0.770456 0.0 1.0 0.0 
0.452053 -0.355233 0.441129 -0.706863 0.0 0.70735 
-0.527021 0.281331 -0.651695 -0.0 1.0 -0.0 
0.495006 0.281331 0.569881 -0.0 1.0 -0.0 
0.408923 -0.644218 -0.402134 0.70707 -3.87808e-05 0.707143 
0.312396 -0.521189 0.301468 -0.706954 -1.02842e-05 0.70726 
-0.0912887 0.262545 -0.664423 -0.0 -1.0 -0.0 
-0.727998 0.281331 0.0297492 -0.0 1.0 0.0 
0.114609 0.281331 -0.0018944 0.0 1.0 0.0 
-0.0962703 0.262545 -0.78729 -0.0 -1.0 -0.0 
-0.314749 -0.221684 0.292566 -0.707101 -1.91127e-05 -0.707113 
-0.153004 0.281331 0.639311 -0.0 1.0 0.0 
-0.600439 0.262545 0.58531 0.0 -1.0 0.0 
0.366091 -0.080718 -0.359304 0.707107 -0.0 0.707107 
0.206342 0.197755 -0.228518 -0.707107 0.0 -0.707107 
-0.970731 0.262545 0.731884 -0.0 -1.0 -0.0 
-0.52128 -0.222883 -0.532189 -0.707455 0.0 0.706758 
-0.469134 -0.217914 0.475934 0.707135 0.0 0.707079 
-0.128365 -0.0977027 0.135172 0.707107 0.0 0.707107 
0.48635 0.150366 0.446451 0.706863 0.0 -0.70735 
0.0495381 0.281331 0.418865 -0.0 1.0 0.0 
0.396642 -0.399084 0.356749 0.707107 -2.31818e-06 -0.707107 
-0.355237 0.281331 -0.474101 -0.0 1.0 -0.0 
0.140948 -0.293322 -0.134149 0.707009 0.00024815 0.707205 
-0.525385 0.281331 -0.97501 0.0 1.0 0.0 
0.545013 -0.0498778 -0.538227 0.707107 0.0 0.707107 
-0.361293 0.281331 0.0530161 -0.0 1.0 0.0 
0.988728 0.281331 0.176447 0.0 1.0 -0.0 
-0.771271 0.262545 0.235644 0.0 -1.0 0.0 
-0.222434 -0.0116365 0.229241 0.707107 0.0 0.707107 
-0.253291 -0.0887805 -0.293186 0.707107 2.59473e-08 -0.707107 
-0.0332811 0.281331 0.762597 -0.0 1.0 0.0 
-0.433418 0.127477 0.411222 -0.707107 0.0 -0.707107 
0.0398561 0.281331 0.315306 -0.0 1.0 0.0 
0.339777 -0.291471 0.328849 -0.70729 1.22423e-05 0.706923 
-0.932159 0.281331 -0.394419 -0.0 1.0 0.0 
0.37929 0.281331 0.284448 -0.0 1.0 0.0 
-0.971533 0.281331 0.604309 0.0 1.0 0.0 
0.873012 0.281331 0.716455 0.0 1.0 0.0 
0.516922 -0.204497 -0.510135 0.707107 0.0 0.707107 
-0.561867 0.0269356 -0.601769 0.70499 0.0 -0.709217 
0.988728 0.262545 -0.247846 0.0 -1.0 0.0 
-0.31564 0.262545 0.813567 0.0 -1.0 0.0 
0.333003 0.281331 0.269019 0.0 1.0 0.0 
0.851526 0.281331 0.649048 0.0 1.0 -0.0 
-0.204433 0.262545 0.518835 0.0 -1.0 -0.0 
-0.751321 0.262545 0.382572 0.0 -1.0 0.0 
0.333003 0.262545 -0.494707 -0.0 -1.0 -0.0 
0.0167129 0.281331 -0.594994 -0.0 1.0 0.0 
0.331172 -0.420317 -0.35336 -0.707016 -7.21439e-05 -0.707198 
-0.0218591 -0.0116365 -0.061762 0.706994 4.70193e-05 -0.70722 
-0.770156 0.281331 -0.278703 -0.0 1.0 0.0 
-0.424136 -0.14351 -0.464029 0.707098 0.0 -0.707116 
0.500893 0.281331 0.885253 -0.0 1.0 0.0 
0.973299 0.262545 0.0684449 0.0 -1.0 0.0 
0.325289 0.262545 0.0838737 0.0 -1.0 0.0 
-0.0311094 0.281331 -0.149158 -0.0 1.0 -0.0 
0.35027 0.262545 0.805689 0.0 -1.0 -0.0 
-0.831871 0.281331 0.677883 -0.0 1.0 0.0 
0.587579 -0.597931 0.556474 0.701065 -0.130443 0.701065 
-0.693012 0.262545 -0.864998 0.0 -1.0 -0.0 
-0.246978 0.123566 -0.286873 0.707107 2.59473e-08 -0.707107 
-0.571828 -0.454504 -0.582738 -0.707016 -0.0 0.707198 
0.18433 0.281331 -0.052502 0.0 1.0 -0.0 
-0.400062 -0.279242 -0.410982 -0.707107 1.71001e-05 0.707107 
-0.565291 0.281331 -0.755552 0.0 1.0 -0.0 
-0.650452 0.262545 0.628525 0.0 -1.0 0.0 
0.340718 0.262545 -0.147558 0.0 -1.0 0.0 
0.22163 -0.410622 -0.214827 0.707036 0.000127067 0.707177 
-0.0171344 -0.287838 -0.00506162 -0.707107 0.0 -0.707107 
0.645597 0.262545 0.65118 0.0 -1.0 0.0 
-0.159791 -0.165925 -0.170702 -0.707149 3.21794e-05 0.707065 
-0.357135 0.281331 0.453306 -0.0 1.0 -0.0 
0.353917 0.262545 0.0682315 0.0 -1.0 0.0 
0.940201 0.262545 -0.0480169 0.0 -1.0 0.0 
0.0244273 0.127223 -0.0466028 -0.707107 -0.0 -0.707107 
0.711009 0.262545 -0.224702 0.0 -1.0 -0.0 
0.0969718 -0.147855 -0.0901854 0.707107 -0.0 0.707107 
0.0398561 0.0577932 0.0289438 -0.707085 4.47852e-06 0.707128 
-0.878158 0.262545 0.269019 0.0 -1.0 0.0 
0.161932 0.0645204 0.151012 -0.707085 4.47852e-06 0.707128 
-0.0512208 -0.0974057 0.0580281 0.707107 0.0 0.707107 
0.488949 0.281332 -0.0714451 0.0 1.0 -0.0 
-0.562958 -0.39161 0.569765 0.707135 0.0 0.707079 
0.126595 -0.300636 0.115675 -0.707013 -5.92802e-05 0.7072 
-0.878158 0.262545 0.693312 -0.0 -1.0 -0.0 
0.433291 -0.327927 0.422361 -0.707359 3.04274e-05 0.706854 
-0.963016 0.262545 -0.402134 0.0 -1.0 0.0 
-0.368928 0.281331 0.795313 -0.0 1.0 0.0 
-0.46154 0.262545 -0.755629 0.0 -1.0 0.0 
0.831627 0.262545 -0.0770952 0.0 -1.0 -0.0 
-0.41566 -0.66183 -0.455572 0.706822 6.50463e-05 -0.707392 
0.363861 0.262545 0.546738 0.0 -1.0 0.0 
0.550806 -0.159223 -0.54402 0.707107 0.0 0.707107 
0.802928 0.281331 -0.873434 0.0 1.0 0.0 
0.683305 0.262545 0.118688 0.0 -1.0 -0.0 
-0.0141447 0.281331 -0.332704 -0.0 1.0 -0.0 
0.0697675 0.127223 0.0298729 0.707107 0.0 -0.707107 
-0.749977 0.281331 -0.0175982 0.0 1.0 0.0 
0.903869 0.262545 0.238162 0.0 -1.0 -0.0 
0.201859 0.281331 -0.857284 -0.0 1.0 -0.0 
-0.260041 0.281331 -0.716927 -0.0 1.0 0.0 
-0.369007 -0.528502 -0.4089 0.707154 -5.66911e-06 -0.707059 
0.210319 -0.062068 0.199396 -0.707013 -5.92802e-05 0.7072 
-0.97442 0.266928 0.540848 -1.0 -0.0 0.000108263 
0.564436 0.281331 -0.795568 -0.0 1.0 -0.0 
0.348432 -0.466786 0.337512 -0.70729 1.22423e-05 0.706923 
0.75156 0.281331 -0.597673 -0.0 1.0 -0.0 
0.97395 0.281331 -0.712665 0.0 1.0 -0.0 
0.461119 -0.364255 0.421211 0.70735 0.0 -0.706863 
0.145953 -0.369163 -0.13916 0.707185 -0.000141417 0.707028 
0.154044 0.281331 0.484259 -0.0 1.0 0.0 
0.00128411 0.281331 -0.108986 0.0 1.0 0.0 
0.57215 0.281331 0.492737 0.0 1.0 0.0 
-0.731584 0.281331 -0.0164135 -0.0 1.0 0.0 
0.163287 -0.389642 -0.185466 -0.707177 0.000126806 -0.707036 
-0.183424 -0.201008 0.161228 -0.707107 0.0 -0.707107 
0.109396 -0.15582 0.0695018 0.707107 -0.0 -0.707107 
-0.0912887 0.281331 -0.818712 0.0 1.0 0.0 
0.467853 0.281331 0.657107 -0.0 1.0 0.0 
-0.425009 -0.486309 0.402825 -0.707079 -0.0 -0.707135 
0.564385 0.262545 0.416502 0.0 -1.0 0.0 
-0.577296 0.281331 -0.888141 -0.0 1.0 0.0 
0.965585 0.281331 0.0761593 0.0 1.0 -0.0 
-0.695843 0.281331 0.236561 0.0 1.0 -0.0 
0.768003 0.281331 -0.0808722 0.0 1.0 0.0 
-0.247507 -0.392513 -0.287401 0.707107 1.88707e-08 -0.707107 
0.873012 0.281331 -0.648995 0.0 1.0 -0.0 
-0.47593 -0.31803 -0.486853 -0.706863 0.0 0.707351 
-0.909015 0.262545 -0.139844 0.0 -1.0 0.0 
0.178715 0.10408 0.167794 -0.707085 4.47852e-06 0.707128 
-0.433602 -0.703058 0.440397 0.70717 0.000216387 0.707044 
-0.103164 -0.225532 -0.11409 -0.707215 2.25842e-05 0.706998 
-0.237862 0.281331 -0.0395567 -0.0 1.0 0.0 
-0.468349 -0.230052 0.475149 0.707135 0.0 0.707079 
0.115773 -0.258497 -0.108986 0.707107 -0.0 0.707107 
0.568273 0.281331 -0.828535 -0.0 1.0 -0.0 
0.246918 0.0115067 -0.240131 0.707107 0.0 0.707107 
0.44872 0.262545 0.731884 0.0 -1.0 0.0 
-0.645661 0.262545 -0.795534 0.0 -1.0 -0.0 
-0.518402 -0.28243 0.525205 0.707135 0.0 0.707079 
-0.49785 -0.00713114 0.475658 -0.707101 -1.91127e-05 -0.707113 
-0.126577 0.281331 0.253742 -0.0 1.0 0.0 
0.540343 -0.68279 0.500452 0.707106 -0.0 -0.707108 
-0.538724 0.262545 0.0298729 0.0 -1.0 0.0 
0.842154 0.281331 0.51588 -0.0 1.0 -0.0 
-0.708441 0.262545 0.407879 0.0 -1.0 0.0 
0.748294 0.262545 -0.619637 0.0 -1.0 -0.0 
-0.225899 -0.205991 0.203703 -0.707107 -0.0 -0.707107 
0.391313 0.0573787 -0.384527 0.707107 0.0 0.707107 
-0.26638 -0.0323993 -0.277308 -0.707128 -1.46017e-06 0.707085 
-0.256052 -0.12364 0.262859 0.707107 0.0 0.707107 
0.803683 0.262545 -0.293484 0.0 -1.0 -0.0 
-0.244954 0.262545 -0.636418 0.0 -1.0 0.0 
0.279003 0.262545 0.909315 0.0 -1.0 -0.0 
0.552995 0.281331 -0.220247 -0.0 1.0 -0.0 
-0.545033 0.281331 -0.76618 0.0 1.0 -0.0 
0.568604 0.262545 0.68788 0.0 -1.0 0.0 
-0.550869 0.281331 0.423239 -0.0 1.0 0.0 
-0.242481 0.198863 -0.282375 0.707107 2.59473e-08 -0.707107 
0.919298 0.262545 -0.124415 0.0 -1.0 0.0 
-0.0411627 -0.183922 0.0189666 -0.707107 0.0 -0.707107 
-0.198643 0.181224 0.176447 -0.707107 0.0 -0.707107 
0.593031 0.281331 0.271828 0.0 1.0 -0.0 
0.963484 0.281331 -0.363761 0.0 1.0 -0.0 
-0.0756481 0.281331 0.43883 -0.0 1.0 0.0 
-0.700727 0.281331 0.623882 -0.0 1.0 0.0 
-0.515581 0.262545 -0.718424 0.0 -1.0 0.0 
0.887376 0.262545 -0.235897 0.0 -1.0 -0.0 
-0.862729 0.262545 -0.942142 0.0 -1.0 -0.0 
-0.515581 -0.258497 0.522384 0.707135 0.0 0.707079 
-0.291863 -0.0964949 0.298671 0.707107 0.0 0.707107 
-0.91673 0.262545 -0.178416 0.0 -1.0 0.0 
0.680152 0.262545 -0.147558 0.0 -1.0 -0.0 
0.249681 0.281331 0.239964 -0.0 1.0 -0.0 
-0.285324 -0.154719 -0.296254 -0.707128 -1.46017e-06 0.707085 
0.525864 -0.0964949 -0.548039 -0.707107 0.0 -0.707107 
-0.862729 0.281331 0.569881 -0.0 1.0 -0.0 
-0.349426 -0.310239 -0.389319 0.707108 -2.34463e-06 -0.707105 
0.456434 0.281331 -0.564136 -0.0 1.0 -0.0 
-0.430722 0.281331 -0.124415 -0.0 1.0 0.0 
-0.339034 -0.537563 0.316857 -0.707079 -0.0 -0.707135 
0.88844 0.262545 -0.71071 0.0 -1.0 0.0 
-0.203743 -0.117459 0.181547 -0.707107 0.0 -0.707107 
0.295816 0.281331 -0.025016 0.0 1.0 -0.0 
0.180657 -0.394937 0.140763 0.707107 3.83732e-08 -0.707107 
0.926952 0.281331 -0.508453 0.0 1.0 -0.0 
-0.291863 0.281331 -0.672138 -0.0 1.0 -0.0 
-0.373578 0.281331 -0.0373894 -0.0 1.0 0.0 
0.347486 -0.219925 0.307591 0.707222 -7.75956e-06 -0.706992 
0.325289 0.281331 0.261305 0.0 1.0 0.0 
0.419978 -0.466677 -0.413192 0.707107 0.0 0.707107 
-0.284149 0.242939 0.29095 0.707119 -0.000584286 0.707094 
-0.319165 0.0511586 0.325972 0.707107 0.0 0.707107 
-0.0372879 0.262545 -0.317275 0.0 -1.0 0.0 
-0.257007 0.281331 -0.1657 0.0 1.0 0.0 
-0.924444 0.262545 -0.540993 0.0 -1.0 0.0 
0.541292 0.281331 0.0221585 -0.0 1.0 -0.0 
-0.470804 -0.147725 0.477604 0.707135 0.0 0.707079 
-0.53101 0.262545 0.832171 0.0 -1.0 0.0 
0.09467 0.281331 -0.244237 0.0 1.0 -0.0 
0.387351 -0.584466 0.347459 0.707058 8.63169e-06 -0.707156 
0.973299 0.281331 0.145589 0.0 1.0 -0.0 
0.0234925 0.281331 -0.079271 -0.0 1.0 -0.0 
-0.486894 -0.475244 -0.526788 0.707069 -0.0 -0.707144 
0.664723 0.281331 0.608453 0.0 1.0 0.0 
-0.484723 0.281331 -0.610423 0.0 1.0 0.0 
0.849868 0.262545 0.315306 0.0 -1.0 -0.0 
0.937367 0.262545 -0.539739 0.0 -1.0 0.0 
0.888059 0.281331 -0.427724 0.0 1.0 -0.0 
0.215036 0.281331 -0.183067 0.0 1.0 -0.0 
-0.539994 -0.495036 0.517801 -0.707079 -0.0 -0.707135 
0.0772125 0.262545 0.70214 0.0 -1.0 -0.0 
-0.472294 0.00434231 -0.483219 -0.706863 0.0 0.707351 
-0.379584 0.262545 0.255585 0.0 -1.0 0.0 
0.360381 -0.277184 0.349463 -0.707107 1.85518e-05 0.707107 
-0.24593 -0.232867 -0.285824 0.707107 2.59473e-08 -0.707107 
-0.29863 -0.297069 -0.309561 -0.707128 -1.46017e-06 0.707085 
-0.554153 0.173509 0.552838 -0.65332 0.382553 0.65332 
0.336448 0.111671 -0.329662 0.707107 0.0 0.707107 
0.00456015 0.281331 0.900197 -0.0 1.0 0.0 
0.160257 0.173675 -0.182432 -0.707107 0.0 -0.707107 
0.194144 0.281331 0.531309 -0.0 1.0 0.0 
-0.42599 0.281331 0.158407 -0.0 1.0 0.0 
-0.422488 0.203071 0.400293 -0.707141 0.00046751 -0.707072 
-0.369007 0.262545 0.0993025 0.0 -1.0 0.0 
-0.310698 0.281331 -0.253363 -0.0 1.0 -0.0 
-0.345864 0.262545 0.893886 0.0 -1.0 0.0 
0.363439 -0.557424 -0.356652 0.707107 0.000393893 0.707107 
0.923718 0.281331 0.405665 -0.0 1.0 -0.0 
0.457549 0.262545 0.368161 0.0 -1.0 -0.0 
-0.38323 0.122642 0.361033 -0.707107 0.0 -0.707107 
-0.924444 0.281331 -0.895856 -0.0 1.0 -0.0 
0.687866 0.281331 -0.18613 -0.0 1.0 -0.0 
0.0552849 0.281331 -0.0549855 0.0 1.0 0.0 
0.287651 -0.402148 0.276736 -0.706954 -1.0286e-05 0.70726 
0.350281 0.262545 -0.248889 0.0 -1.0 0.0 
0.280538 0.281331 0.227637 0.0 1.0 0.0 
0.504748 -0.665068 0.493837 -0.707107 0.0 0.707106 
-0.693012 0.281331 0.724169 -0.0 1.0 0.0 
-0.0602403 0.262545 0.019074 0.0 -1.0 0.0 
0.0415141 0.281331 -0.960564 0.0 1.0 0.0 
0.533511 -0.538774 0.522591 -0.706802 0.0 0.707411 
-0.600439 0.281331 0.886172 -0.0 1.0 -0.0 
0.093857 0.212081 -0.116032 -0.707107 -0.0 -0.707107 
0.294943 -0.467862 -0.288137 0.707198 -7.23942e-05 0.707015 
0.88844 0.262545 0.724169 0.0 -1.0 0.0 
-0.446151 -0.675075 -0.486043 0.707098 0.0 -0.707116 
0.301788 -0.183766 0.290869 -0.707113 2.36771e-05 0.707101 
0.0908511 -0.0684822 0.0509565 0.707107 -0.0 -0.707107 
0.919298 0.262545 -0.162987 0.0 -1.0 0.0 
0.487292 0.281331 0.114731 -0.0 1.0 -0.0 
-0.292584 -0.421469 -0.303514 -0.707128 -1.46017e-06 0.707085 
0.471863 0.281331 -0.000984702 -0.0 1.0 -0.0 
0.240431 0.281331 0.839885 -0.0 1.0 0.0 
0.726438 0.262545 0.670168 0.0 -1.0 0.0 
0.348432 0.262545 -0.872712 -0.0 -1.0 -0.0 
-0.170863 -0.0572782 0.17767 0.707107 0.0 0.707107 
0.413553 0.281331 -0.321462 -0.0 1.0 -0.0 
0.491998 0.000626334 0.481084 -0.70735 0.0 0.706863 
0.240431 0.262545 -0.494707 -0.0 -1.0 -0.0 
0.0463433 0.150366 -0.0395567 0.707107 0.0 0.707107 
-0.419235 -0.179584 0.397041 -0.707026 8.62255e-05 -0.707188 
0.803079 0.281331 0.178178 -0.0 1.0 -0.0 
-0.91673 0.281331 -0.633566 -0.0 1.0 0.0 
0.0784281 0.281331 0.839885 -0.0 1.0 0.0 
0.524634 0.219796 -0.51785 0.707105 -8.24415e-05 0.707108 
-0.359029 -0.361423 -0.369962 -0.707106 -6.90988e-08 0.707107 
0.402433 0.262545 -0.942142 -0.0 -1.0 -0.0 
0.64158 0.273796 0.966571 -0.00173614 0.0 0.999999 
-0.245577 0.281331 -0.13213 0.0 1.0 0.0 
-0.0551761 -0.311542 -0.0660877 -0.707107 0.0 0.707107 
-0.153004 0.281331 0.832171 -0.0 1.0 0.0 
0.795868 0.262545 -0.44842 0.0 -1.0 -0.0 
0.347488 0.142652 0.307591 0.707019 3.54713e-05 -0.707194 
0.124715 0.262545 -0.803283 -0.0 -1.0 -0.0 
-0.448939 -0.115919 -0.459863 -0.707107 1.71001e-05 0.707107 
0.394955 -0.264996 -0.388155 0.707115 1.68008e-05 0.707099 
0.172828 0.281331 0.247911 0.0 1.0 0.0 
0.415049 0.262545 0.0893204 0.0 -1.0 0.0 
0.348432 0.281331 0.685597 -0.0 1.0 0.0 
0.887344 0.281331 -0.404035 0.0 1.0 -0.0 
0.363861 0.119508 0.352932 -0.707107 1.85518e-05 0.707107 
-0.816443 0.262545 0.0067297 0.0 -1.0 0.0 
0.198351 -0.311316 0.158457 0.707107 3.83732e-08 -0.707107 
0.169774 -0.0502085 -0.162987 0.707107 -0.0 0.707107 
-0.562469 -0.214073 0.569276 0.707135 0.0 0.707079 
-0.731584 0.281331 -0.240131 -0.0 1.0 0.0 
0.603008 0.281331 0.793599 -0.0 1.0 0.0 
0.865297 0.262545 0.0838737 0.0 -1.0 -0.0 
0.509446 -0.376684 -0.531622 -0.707107 0.0 -0.707107 
0.0836223 -0.00990675 -0.0768356 0.707107 0.0 0.707107 
-0.280317 -0.0624966 -0.291246 -0.707128 -1.46017e-06 0.707085 
-0.39215 0.262545 0.400164 0.0 -1.0 -0.0 
0.282923 -0.250559 -0.305102 -0.707177 0.000126806 -0.707036 
-0.377199 -0.674161 -0.417092 0.707154 -5.6672e-06 -0.707059 
0.550974 0.281331 0.688484 -0.0 1.0 0.0 
-0.114432 0.281331 0.562167 -0.0 1.0 0.0 
0.487292 0.262545 -0.78014 -0.0 -1.0 -0.0 
-0.438437 0.262545 -0.880427 -0.0 -1.0 -0.0 
0.325289 0.281331 0.245876 0.0 1.0 0.0 
0.0488073 0.281331 0.828836 -0.0 1.0 0.0 
0.209573 0.262545 -0.348133 0.0 -1.0 0.0 
-0.569582 0.281331 0.623882 -0.0 1.0 0.0 
0.664723 0.262545 -0.579565 0.0 -1.0 -0.0 
-0.57593 0.262545 0.571815 0.0 -1.0 0.0 
0.242314 -0.138771 0.231387 -0.707199 5.83988e-05 0.707015 
-0.294114 0.281331 0.753019 -0.0 1.0 0.0 
0.470567 -0.325122 0.430666 0.70735 0.0 -0.706863 
-0.878158 0.281331 -0.193845 -0.0 1.0 0.0 
-0.0849911 0.262545 -0.477834 0.0 -1.0 0.0 
0.791307 0.262545 0.0755432 0.0 -1.0 -0.0 
0.161635 -0.109428 0.150716 -0.707085 4.47852e-06 0.707128 
0.448832 0.276378 -0.998578 -0.0 -0.0 -1.0 
0.973299 0.262545 0.253591 0.0 -1.0 0.0 
-0.199056 -0.138299 -0.238951 0.707107 2.59473e-08 -0.707107 
0.194137 -0.126607 -0.187351 0.707107 -0.0 0.707107 
0.687866 0.281331 -0.78014 -0.0 1.0 -0.0 
-0.333981 0.281331 -0.937697 0.0 1.0 0.0 
-0.237215 0.0886508 0.215019 -0.707107 0.0 -0.707107 
-0.204163 0.281331 0.921882 -0.0 1.0 0.0 
0.479577 -0.304784 0.468654 -0.70735 0.0 0.706863 
0.325289 0.22751 -0.347468 -0.707082 0.00052 -0.707132 
0.426942 -0.0111501 0.387048 0.707107 -2.31661e-06 -0.707107 
0.14634 0.281331 -0.0828362 0.0 1.0 -0.0 
-0.777871 0.262545 0.770456 0.0 -1.0 0.0 
0.451465 -0.247383 0.440542 -0.706863 0.0 0.70735 
-0.322721 -0.489929 0.329512 0.707013 -9.69262e-05 0.707201 
0.140143 0.281331 0.886172 -0.0 1.0 0.0 
-0.447385 0.281331 0.252423 0.0 1.0 0.0 
-0.248555 -0.0619641 -0.28845 0.707107 2.59473e-08 -0.707107 
0.410148 -0.135067 -0.432331 -0.707177 0.000126806 -0.707036 
-0.0604311 0.281331 -0.957571 0.0 1.0 0.0 
-0.289914 0.281331 -0.716262 0.0 1.0 -0.0 
0.148795 -0.212179 -0.142008 0.707107 -0.0 0.707107 
-0.0336465 -0.193667 -0.0735547 0.70722 -0.0 -0.706994 
-0.361293 0.262545 -0.602708 0.0 -1.0 0.0 
0.83444 0.281331 0.0221585 -0.0 1.0 -0.0 
-0.600439 0.281331 0.292163 -0.0 1.0 0.0 
0.685053 0.262545 -0.701518 0.0 -1.0 -0.0 
-0.484076 0.250653 0.46188 -0.707107 0.0 -0.707107 
-0.429285 -0.519815 0.436081 0.707135 0.0 0.707079 
0.880726 0.262545 0.886172 0.0 -1.0 0.0 
-0.399865 0.281331 0.284448 -0.0 1.0 0.0 
0.195314 0.133757 -0.217489 -0.707107 0.0 -0.707107 
0.0431504 0.262545 0.966055 0.0 -1.0 0.0 
-0.276434 0.262545 -0.633566 0.0 -1.0 0.0 
0.760439 0.281331 -0.692242 0.0 1.0 0.0 
-0.40362 -0.151766 -0.443512 0.707098 0.0 -0.707116 
-0.0469514 0.281331 -0.891242 0.0 1.0 0.0 
0.942441 0.262545 -0.90357 0.0 -1.0 0.0 
-0.0881848 0.262545 0.235463 0.0 -1.0 0.0 
0.841331 0.281331 -0.167645 0.0 1.0 0.0 
0.394719 -0.644218 0.383786 -0.707107 3.01116e-08 0.707106 
-0.453842 -0.407013 -0.464768 -0.707386 0.0 0.706828 
-0.593106 0.262545 0.401151 0.0 -1.0 0.0 
-0.729775 0.281331 -0.300343 -0.0 1.0 0.0 
-0.517749 -0.408326 -0.528658 -0.70707 0.0 0.707144 
-0.114432 0.281331 0.377021 -0.0 1.0 0.0 
-0.150959 0.248952 -0.16188 -0.707128 -1.46017e-06 0.707085 
-0.974564 0.278293 -0.660428 -1.0 0.0 0.000129858 
-0.510989 0.281331 0.581138 -0.0 1.0 0.0 
0.570923 -0.243069 -0.564136 0.707107 0.0 0.707107 
0.859381 0.281331 -0.871529 0.0 1.0 -0.0 
0.271288 0.073222 0.260361 -0.707013 -5.93062e-05 0.7072 
0.520755 -0.566769 0.509844 -0.707107 0.0 0.707106 
-0.484723 0.262545 0.932458 0.0 -1.0 0.0 
-0.27333 0.262545 0.103628 0.0 -1.0 0.0 
0.20425 0.281331 0.118295 0.0 1.0 0.0 
0.37929 -0.104209 0.368367 -0.707107 1.85518e-05 0.707107 
0.10952 0.0925532 0.0986033 -0.707085 4.47852e-06 0.707128 
-0.862729 0.281331 0.431022 -0.0 1.0 0.0 
-0.631207 0.281331 -0.500387 -0.0 1.0 -0.0 
-0.870444 0.281331 0.870743 0.0 1.0 -0.0 
-0.507867 0.262545 -0.741567 0.0 -1.0 0.0 
0.811296 0.262545 0.415593 0.0 -1.0 -0.0 
-0.196969 -0.129278 0.203776 0.707107 0.0 0.707107 
0.410147 0.262545 -0.332704 0.0 -1.0 -0.0 
0.514831 -0.197026 -0.537006 -0.707107 0.0 -0.707107 
0.194144 0.262545 -0.764711 -0.0 -1.0 -0.0 
0.404843 0.281331 0.109714 0.0 1.0 -0.0 
0.487685 -0.22595 -0.50986 -0.707107 0.0 -0.707107 
0.768747 0.262545 -0.776808 0.0 -1.0 -0.0 
-0.562291 -0.212507 -0.60219 0.70499 0.0 -0.709217 
-0.557588 -0.325829 -0.597504 0.707107 -0.0 -0.707107 
0.501907 0.281331 0.363898 0.0 1.0 0.0 
0.12924 -0.261827 -0.151417 -0.707205 0.00024776 -0.707009 
0.388569 -0.452633 0.348677 0.707107 -2.31661e-06 -0.707107 
-0.093418 0.281331 -0.956338 0.0 1.0 0.0 
0.795868 0.262545 0.0067297 0.0 -1.0 -0.0 
-0.462359 -0.576767 0.469158 0.707135 4.26984e-06 0.707079 
-0.00289484 -0.233998 -0.0427933 0.70722 -0.0 -0.706994 
-0.423008 -0.320213 -0.4629 0.707098 0.0 -0.707116 
0.072663 0.281331 -0.571418 -0.0 1.0 0.0 
0.842154 0.262545 0.0684449 0.0 -1.0 -0.0 
0.456686 0.262545 -0.769256 -0.0 -1.0 -0.0 
-0.29865 -0.528502 -0.309561 -0.707149 3.21794e-05 0.707065 
0.302786 -0.0531299 -0.295999 0.707107 -0.0 0.707107 
0.324449 -0.536419 -0.346626 -0.707016 -7.21439e-05 -0.707198 
-0.441288 -0.307578 0.419103 -0.707079 -0.0 -0.707135 
0.811296 0.262545 -0.378991 0.0 -1.0 -0.0 
-0.189155 0.281331 -0.85902 0.0 1.0 0.0 
0.465222 -0.307629 -0.458436 0.707107 0.0 0.707107 
-0.507867 0.281331 -0.378991 0.0 1.0 0.0 
-0.65444 0.262545 0.755027 0.0 -1.0 0.0 
-0.732527 0.281331 -0.29144 -0.0 1.0 0.0 
-0.322772 -0.170715 -0.362667 0.707084 -1.50161e-06 -0.70713 
-0.700727 0.262545 0.631596 0.0 -1.0 0.0 
0.891404 0.281331 -0.767716 0.0 1.0 -0.0 
-0.561867 0.281331 -0.864998 0.0 1.0 -0.0 
-0.42599 0.281331 0.158407 -0.0 1.0 0.0 
0.178715 0.262545 0.0375873 0.0 -1.0 0.0 
0.517217 -0.0810661 0.477308 0.707407 0.0 -0.706807 
0.849868 0.281331 0.107017 -0.0 1.0 -0.0 
0.30195 -0.245538 0.262045 0.707019 3.54646e-05 -0.707194 
0.549198 -0.238278 -0.571373 -0.707107 0.0 -0.707107 
0.557756 -0.0946468 0.546835 -0.707503 -0.0 0.70671 
0.393771 -0.0887805 0.353878 0.707107 -2.31661e-06 -0.707107 
