ply
format ascii 1.0
comment VCGLIB generated
element vertex 2000
property float x
property float y
property float z
property float nx
property float ny
property float nz
element face 0
property list uchar int vertex_indices
end_header
0.0158005 0.461844 0.185091 0.158435 0.0 0.987369 
-0.276289 0.370903 0.227953 -0.156705 -0.0 0.987645 
0.1418 0.00811082 0.17672 0.158508 0.0 0.987358 
-0.0973619 -0.0690496 0.10562 -0.158518 -0.0 -0.987356 
0.101941 0.332308 0.0736244 -0.158514 1.96167e-07 -0.987357 
-0.0642304 0.507601 0.100301 -0.158454 7.43224e-06 -0.987366 
-0.297776 -0.543086 0.0020282 0.0 -1.0 0.0 
-0.0910333 -0.184864 0.214099 0.158521 0.0 0.987356 
-0.307165 -0.146926 -0.386766 -0.155464 0.195224 -0.968359 
0.296931 -0.535039 -0.141792 0.0 -1.0 0.0 
0.130387 -0.295153 -0.427418 0.0 -1.0 0.0 
0.258284 -0.848734 -0.45972 0.938113 0.0 -0.346329 
0.222963 0.751802 0.0541947 -0.158462 2.85846e-06 -0.987365 
0.260135 -0.806572 -0.36915 0.195663 0.0 0.980671 
-0.175234 -0.104905 -0.274971 0.0 1.0 0.0 
-0.232997 -0.370119 0.169001 0.987365 0.0 -0.158464 
-0.0524384 0.988422 0.172357 -0.072874 0.941738 0.328357 
-0.372115 -0.146269 -0.247824 -0.968391 0.195064 0.155467 
0.0912671 -0.295153 0.156094 0.0 -1.0 0.0 
-0.229161 -0.104905 0.0686895 0.0 1.0 0.0 
0.175514 -0.104905 -0.250067 0.0 1.0 0.0 
-0.121181 -0.295153 -0.0527595 0.0 -1.0 0.0 
0.346879 0.144496 0.115128 0.910781 -0.0 0.412889 
-0.238743 -0.104905 -0.0953576 0.0 1.0 0.0 
0.202288 -0.069079 0.0575142 -0.158514 1.96167e-07 -0.987357 
-0.175942 0.293713 0.227731 0.158521 0.0 0.987356 
0.248345 -0.461867 -0.33277 0.0 1.0 0.0 
0.0863778 0.16338 0.185617 0.158508 0.0 0.987358 
-0.301934 -0.910499 0.201263 -0.987427 0.0 0.158077 
0.0733375 0.569899 0.18771 0.158508 0.0 0.987358 
-0.183009 0.138596 0.214043 0.158825 1.06385e-06 0.987307 
0.136604 -0.142048 0.177554 0.158508 0.0 0.987358 
0.348725 -0.346962 0.0995299 0.987366 0.0 -0.158456 
0.0965634 0.441897 0.0744878 -0.158514 1.96167e-07 -0.987357 
0.171318 -0.114703 -0.440681 -0.0880482 0.83154 -0.548442 
-0.307165 -0.779225 0.168636 -0.987358 0.0 0.158504 
0.0479084 -0.076798 0.082299 -0.158514 1.96167e-07 -0.987357 
0.348949 -0.964481 0.124035 0.848459 0.0 0.529261 
0.225898 -0.949043 -0.363609 0.15849 0.0 0.987361 
0.295688 -0.96834 0.0789324 0.0 -1.0 -0.0 
-0.1143 -0.104905 -0.288471 0.0 1.0 0.0 
-0.0987523 0.0930196 0.215338 0.158521 0.0 0.987356 
0.30128 -0.96834 0.128569 0.0 -1.0 -0.0 
0.0531769 -0.104905 -0.0839343 0.0 1.0 0.0 
-0.206818 0.602472 0.123193 -0.158528 -3.33644e-06 -0.987354 
0.188026 0.800981 0.169299 0.158624 5.74684e-06 0.987339 
-0.145066 0.494407 0.222774 0.158521 0.0 0.987356 
-0.352377 -0.473056 -0.205304 -0.987356 0.0 0.158516 
0.179131 0.455812 0.170727 0.158592 6.84285e-06 0.987344 
0.265606 -0.13855 -0.371328 0.885584 0.442184 -0.142174 
0.236084 -0.104905 -0.108493 0.0 1.0 0.0 
-0.295727 -0.108232 0.00588092 -0.317519 0.946881 0.0509747 
0.26404 0.502126 0.0476005 -0.15854 -2.64923e-07 -0.987353 
0.227773 -0.106768 -0.374407 0.192545 0.980801 -0.0309113 
0.30783 -0.169426 -0.155197 0.987357 0.0 -0.15851 
0.210007 -0.717474 -0.361058 0.15849 -0.0 0.987361 
0.185922 -0.435562 -0.466291 -0.465402 0.0 -0.885099 
-0.21737 -0.871756 0.217629 0.674714 -0.0 0.738079 
-0.222382 -0.922501 0.142797 0.987356 0.0 -0.158516 
0.342529 -0.408714 0.0609349 0.987356 0.0 -0.158518 
-0.307165 -0.295153 0.122687 0.0 -1.0 0.0 
0.304605 -0.158045 -0.167906 0.899376 0.412645 -0.144386 
0.350269 -0.744379 0.109149 0.987366 0.0 -0.158456 
0.249564 -0.535039 -0.144563 0.0 -1.0 0.0 
0.0170325 0.108458 0.184893 0.158435 0.0 0.987369 
-0.0755953 -0.295153 -0.155197 0.0 -1.0 0.0 
0.18685 -0.053641 0.169487 0.158508 0.0 0.987358 
-0.386454 -0.258972 -0.325247 -0.987357 0.0 0.158511 
-0.253132 -0.0382031 0.225301 0.158498 1.49023e-07 0.987359 
0.176934 -0.898112 -0.416601 -0.987359 0.0 0.158502 
0.275646 -0.119331 -0.221313 0.651056 0.751798 -0.104522 
0.279493 0.0188893 0.0761477 0.987359 0.0 -0.158498 
0.217726 -0.424152 -0.47281 -0.158482 0.0 -0.987362 
0.18251 -0.614987 -0.464115 -0.578084 -0.0 -0.815977 
0.0746827 0.530533 0.187495 0.158508 0.0 0.987358 
0.205007 0.454192 0.166572 0.158624 5.74684e-06 0.987339 
0.210007 0.247399 0.16577 0.158539 1.15364e-06 0.987353 
-0.305582 -0.131931 0.127889 -0.820921 0.555625 0.131793 
-0.155589 0.594753 0.114968 -0.158516 -5.41017e-07 -0.987356 
-0.378449 -0.807455 -0.277555 -0.945466 0.0 0.325719 
0.292845 -0.74208 0.137649 0.158533 -0.0 0.987354 
0.0191698 -0.110971 -0.409845 -0.0701009 0.89689 -0.436662 
-0.376636 -0.89501 -0.274369 -0.822361 0.0 0.568966 
0.194244 -0.115757 0.1683 0.158508 0.0 0.987358 
0.314891 -0.535039 -0.0452591 0.0 -1.0 0.0 
0.00735275 -0.295153 -0.024493 0.0 -1.0 0.0 
-0.19138 0.749133 0.120714 -0.158516 -5.41017e-07 -0.987356 
-0.0203996 -0.104905 -0.217179 0.0 1.0 0.0 
-0.229975 -0.537615 -0.379047 0.0 -1.0 0.0 
-0.335892 -0.512555 -0.126691 0.0 1.0 0.0 
-0.308345 -0.501342 0.161282 -0.987358 0.0 0.158504 
-0.341253 -0.96834 -0.368715 0.0 -1.0 0.0 
-0.245413 0.571597 0.12939 -0.158518 -0.0 -0.987356 
-0.229975 0.185647 0.126911 -0.158518 -0.0 -0.987356 
-0.276289 -0.902729 0.118506 -0.158482 -0.0 -0.987362 
-0.0367844 0.811818 0.0958954 -0.158528 3.91494e-07 -0.987354 
0.26074 -0.779225 -0.448518 0.987359 0.0 -0.158502 
-0.296902 -0.295153 0.026038 0.0 -1.0 0.0 
0.18685 -0.617127 -0.364901 -0.823123 0.0 0.567863 
0.311731 -0.295153 -0.0455629 0.0 -1.0 0.0 
-0.134627 -0.295153 0.0865277 0.0 -1.0 0.0 
-0.155585 0.0621437 0.114968 -0.158518 -0.0 -0.987356 
0.347485 0.486688 0.0918109 0.987353 0.0 -0.158539 
0.116257 0.887536 0.118109 -0.627781 0.771841 0.100761 
0.223474 -0.466091 -0.172867 -0.987357 0.0 0.158512 
0.247527 -0.461867 -0.28901 0.0 1.0 0.0 
-0.18502 0.799861 0.214366 0.158503 -2.50399e-06 0.987359 
0.179131 -0.130831 -0.457746 -0.131792 0.555628 -0.820919 
0.255681 -0.432922 0.0739109 -0.987359 0.0 0.158503 
0.279478 -0.153988 -0.312834 0.899465 0.412445 -0.144403 
0.2687 -0.290093 -0.398939 0.987357 9.91599e-06 -0.158511 
-0.0447194 0.0389868 0.0971687 -0.158528 -3.33644e-06 -0.987354 
-0.246142 -0.475771 -0.390051 -0.158514 -0.0 -0.987357 
0.0479084 -0.246616 0.176972 0.158513 -2.87052e-05 0.987357 
-0.15351 -0.19683 0.22413 0.158521 0.0 0.987356 
-0.392074 -0.169426 -0.360252 -0.987357 0.0 0.158511 
-0.237694 -0.96834 0.153563 0.0 -1.0 0.0 
0.0665438 -0.236616 0.178884 0.0 -1.0 -0.0 
-0.152785 -0.295153 -0.0316928 0.0 -1.0 0.0 
-0.275907 -0.543086 -0.104569 0.0 -1.0 0.0 
-0.0188163 -0.105045 -0.380557 -0.0103857 0.997851 -0.0646907 
-0.115681 -0.295153 0.146176 0.0 -1.0 0.0 
-0.364995 -0.62068 -0.268854 -0.0140614 0.0 0.999901 
-0.19138 0.718257 0.120714 -0.158516 -5.41017e-07 -0.987356 
-0.130513 -0.197059 -0.416902 -0.158514 0.0 -0.987357 
0.0324704 0.671943 0.0847775 -0.158492 0.0 -0.98736 
-0.0466863 0.934389 0.192158 0.158465 2.3566e-05 0.987365 
-0.0615549 -0.104905 -0.166647 0.0 1.0 0.0 
0.052124 -0.104905 -0.0583229 0.0 1.0 0.0 
0.233164 -0.933605 -0.364775 0.15849 0.0 0.987361 
0.310354 -0.624846 0.0243257 -0.158482 0.0 -0.987362 
0.140536 -0.104905 -0.379047 0.0 1.0 0.0 
0.248602 -0.115393 -0.359131 0.548578 0.831448 -0.0880701 
-0.215415 -0.282875 -0.403272 -0.158514 0.0 -0.987357 
0.237227 0.301432 0.153563 0.987369 0.0 -0.15844 
0.337425 -0.822605 0.0372684 0.884816 0.0 -0.46594 
-0.299446 -0.385557 0.216722 -0.987357 0.0 0.158512 
0.278289 -0.461867 -0.0442417 0.0 1.0 -0.0 
0.0556274 0.147052 0.0810597 -0.158514 1.96167e-07 -0.987357 
0.237035 0.200444 0.152367 0.987369 -0.0 -0.15844 
-0.173306 -0.523402 -0.401745 -0.158514 -0.0 -0.987357 
-0.121909 -0.200302 -0.418284 -0.158514 0.0 -0.987357 
-0.237694 -0.0150461 0.222823 0.158498 1.49023e-07 0.987359 
0.30336 0.834042 0.0918109 0.912208 0.382658 -0.146457 
0.221788 -0.86697 -0.362949 0.15849 0.0 0.987361 
0.217726 -0.539937 -0.362297 0.15849 -0.0 0.987361 
-0.160504 0.610191 0.115757 -0.158516 -5.41017e-07 -0.987356 
0.154541 -0.295153 0.0218045 0.0 -1.0 0.0 
-0.309585 -0.709754 0.153563 -0.987358 0.0 0.158504 
0.0453643 -0.295153 -0.132891 0.0 -1.0 0.0 
-0.249357 -0.543086 0.0304103 0.0 -1.0 0.0 
-0.338041 -0.424152 -0.383586 -0.158482 0.0 -0.987362 
-0.307165 -0.104905 -0.247824 0.0 1.0 0.0 
-0.366308 -0.223459 -0.379047 -0.158514 0.0 -0.987357 
0.188686 0.198078 0.169193 0.158429 -1.02298e-05 0.98737 
-0.244015 0.571597 0.17672 -0.761032 0.0 -0.648714 
0.00931349 0.432655 0.197988 0.158259 -2.80659e-06 0.987398 
0.014408 0.0307963 0.19068 0.987371 -0.0 -0.158427 
-0.292398 -0.469914 -0.060378 0.0 1.0 0.0 
0.176852 -0.760194 -0.457991 -0.847151 0.0 -0.531352 
0.0324704 0.571597 0.0847775 -0.158514 1.96167e-07 -0.987357 
-0.320981 -0.108012 -0.155505 -0.317476 0.946895 0.0509685 
-0.145066 -0.537615 -0.348171 0.0 -1.0 0.0 
0.291745 -0.478185 -0.209229 0.987357 0.0 -0.158511 
0.258262 -0.177145 -0.463956 0.987357 0.0 -0.15851 
-0.261636 -0.543086 0.114858 0.0 -1.0 0.0 
0.253971 -0.80793 -0.413428 -0.158464 -0.0 -0.987365 
-0.0776769 -0.295153 -0.325135 0.0 -1.0 0.0 
0.0130799 -0.295153 -0.330807 0.0 -1.0 0.0 
0.325792 0.610191 0.132291 0.205895 0.0 0.978574 
-0.376521 -0.483123 -0.274204 -0.822361 0.0 0.568966 
-0.213002 0.68703 0.218858 0.15851 1.8383e-06 0.987357 
-0.214453 -0.021145 0.219092 0.158498 1.49023e-07 0.987359 
-0.357964 -0.524499 -0.240105 -0.987356 0.0 0.158516 
0.177656 0.163905 0.0614688 -0.158514 1.96167e-07 -0.987357 
-0.299964 -0.416433 -0.340452 0.987359 0.0 -0.158503 
0.0170325 -0.104905 0.00690207 0.0 1.0 0.0 
-0.11419 -0.478185 -0.337127 0.158509 -0.0 0.987357 
-0.106471 0.147052 0.107083 -0.158518 -0.0 -0.987356 
-0.249715 -0.0110896 0.224753 0.158498 1.49023e-07 0.987359 
0.179152 -0.585649 -0.46101 -0.76984 0.0 -0.638237 
-0.168223 -0.537615 -0.363609 0.0 -1.0 0.0 
0.254693 -0.136969 -0.434385 0.885584 0.442184 -0.142174 
-0.237694 -0.609408 0.116639 0.416111 0.0 -0.909314 
-0.250646 -0.295153 0.0740632 0.0 -1.0 0.0 
-0.02156 -0.108901 -0.398825 -0.0509689 0.946895 -0.317479 
-0.131703 -0.295153 0.0937959 0.0 -1.0 0.0 
-0.239072 -0.698875 0.223043 0.158527 0.0 0.987355 
-0.169166 -0.104905 -0.196073 0.0 1.0 0.0 
0.143671 -0.295153 -0.323501 0.0 -1.0 0.0 
-0.362746 -0.937655 -0.379621 -0.158482 -0.0 -0.987362 
0.337956 -0.331524 0.130406 0.158533 0.0 0.987354 
-0.119459 -0.104905 -0.072514 0.0 1.0 0.0 
-0.34576 -0.3624 -0.271835 0.158527 -0.0 0.987355 
-0.291827 -0.941324 0.17672 -0.987341 0.0 0.158609 
0.0212198 -0.295153 -0.380789 0.0 -1.0 0.0 
0.324272 -0.4683 -0.00661857 0.987357 0.0 -0.158511 
-0.239013 -0.802382 0.223034 0.158527 0.0 0.987355 
-0.0292814 -0.295153 0.02234 0.0 -1.0 0.0 
-0.283451 -0.543086 -0.223137 0.0 -1.0 0.0 
0.341937 -0.298177 0.0572482 0.987356 0.0 -0.158518 
-0.322603 -0.694317 -0.275553 0.158527 0.0 0.987355 
0.210986 -0.119199 0.165613 0.158508 0.0 0.987358 
-0.257847 -0.352713 0.226057 0.158527 -0.0 0.987355 
0.337571 -0.177145 0.030059 0.987357 0.0 -0.15851 
-0.0791518 0.869649 0.102891 0.697071 0.70821 -0.11194 
-0.316938 -0.155364 0.105587 -0.985242 0.065418 0.158171 
-0.130079 0.776002 0.110872 -0.158509 7.651e-07 -0.987358 
0.330255 0.453697 0.131053 0.335235 0.0 0.942134 
0.257023 -0.277492 -0.471675 0.987357 0.0 -0.15851 
0.077437 -0.537615 -0.424117 0.0 -1.0 0.0 
-0.353007 -0.493623 -0.209229 -0.987356 0.0 0.158516 
-0.193876 0.346077 0.121115 -0.158518 -0.0 -0.987356 
-0.201922 -0.107622 -0.366053 -0.0509699 0.946892 -0.317485 
-0.0853103 -0.104905 -0.263559 0.0 1.0 0.0 
0.210007 -0.586251 -0.361058 0.15849 -0.0 0.987361 
0.217726 -0.856415 -0.362297 0.15849 0.0 0.987361 
-0.199099 -0.104905 0.114968 0.0 1.0 0.0 
-0.373256 -0.70106 -0.271195 -0.529572 0.0 0.848265 
0.18685 0.571597 0.0599931 -0.158552 -4.51157e-06 -0.987351 
0.30143 -0.203164 0.13627 0.158516 -0.0 0.987356 
0.276874 -0.509061 -0.301857 0.987357 0.0 -0.158511 
0.0556274 -0.104905 -0.216948 0.0 1.0 0.0 
0.240883 0.602472 0.14599 0.158516 -0.0 0.987356 
0.256321 -0.535039 -0.0239739 0.0 -1.0 0.0 
0.277341 -0.104675 0.062745 0.987359 0.0 -0.158498 
-0.30574 -0.910448 0.130406 -0.770173 -0.0 -0.637835 
-0.281876 -0.543086 -0.151236 0.0 -1.0 0.0 
-0.273881 -0.96834 0.136755 0.0 -1.0 0.0 
-0.0292814 -0.104905 -0.193791 0.0 1.0 0.0 
0.34005 -0.393276 0.045497 0.987356 0.0 -0.158518 
-0.304629 0.378622 0.184439 -0.987355 0.0 0.158523 
0.132889 0.826323 0.0686539 -0.158544 -6.70265e-06 -0.987352 
0.297898 -0.108759 0.024931 0.317443 0.946907 -0.0509626 
0.00931349 0.6951 0.13296 -0.158315 0.0 -0.987389 
0.0392261 -0.295153 0.00704209 0.0 -1.0 0.0 
-0.0113429 0.54844 0.0918109 -0.158503 1.49693e-06 -0.987359 
0.232121 -0.521993 -0.119005 -0.987357 0.0 0.158512 
-0.339722 -0.14739 -0.044642 -0.968391 0.195064 0.155467 
0.272484 -0.24389 -0.375368 0.987357 0.0 -0.15851 
0.233164 -0.802382 -0.475171 -0.0968611 -0.0 -0.995298 
0.190353 -0.104905 -0.224671 0.0 1.0 0.0 
-0.304243 0.359479 0.186841 -0.987355 0.0 0.158523 
0.031891 -0.104905 -0.165859 0.0 1.0 0.0 
-0.235678 -0.295153 -0.072682 0.0 -1.0 0.0 
-0.0215624 -0.21574 0.202945 0.158521 0.0 0.987356 
0.155246 -0.295153 -0.186893 0.0 -1.0 0.0 
0.0710693 -0.104905 0.0555427 0.0 1.0 0.0 
0.135767 0.30704 0.177688 0.158557 9.77979e-06 0.98735 
-0.292981 -0.543086 -0.00904681 0.0 -1.0 0.0 
0.256321 -0.295153 -0.463956 0.0 -1.0 0.0 
-0.220654 -0.694317 0.153563 0.987356 0.0 -0.158516 
0.177589 0.856613 0.170975 0.158539 1.15364e-06 0.987353 
0.0790782 0.992229 0.147864 0.155253 0.97527 0.157307 
-0.189432 0.23668 0.120402 -0.158518 -0.0 -0.987356 
-0.0447194 -0.295153 -0.240105 0.0 -1.0 0.0 
-0.0601574 0.633348 0.209143 0.15858 4.45999e-06 0.987346 
-0.03282 -0.295153 -0.0183348 0.0 -1.0 0.0 
0.228816 -0.535039 -0.314174 0.0 -1.0 0.0 
-0.260158 -0.104905 -0.238301 0.0 1.0 0.0 
0.259578 -0.802382 0.037778 -0.76984 0.0 -0.638237 
0.0594288 -0.218982 -0.447396 -0.158514 0.0 -0.987357 
-0.260693 -0.837374 0.226514 0.158527 0.0 0.987355 
0.223464 -0.104905 -0.273898 0.0 1.0 0.0 
-0.318683 -0.812055 -0.382894 0.416117 0.0 -0.909311 
0.140536 0.77229 0.0674264 -0.158544 -6.70265e-06 -0.987352 
-0.184472 -0.0233666 0.119606 -0.158518 -0.0 -0.987356 
0.18417 0.841081 0.0604222 -0.158552 -4.51157e-06 -0.987351 
0.148984 -0.105879 -0.415237 -0.0309153 0.980797 -0.192568 
-0.357715 -0.295153 -0.268162 0.0 -1.0 0.0 
0.210007 0.123896 0.16577 0.158483 -2.07489e-06 0.987362 
0.272595 -0.686598 0.0918109 -0.987345 0.0 0.158589 
-0.382699 -0.277492 -0.301857 -0.987357 0.0 0.158511 
-0.218503 0.573728 0.219741 0.158533 2.78911e-06 0.987354 
-0.325437 -0.295153 -0.103166 0.0 -1.0 0.0 
0.101941 -0.104905 -0.35589 0.0 1.0 0.0 
0.214599 -0.295153 0.149239 0.0 -1.0 0.0 
-0.315498 -0.295153 -0.166453 0.0 -1.0 0.0 
-0.137347 -0.537615 -0.363609 0.0 -1.0 0.0 
0.18048 -0.902729 -0.394485 -0.987427 0.0 0.158076 
0.183482 0.717367 0.170029 0.158539 1.15364e-06 0.987353 
0.229897 0.815803 0.0570911 0.783327 0.608758 -0.125751 
-0.0505878 0.35828 0.207605 0.158456 -6.97728e-06 0.987366 
-0.390134 -0.177145 -0.348171 -0.987357 0.0 0.158511 
-0.383939 -0.949043 -0.309576 -0.987425 0.0 0.158086 
0.0564698 -0.295153 -0.350558 0.0 -1.0 0.0 
0.335103 -0.293047 0.0146805 0.987357 9.91599e-06 -0.158511 
-0.36535 -0.208021 -0.193791 -0.987357 0.0 0.158511 
-0.284008 0.409498 0.186313 0.13935 0.0 -0.990243 
-0.353479 -0.717474 -0.381108 -0.158482 -0.0 -0.987362 
-0.353479 -0.208021 -0.381107 -0.158514 0.0 -0.987357 
-0.208566 0.641025 0.218146 0.15851 1.8383e-06 0.987357 
0.248602 -0.802382 -0.367253 0.15849 0.0 0.987361 
0.147014 0.897793 0.101941 -0.569214 0.817096 0.0913787 
0.277884 0.508793 0.0661278 0.987359 0.0 -0.158498 
-0.0943355 0.741937 0.105134 -0.158454 7.43224e-06 -0.987366 
-0.267748 -0.104905 -0.0853174 0.0 1.0 0.0 
0.11936 -0.104905 -0.372101 0.0 1.0 0.0 
-0.321978 -0.169426 0.0763729 -0.987357 0.0 0.158511 
-0.150534 -0.295153 0.120203 0.0 -1.0 0.0 
0.0324704 -0.295153 -0.0780067 0.0 -1.0 0.0 
0.00402469 -0.295153 -0.149988 0.0 -1.0 0.0 
0.0479084 0.100739 0.082299 -0.158514 1.96167e-07 -0.987357 
-0.0669483 -0.104905 -0.263904 0.0 1.0 0.0 
0.0682512 -0.104905 -0.29574 0.0 1.0 0.0 
0.00586033 -0.537615 -0.407155 0.0 -1.0 0.0 
0.26404 -0.535039 -0.170635 0.0 -1.0 0.0 
0.261979 -0.455028 -0.440799 0.987359 0.0 -0.158502 
-0.199099 0.671943 0.216626 0.15851 1.8383e-06 0.987357 
0.0619488 -0.104905 -0.105739 0.0 1.0 0.0 
-0.186371 0.707703 0.214583 0.15851 1.8383e-06 0.987357 
-0.222601 -0.104905 -0.300295 0.0 1.0 0.0 
0.348913 0.424936 0.107249 0.987646 -0.0 0.156705 
0.233164 0.918047 0.107249 0.601118 0.793311 -0.0965111 
-0.345968 -0.543086 -0.256871 0.0 -1.0 0.0 
-0.354482 -0.13855 -0.155197 -0.885598 0.442156 0.142176 
-0.229975 -0.153988 0.221584 0.158498 1.49023e-07 0.987359 
0.0942223 -0.104905 0.037778 0.0 1.0 0.0 
-0.284008 -0.648003 0.119745 -0.158482 -0.0 -0.987362 
-0.0524384 -0.478185 -0.421149 -0.158514 0.0 -0.987357 
-0.34576 -0.177145 -0.382346 -0.158514 0.0 -0.987357 
-0.33617 -0.141329 -0.0344526 -0.934902 0.321607 0.150091 
0.0324704 0.347746 0.0847775 -0.158514 1.96167e-07 -0.987357 
-0.199099 0.23968 0.216627 0.15851 1.8383e-06 0.987357 
0.0247514 -0.104905 0.0918109 -0.0 1.0 0.0 
-0.0524384 0.0621437 0.098408 -0.158528 -3.33644e-06 -0.987354 
0.0324704 -0.295153 -0.216948 0.0 -1.0 0.0 
-0.280081 0.643643 0.227275 -0.287295 0.0 0.957842 
0.343599 -0.295014 0.0676032 0.987357 9.91599e-06 -0.158511 
-0.17382 -0.214438 -0.40995 -0.158514 0.0 -0.987357 
0.173071 -0.964481 -0.440799 -0.995297 0.0 0.0968698 
-0.338041 -0.331524 -0.383586 -0.158482 0.0 -0.987362 
0.276643 -0.25378 -0.349459 0.987357 0.0 -0.15851 
0.34123 0.664224 0.123914 0.769169 -0.0 0.639045 
-0.106471 -0.104905 -0.186072 0.0 1.0 0.0 
0.0324704 -0.104905 -0.0316928 0.0 1.0 0.0 
0.325792 -0.748349 0.132359 0.158533 0.0 0.987354 
0.34123 0.401779 0.123914 0.769169 -0.0 0.639045 
-0.0678763 -0.146269 -0.42505 -0.155464 0.195224 -0.968359 
-0.0922826 0.0194469 0.2143 0.158521 0.0 0.987356 
0.259543 -0.407288 0.0976835 -0.158447 -0.0 -0.987368 
0.248602 0.100739 0.144751 0.158516 -0.0 0.987356 
0.348949 -0.076798 0.107021 0.987646 -0.0 0.156705 
-0.174545 -0.104905 -0.0714781 0.0 1.0 0.0 
0.248694 -0.461867 -0.279243 0.0 1.0 0.0 
-0.244199 -0.684897 0.114656 0.165724 0.0 -0.986172 
-0.122499 0.942688 0.161571 -0.0143066 -0.327566 -0.94472 
-0.222256 -0.902729 0.220216 0.327116 0.0 0.944984 
0.163693 -0.107674 0.173205 0.158508 0.0 0.987358 
0.245945 -0.900146 -0.366827 0.15849 0.0 0.987361 
0.302873 -0.223459 -0.186072 0.987357 0.0 -0.15851 
-0.193462 -0.295153 -0.295674 0.0 -1.0 0.0 
0.202288 -0.277492 -0.470332 -0.158514 0.0 -0.987357 
0.284712 0.432115 0.138954 0.158498 -1.6008e-06 0.987359 
0.210007 0.826323 0.0562742 -0.158462 2.85846e-06 -0.987365 
-0.0601574 0.725976 0.0996473 -0.15847 3.82584e-06 -0.987364 
-0.118858 0.687326 0.218567 0.158565 6.142e-06 0.987349 
0.242474 -0.0386406 0.0510626 -0.158514 1.96167e-07 -0.987357 
0.267127 0.571147 0.141777 0.158498 -1.6008e-06 0.987359 
-0.18718 0.919822 0.173889 -0.601106 0.793321 0.0965087 
-0.305967 -0.295153 0.00553322 0.0 -1.0 0.0 
0.151911 0.787163 0.175097 0.158592 6.84285e-06 0.987344 
0.159751 -0.104366 0.0643433 -0.158514 1.96167e-07 -0.987357 
0.10966 -0.104905 -0.224667 0.0 1.0 0.0 
-0.183661 0.177928 0.214148 0.158825 1.06385e-06 0.987307 
-0.0724326 -0.104905 -0.157563 0.0 1.0 0.0 
0.333511 0.332308 0.129625 0.458054 -0.0 0.888924 
-0.192543 -0.104905 -0.336198 0.0 1.0 0.0 
-0.132171 0.53307 0.111208 -0.158516 -5.41017e-07 -0.987356 
0.349964 -0.902729 0.107249 0.987366 0.0 -0.158456 
0.210007 -0.292929 0.150947 0.158514 -2.40721e-05 0.987357 
-0.276289 -0.177145 -0.393499 -0.158514 0.0 -0.987357 
0.236578 0.52399 0.161504 0.158247 0.0 0.9874 
-0.18925 -0.295153 -0.192223 0.0 -1.0 0.0 
-0.299792 -0.750515 -0.339382 0.987359 0.0 -0.158503 
0.10966 0.587034 0.0723839 -0.158525 -4.25724e-06 -0.987355 
-0.136874 -0.104905 -0.186371 0.0 1.0 0.0 
0.277001 -0.535039 -0.272991 0.0 -1.0 0.0 
-0.134015 -0.537615 -0.365562 0.0 -1.0 0.0 
0.0163039 -0.295153 -0.255415 0.0 -1.0 0.0 
-0.0506773 -0.104905 -0.308811 0.0 1.0 0.0 
-0.0678763 0.818604 0.210382 0.158592 5.42184e-06 0.987344 
-0.0110727 -0.00463276 0.201261 0.158456 -6.97728e-06 0.987366 
0.318073 -0.123112 0.0189004 0.742355 0.659321 -0.119179 
-0.151259 -0.104905 -0.264722 0.0 1.0 0.0 
0.290164 -0.465323 -0.219072 0.987357 0.0 -0.158511 
0.155974 0.733695 0.0649489 -0.158386 1.76578e-05 -0.987377 
-0.271952 -0.243247 -0.394195 -0.158514 0.0 -0.987357 
0.181716 -0.933605 -0.386766 -0.987427 0.0 0.158076 
0.279478 0.355465 0.0760548 0.987359 0.0 -0.158498 
0.268718 -0.158917 -0.393942 0.899376 0.412645 -0.144386 
0.265131 -0.771506 -0.371328 0.567626 0.0 0.823287 
0.308972 -0.110505 0.0693177 0.436583 0.89693 -0.0700903 
-0.387655 -0.408714 -0.332733 -0.987356 0.0 0.158515 
0.127564 -0.104905 -0.360816 0.0 1.0 0.0 
0.00931349 0.787728 0.197989 0.158258 -2.8125e-06 0.987398 
-0.0495457 -0.295153 0.0692289 0.0 -1.0 0.0 
0.277048 -0.295153 -0.232479 0.0 -1.0 0.0 
0.0653626 -0.295153 -0.0044125 0.0 -1.0 0.0 
0.151006 -0.537615 -0.437367 0.0 -1.0 0.0 
-0.314884 -0.105026 -0.332733 -0.0103857 0.997851 -0.0646907 
-0.381547 -0.879228 -0.294633 -0.987425 0.0 0.158086 
-0.380807 -0.471173 -0.29007 -0.987357 0.0 0.158512 
-0.152785 -0.104905 -0.108883 0.0 1.0 0.0 
0.285082 -0.229343 -0.296895 0.987357 0.0 -0.15851 
0.248602 -0.732911 -0.367253 0.15849 0.0 0.987361 
0.336332 -0.254335 0.02234 0.987357 9.91599e-06 -0.158511 
0.0170325 -0.501342 -0.41748 -0.158509 0.0 -0.987358 
-0.12148 -0.475919 -0.335956 0.158509 -0.0 0.987357 
-0.132662 -0.104905 -0.338382 0.0 1.0 0.0 
-0.291727 -0.114298 0.107249 -0.548511 0.831493 0.0880605 
0.0015945 -0.295153 -0.340452 0.0 -1.0 0.0 
0.29117 -0.475415 0.137918 0.158533 -0.0 0.987354 
0.231662 0.433913 0.0527976 -0.158462 2.85846e-06 -0.987365 
-0.307165 -0.295153 0.107249 0.0 -1.0 0.0 
0.0247514 -0.092236 0.130481 -0.158589 -1.12541e-06 -0.987345 
-0.168313 -0.295153 0.00278414 0.0 -1.0 0.0 
-0.38022 -0.200302 -0.286419 -0.987357 0.0 0.158511 
-0.300466 -0.719828 0.21037 -0.987357 0.0 0.158512 
-0.244015 0.0312678 0.17672 -0.761032 0.0 -0.648714 
-0.106471 -0.295153 -0.170635 0.0 -1.0 0.0 
-0.0584112 -0.104905 -0.311666 0.0 1.0 0.0 
-0.309585 -0.825539 0.153563 -0.987358 0.0 0.158504 
-0.0978243 -0.104905 -0.34297 0.0 1.0 0.0 
0.0848123 0.710538 0.0763729 -0.158525 -4.25724e-06 -0.987355 
-0.245413 -0.104905 -0.2787 0.0 1.0 0.0 
0.147961 -0.537616 -0.415468 0.0 -1.0 0.0 
-0.291236 0.217988 0.221665 -0.639047 -0.0 0.769168 
0.116181 -0.295153 -0.0667951 0.0 -1.0 0.0 
0.264128 -0.0299508 0.0475862 -0.158386 1.76578e-05 -0.987377 
0.174871 0.372298 0.171411 0.158621 1.19878e-05 0.987339 
0.0142473 0.99555 0.165932 -0.0465548 0.891517 0.450589 
0.2414 -0.554881 -0.366097 0.15849 0.0 0.987361 
0.189394 -0.295153 0.00415199 0.0 -1.0 0.0 
-0.0601574 0.856522 0.138125 0.697025 0.708263 -0.111891 
0.246101 -0.96834 -0.418369 0.0 -1.0 0.0 
0.253116 -0.94449 -0.467704 0.733548 0.0 -0.679638 
0.26903 -0.50451 -0.334135 0.0 1.0 0.0 
-0.260851 -0.543086 0.045497 0.0 -1.0 0.0 
0.0247515 0.000391837 0.180689 0.158806 0.0 0.98731 
-0.0987523 -0.104905 -0.162916 0.0 1.0 0.0 
0.0604637 -0.106626 -0.404833 -0.0309153 0.980797 -0.192568 
0.0401856 0.62716 0.187071 -0.987341 0.0 0.158612 
-0.00612448 0.648786 0.0909734 -0.158471 1.94902e-06 -0.987364 
0.346571 0.513342 0.086118 0.987353 0.0 -0.158539 
0.0417158 -0.104905 -0.21562 0.0 1.0 0.0 
0.26 -0.663587 0.100828 -0.987416 0.0 0.158147 
-0.0866481 -0.537615 -0.351483 0.0 -1.0 0.0 
-0.170353 -0.295153 -0.27275 0.0 -1.0 0.0 
0.115456 -0.253576 -0.456391 -0.158514 0.0 -0.987357 
-0.307728 -0.830512 -0.373921 0.816082 0.0 -0.577936 
-0.293725 -0.771506 -0.286419 0.912397 0.0 0.409306 
-0.0647782 0.780751 0.209884 0.158592 5.42184e-06 0.987344 
0.268972 -0.535039 -0.277652 0.0 -1.0 0.0 
-0.0755953 0.841761 0.102126 -0.15847 3.82584e-06 -0.987364 
-0.187634 -0.104905 -0.0736429 0.0 1.0 0.0 
-0.320835 -0.501342 -0.101164 -0.987357 0.0 0.158512 
0.298407 0.786813 0.100046 0.132166 0.118667 -0.984099 
-0.152785 0.54844 0.114518 -0.15853 -3.80205e-06 -0.987354 
0.253574 0.869988 0.143504 0.298004 0.110444 0.948154 
0.296431 0.402981 0.137073 0.158498 -1.6008e-06 0.987359 
-0.300574 -0.644086 0.209695 -0.987357 0.0 0.158512 
-0.340875 -0.295153 -0.107094 0.0 -1.0 0.0 
0.241732 -0.295153 -0.0816601 0.0 -1.0 0.0 
0.155974 -0.104905 -0.147478 0.0 1.0 0.0 
-0.309365 -0.104947 -0.332403 -0.0103857 0.997851 -0.0646907 
-0.233421 -0.523699 -0.392094 -0.158514 -0.0 -0.987357 
0.236532 0.586948 0.14923 0.987369 0.0 -0.15844 
-0.146683 0.440374 0.223034 0.158521 0.0 0.987356 
0.0743489 -0.104905 -0.343509 0.0 1.0 0.0 
-0.264354 -0.104905 -0.2144 0.0 1.0 0.0 
0.196236 0.183707 0.0584859 -0.158503 3.30203e-06 -0.987359 
0.26404 -0.192583 -0.427964 0.987357 0.0 -0.15851 
0.302635 -0.0459221 0.092408 0.148504 0.0 -0.988912 
-0.368917 -0.3624 -0.269268 -0.281535 0.0 0.959551 
-0.0215624 -0.295153 -0.0625688 0.0 -1.0 0.0 
-0.309067 -0.295153 -0.067469 0.0 -1.0 0.0 
-0.300653 0.16249 0.207596 -0.94225 0.0 0.33491 
0.0401894 -0.11913 -0.425361 -0.104526 0.751777 -0.651081 
0.10966 0.00811082 0.181879 0.158508 0.0 0.987358 
0.0247514 0.502126 0.180689 0.158812 8.42825e-07 0.987309 
0.0401894 0.648786 0.0835382 -0.158514 1.96167e-07 -0.987357 
-0.218227 0.429401 0.125025 -0.158518 -0.0 -0.987356 
-0.159782 0.935958 0.191708 -0.522046 0.754227 0.398259 
-0.217647 0.793717 0.219603 0.15851 1.8383e-06 0.987357 
-0.335441 -0.295153 -0.136715 0.0 -1.0 0.0 
-0.353581 -0.137882 -0.151665 -0.885598 0.442156 0.142176 
0.269605 -0.616917 -0.393307 0.987345 0.0 -0.158587 
0.138241 0.359905 0.177292 0.158377 -2.37291e-05 0.987379 
-0.301179 -0.470831 0.113597 -0.987356 0.0 0.158516 
0.0148018 -0.104905 -0.382613 0.0 1.0 0.0 
0.155974 -0.254335 0.159622 0.158513 -4.9886e-06 0.987357 
-0.293723 -0.104905 -0.160777 0.0 1.0 0.0 
-0.387005 -0.47765 -0.366999 -0.84716 0.0 -0.531338 
0.279478 -0.524499 -0.285638 0.987357 0.0 -0.158511 
-0.215696 -0.3624 0.184439 0.987366 0.0 -0.158455 
0.217726 0.911232 0.108525 -0.445736 -0.409137 -0.796195 
0.151617 -0.295153 0.0290727 0.0 -1.0 0.0 
-0.237024 -0.712106 0.116946 0.416111 0.0 -0.909314 
-0.237694 -0.246616 -0.399695 -0.158514 0.0 -0.987357 
0.273736 0.274897 0.0460438 -0.158516 0.0 -0.987356 
-0.338041 -0.96834 -0.340452 0.0 -1.0 0.0 
-0.0721365 -0.464441 -0.362081 0.0 1.0 0.0 
-0.0524384 0.0698627 0.207903 0.158521 0.0 0.987356 
0.289515 -0.461867 -0.151621 0.0 1.0 -0.0 
0.254777 -0.544914 0.0453241 -0.909312 0.0 -0.416114 
0.140536 0.293713 0.176922 0.158466 -7.59759e-06 0.987364 
0.117379 -0.00732714 0.0711459 -0.158514 1.96167e-07 -0.987357 
-0.0439909 -0.295153 -0.0724002 0.0 -1.0 0.0 
-0.390134 -0.493623 -0.348171 -0.987356 0.0 0.158515 
0.267468 0.881349 0.127737 0.740874 0.507892 0.439489 
-0.0447194 0.47125 0.0971686 -0.15847 3.82584e-06 -0.987364 
-0.341805 -0.177145 -0.0471308 -0.987357 0.0 0.158511 
-0.249386 -0.104905 -0.0676546 0.0 1.0 0.0 
0.0738442 -0.295153 -0.122515 0.0 -1.0 0.0 
0.162908 0.620585 0.0638351 -0.158544 -6.70265e-06 -0.987352 
-0.258689 -0.105362 0.163012 -0.0646917 0.997851 0.0103857 
-0.195118 -0.0357537 0.121315 -0.158518 -0.0 -0.987356 
-0.210344 0.375793 0.123759 -0.158518 -0.0 -0.987356 
0.263318 -0.879506 -0.432463 0.987359 0.0 -0.158502 
0.209981 0.560229 0.0562787 -0.158552 -4.51157e-06 -0.987351 
-0.339886 -0.543086 -0.171317 0.0 -1.0 0.0 
0.0307975 0.38456 0.116253 -0.987358 0.0 0.158505 
-0.38185 -0.203869 -0.29657 -0.987357 0.0 0.158511 
-0.276289 -0.104905 -0.240105 0.0 1.0 0.0 
0.288163 -0.281721 -0.277703 0.987357 9.91599e-06 -0.158511 
0.198527 -0.341454 -0.469729 -0.158482 0.0 -0.987362 
0.210007 -0.678879 -0.361058 0.15849 -0.0 0.987361 
-0.160504 -0.295153 0.0840919 0.0 -1.0 0.0 
-0.30215 0.170209 0.199877 -0.987355 0.0 0.158523 
-0.130422 -0.295153 -0.385897 0.0 -1.0 0.0 
-0.283984 -0.295153 -0.22038 0.0 -1.0 0.0 
-0.173632 0.457874 0.117865 -0.158528 -3.33644e-06 -0.987354 
0.3465 0.352669 0.115964 0.910781 -0.0 0.412889 
0.206175 -0.295153 -0.30801 0.0 -1.0 0.0 
0.237963 0.432655 0.161282 0.158247 0.0 0.9874 
-0.0269894 0.292646 0.203817 0.158592 5.42184e-06 0.987344 
-0.0987523 0.0930196 0.215338 0.158521 0.0 0.987356 
-0.247608 -0.295153 -0.0293006 0.0 -1.0 0.0 
-0.0312624 -0.104905 -0.26494 0.0 1.0 0.0 
0.079399 -0.295153 -0.0712841 0.0 -1.0 0.0 
0.0324704 -0.130831 -0.4342 -0.131793 0.555618 -0.820925 
0.200178 -0.104905 -0.17491 0.0 1.0 0.0 
0.233164 0.116177 0.0525572 -0.158585 -1.3787e-05 -0.987345 
0.169491 0.709432 0.172274 0.158483 -2.07489e-06 0.987362 
-0.361192 -0.602625 -0.269357 0.158527 -0.0 0.987355 
-0.0657184 0.857325 0.108571 0.697071 0.70821 -0.11194 
-0.379363 -0.490424 -0.281074 -0.987357 0.0 0.158512 
-0.129628 0.949827 0.159204 -0.0143066 -0.327566 -0.94472 
0.0718232 0.78107 0.187955 0.158641 2.14299e-05 0.987336 
-0.253132 -0.493623 -0.374108 -0.158509 0.0 -0.987358 
-0.0090727 -0.295153 -0.275264 0.0 -1.0 0.0 
0.195082 0.0140841 0.168166 0.158377 -2.37291e-05 0.987379 
0.0758361 -0.295153 -0.253659 0.0 -1.0 0.0 
0.1418 0.0853006 0.17672 0.158508 0.0 0.987358 
0.224815 -0.96834 -0.425292 0.0 -1.0 0.0 
0.170359 -0.202144 0.172135 0.158508 0.0 0.987358 
-0.245413 -0.104905 -0.0471308 0.0 1.0 0.0 
0.0750173 -0.125037 0.187441 0.158508 0.0 0.987358 
0.19372 0.888075 0.153563 0.158522 -1.97791e-05 0.987355 
0.00101006 -0.199685 -0.438018 -0.158514 0.0 -0.987357 
-0.0773565 -0.104905 -0.1978 0.0 1.0 0.0 
0.205285 -0.776318 -0.3603 0.15849 -0.0 0.987361 
-0.298747 -0.49792 0.102775 0.0 -1.0 0.0 
0.0991737 -0.158214 0.183563 0.158508 0.0 0.987358 
-0.251691 -0.96834 0.201146 0.0 -1.0 -0.0 
-0.127201 0.751364 0.219906 0.158565 6.142e-06 0.987349 
0.294591 -0.295153 -0.184682 0.0 -1.0 0.0 
0.248602 0.795447 0.0913465 0.912206 0.382669 -0.146441 
-0.0438972 -0.104905 0.042396 0.0 1.0 0.0 
0.0825577 -0.295153 0.00554994 0.0 -1.0 0.0 
-0.25907 -0.295153 -0.130828 0.0 -1.0 0.0 
-0.205771 -0.118169 -0.384765 -0.104522 0.751799 -0.651055 
0.329706 -0.80839 0.0283634 0.531345 0.0 -0.847155 
0.205285 -0.776318 -0.3603 0.15849 -0.0 0.987361 
0.210007 0.231961 0.0562749 -0.15844 1.42635e-05 -0.987369 
-0.0601574 0.957546 0.155478 -0.0142158 -0.327626 -0.944701 
-0.361198 -0.192583 -0.167927 -0.987357 0.0 0.158511 
0.276255 0.640242 0.0559788 0.987359 0.0 -0.158498 
0.349427 -0.504126 0.123268 0.848459 0.0 0.529261 
-0.260851 -0.295153 -0.247824 0.0 -1.0 0.0 
-0.368917 -0.416433 -0.37863 -0.158482 -0.0 -0.987362 
-0.228105 -0.542377 0.107155 0.987357 0.0 -0.158511 
0.0787843 0.540721 0.0773421 -0.158514 1.96167e-07 -0.987357 
-0.0236643 -0.104905 0.0610844 0.0 1.0 0.0 
-0.372377 -0.67116 -0.325014 -0.987341 0.0 0.158613 
0.349034 0.566844 0.102503 0.993883 0.0 -0.110433 
-0.311006 -0.862614 -0.377874 0.73386 0.0 -0.6793 
0.0108046 -0.295153 -0.057792 0.0 -1.0 0.0 
0.266373 0.146752 0.0472259 -0.15854 -2.64923e-07 -0.987353 
0.194516 -0.96834 -0.426647 0.0 -1.0 -0.0 
0.271759 -0.535039 -0.0162549 0.0 -1.0 0.0 
0.233164 0.424936 0.162052 0.158598 1.65932e-06 0.987343 
0.191628 -0.245721 0.153898 0.158513 -4.96978e-06 0.987357 
-0.103672 -0.104905 -0.358902 0.0 1.0 0.0 
-0.0885755 0.0377568 0.213704 0.158521 0.0 0.987356 
0.269416 -0.779225 -0.394485 0.987345 0.0 -0.158587 
0.279358 -0.521703 -0.286385 0.987357 0.0 -0.158511 
0.0433064 -0.106625 -0.402071 -0.0309153 0.980797 -0.192568 
0.26404 0.756852 0.0866584 0.912206 0.382669 -0.146441 
0.249867 -0.535039 -0.251531 0.0 -1.0 0.0 
-0.26857 -0.295153 -0.209229 0.0 -1.0 0.0 
0.113527 -0.104905 -0.210955 0.0 1.0 0.0 
0.240883 -0.96834 -0.409923 0.0 -1.0 0.0 
-0.298602 -0.469914 0.105961 0.0 1.0 0.0 
0.277051 0.147052 0.0609349 0.987359 0.0 -0.158498 
0.294916 0.587034 0.0912487 0.14851 0.0 -0.988911 
-0.276289 -0.537615 -0.348171 0.0 -1.0 0.0 
-0.222256 -0.13855 0.220345 0.158498 1.49023e-07 0.987359 
-0.382772 -0.968341 -0.366861 0.0 -1.0 0.0 
0.0368855 -0.295153 -0.0536399 0.0 -1.0 0.0 
0.146649 0.122895 0.175941 0.158508 0.0 0.987358 
0.250429 -0.521197 -0.00496654 -0.987357 0.0 0.158512 
-0.0394509 -0.104905 -0.129615 0.0 1.0 0.0 
-0.212456 -0.495228 0.204754 0.992546 0.0 -0.121873 
0.255784 -0.96834 -0.393473 0.0 -1.0 -0.0 
0.0903208 0.573539 0.184984 0.158466 -7.59759e-06 0.987364 
0.222653 -0.173698 0.16374 0.158508 0.0 0.987358 
-0.0949003 -0.104905 -0.241409 0.0 1.0 0.0 
0.258525 -0.535039 -0.245692 0.0 -1.0 0.0 
0.117379 0.139334 0.18064 0.158508 0.0 0.987358 
-0.0292814 -0.092236 0.0946901 -0.158518 -0.0 -0.987356 
-0.309828 -0.543086 -0.135414 0.0 -1.0 0.0 
-0.284008 -0.702036 0.119745 -0.158482 -0.0 -0.987362 
-0.308345 -0.640284 0.161282 -0.987358 0.0 0.158504 
-0.00845366 0.201097 0.200841 0.158448 -4.71787e-06 0.987367 
0.26719 0.0645825 0.0470946 -0.158462 2.85846e-06 -0.987365 
0.343768 -0.848696 0.0686539 0.987356 0.0 -0.158518 
0.244258 0.879465 0.145278 0.196277 0.0295019 0.980105 
0.350728 -0.708759 0.112008 0.987366 0.0 -0.158456 
-0.309292 -0.346286 -0.27769 0.158527 -0.0 0.987355 
0.176304 -0.346086 -0.42052 -0.987359 0.0 0.158502 
-0.145066 0.347746 0.113279 -0.158518 -0.0 -0.987356 
-0.376522 -0.820263 -0.274204 -0.822361 0.0 0.568966 
0.318073 -0.136909 -0.0394118 0.885591 0.442171 -0.142175 
-0.0833143 -0.537615 -0.363609 0.0 -1.0 0.0 
-0.242866 0.347746 0.161282 -0.987358 0.0 0.158505 
0.351159 -0.3624 0.114968 0.992402 0.0 -0.123034 
0.240883 -0.104905 -0.0780067 0.0 1.0 0.0 
-0.00612448 -0.295153 0.02234 0.0 -1.0 0.0 
0.24364 0.474152 0.0508755 -0.158462 2.85846e-06 -0.987365 
-0.390648 -0.609408 -0.35589 -0.999394 0.0 -0.0348156 
0.0710653 -0.21574 0.188075 0.158508 0.0 0.987358 
-0.0171121 -0.104905 -0.239299 0.0 1.0 0.0 
0.287197 0.0467057 0.0900895 0.14851 0.0 -0.988911 
-0.245413 -0.96834 0.169001 0.0 -1.0 0.0 
-0.38146 -0.462747 -0.294138 -0.987357 0.0 0.158512 
-0.203719 -0.537615 -0.344711 0.0 -1.0 0.0 
0.144316 0.534744 0.0668206 -0.15844 1.42635e-05 -0.987369 
-0.0594263 0.687381 0.0995299 -0.15847 3.82584e-06 -0.987364 
0.194569 -0.431871 -0.359752 -0.282289 0.0 0.959329 
0.155974 0.231961 0.174444 0.158377 -2.37291e-05 0.987379 
-0.0601574 0.440374 0.209142 0.158456 -6.97728e-06 0.987366 
-0.172146 -0.537616 -0.355579 0.0 -1.0 0.0 
0.101941 -0.493623 -0.431111 -0.158509 0.0 -0.987358 
-0.296869 -0.545801 -0.321168 0.987355 0.0 -0.158527 
-0.168223 0.193366 0.226492 0.158521 0.0 0.987356 
0.294916 -0.941324 0.0268036 -0.158482 -0.0 -0.987362 
-0.184635 0.834042 0.145844 -0.783319 0.608761 0.125784 
0.237514 0.66322 0.0518591 -0.158462 2.85846e-06 -0.987365 
0.112598 0.921356 0.166586 0.15853 -6.94013e-07 0.987354 
0.0479084 -0.104905 0.00690207 0.0 1.0 0.0 
-0.160504 0.571597 0.225253 0.158521 0.0 0.987356 
0.256111 -0.717473 -0.463956 0.815987 0.0 -0.57807 
-0.233391 -0.472549 0.0742288 0.987357 0.0 -0.158511 
0.325792 -0.0382031 0.132291 0.205895 0.0 0.978574 
0.0378246 -0.295153 -0.150098 0.0 -1.0 0.0 
0.117379 0.648786 0.18064 0.158628 1.68596e-05 0.987338 
0.0900224 0.849412 0.0996485 -0.734184 0.668637 0.117894 
0.229058 0.39406 0.053216 -0.158552 -4.51157e-06 -0.987351 
0.339441 -0.75717 0.0425882 0.975461 0.0 -0.220173 
-0.0910333 -0.104905 -0.00853589 0.0 1.0 0.0 
-0.0370004 -0.295153 0.037778 0.0 -1.0 0.0 
-0.234723 0.718257 0.169001 -0.978911 0.130526 0.157149 
-0.0910333 -0.184864 0.214099 0.158521 0.0 0.987356 
-0.300354 -0.295153 -0.0494962 0.0 -1.0 0.0 
0.170484 -0.104905 -0.191576 0.0 1.0 0.0 
-0.145066 -0.295153 0.169001 0.0 -1.0 0.0 
0.116123 -0.295153 -0.0719747 0.0 -1.0 0.0 
-0.165644 -0.104905 -0.294513 0.0 1.0 0.0 
-0.222256 -0.13855 0.220345 0.158498 1.49023e-07 0.987359 
-0.353213 -0.542297 -0.210512 -0.987356 0.0 0.158516 
0.238482 -0.107674 -0.325014 0.317485 0.946892 -0.0509699 
-0.255814 0.632729 0.225732 0.158498 1.49023e-07 0.987359 
0.207351 0.212911 0.166196 0.158451 -4.3573e-06 0.987367 
0.194569 -0.732911 -0.469093 -0.158482 -0.0 -0.987362 
-0.145066 0.432655 0.222774 0.158521 0.0 0.987356 
0.331701 0.756852 0.122687 0.791403 0.288283 0.539049 
0.287197 0.841761 0.134202 0.564816 0.336301 0.753581 
-0.11419 0.841761 0.108322 -0.158509 7.651e-07 -0.987358 
-0.267772 -0.514055 0.227651 0.158527 -0.0 0.987355 
-0.314884 -0.918167 -0.38089 0.531348 0.0 -0.847153 
-0.05866 0.772224 0.208901 0.158592 5.42184e-06 0.987344 
-0.189399 0.285365 0.215069 0.15851 1.8383e-06 0.987357 
0.24616 -0.11442 -0.36516 0.548578 0.831448 -0.0880701 
0.235265 0.670697 0.161714 0.158247 0.0 0.9874 
-0.293604 -0.568636 0.22764 -0.6403 0.0 0.768125 
-0.19138 0.610191 0.120714 -0.15853 -3.80205e-06 -0.987354 
-0.325672 -0.295153 -0.0335437 0.0 -1.0 0.0 
0.331818 -0.956762 0.030059 0.637832 0.0 -0.770175 
-0.380221 -0.563094 -0.286419 -0.987357 0.0 0.158512 
-0.30574 -0.416433 0.130406 -0.770173 -0.0 -0.637835 
0.151138 0.970576 0.134897 0.40021 0.908891 0.117251 
0.0571185 -0.295153 0.142248 0.0 -1.0 0.0 
0.210007 0.92667 0.144453 0.514947 0.522154 0.679842 
-0.308246 -0.738808 0.134688 -0.909312 0.0 -0.416115 
0.256321 0.803166 0.143512 0.158498 -1.6008e-06 0.987359 
-0.327564 -0.109394 -0.172269 -0.436601 0.896921 0.0700932 
-0.260851 0.819558 0.207596 -0.817059 0.36355 0.447489 
-0.0869733 0.613792 0.103952 -0.158509 7.651e-07 -0.987358 
-0.276289 -0.543086 0.0686539 0.0 -1.0 0.0 
0.148255 0.587034 0.175684 0.158621 1.19878e-05 0.987339 
-0.237694 -0.104905 -0.2787 0.0 1.0 0.0 
-0.384355 -0.131734 -0.363609 -0.820919 0.555629 0.131792 
-0.3018 -0.263629 -0.389403 -0.158514 0.0 -0.987357 
0.244031 -0.326557 -0.36652 0.15849 -0.0 0.987361 
0.171537 -0.104905 -0.217187 0.0 1.0 0.0 
0.271085 -0.887794 -0.381881 0.999901 0.0 0.0140774 
-0.292284 -0.543086 -0.0876166 0.0 -1.0 0.0 
-0.00195676 0.290411 0.0903038 -0.158471 1.94902e-06 -0.987364 
0.0367408 0.486688 0.0840919 -0.158514 1.96167e-07 -0.987357 
-0.346762 -0.277492 -0.0780067 -0.987357 -3.94398e-06 0.158511 
0.0175916 -0.295153 -0.163957 0.0 -1.0 0.0 
0.189881 0.795447 0.169001 0.158624 5.74684e-06 0.987339 
-0.175942 -0.295153 0.184439 0.0 -1.0 0.0 
-0.0138435 0.671943 0.201707 0.158542 -3.23706e-07 0.987352 
-0.299064 0.0409345 0.211695 -0.889049 0.0 0.457811 
0.0445109 -0.104905 -0.231113 0.0 1.0 0.0 
-0.330322 -0.547656 -0.384705 -0.0968698 0.0 -0.995297 
-0.293768 -0.424152 -0.301857 0.987355 0.0 -0.158527 
0.101941 -0.076798 0.0736243 -0.158514 1.96167e-07 -0.987357 
0.0853175 0.991214 0.147998 0.155253 0.97527 0.157307 
-0.237694 -0.833258 0.116639 0.416111 0.0 -0.909314 
0.247411 -0.65173 -0.472134 0.531351 0.0 -0.847152 
-0.0717321 0.011511 0.101505 -0.158518 -0.0 -0.987356 
0.0710653 -0.295153 -0.216948 0.0 -1.0 0.0 
0.260158 -0.385287 0.101804 -0.987357 0.0 0.158512 
-0.0524384 0.61791 0.098408 -0.15847 3.82584e-06 -0.987364 
0.0585994 0.817201 0.150712 -0.824539 0.550092 0.132416 
-0.348348 -0.841293 -0.381932 -0.158482 -0.0 -0.987362 
0.279478 -0.431871 0.0292816 -0.158482 -0.0 -0.987362 
-0.295189 -0.893294 -0.310703 0.987355 0.0 -0.158527 
0.094453 -0.104905 0.0223263 0.0 1.0 0.0 
0.0633464 -0.295153 0.130406 0.0 -1.0 0.0 
0.0556274 0.602472 0.0810599 -0.158514 1.96167e-07 -0.987357 
-0.0060286 0.222431 0.200452 0.158561 1.3285e-06 0.987349 
-0.212448 -0.836276 0.208884 0.988669 0.0 0.150109 
-0.308345 -0.879572 0.161282 -0.987358 0.0 0.158504 
0.0137787 0.278006 0.186757 0.987371 -0.0 -0.158427 
0.318073 -0.524499 0.133598 0.158533 -0.0 0.987354 
0.269562 -0.535039 -0.232818 0.0 -1.0 0.0 
0.0869116 -0.537615 -0.430486 0.0 -1.0 0.0 
0.234405 -0.96834 -0.447442 0.0 -1.0 0.0 
-0.276289 -0.617127 0.118506 -0.158482 -0.0 -0.987362 
-0.31895 -0.295153 -0.118717 0.0 -1.0 0.0 
-0.291827 -0.632565 0.17672 -0.987341 0.0 0.158609 
-0.0508089 0.872637 0.199877 0.676347 0.728526 -0.108652 
0.136007 0.716316 0.17765 0.158621 1.19868e-05 0.987339 
0.26074 -0.879572 -0.448518 0.987359 0.0 -0.158502 
0.253 -0.786944 0.053216 -0.999418 0.0 -0.0341154 
-0.237694 0.857199 0.203567 -0.695388 0.578582 0.426237 
-0.183661 -0.292929 0.214148 0.158514 -2.40721e-05 0.987357 
-0.25497 -0.543086 0.0854398 0.0 -1.0 0.0 
0.163693 -0.104905 -0.379047 0.0 1.0 0.0 
-0.380026 -0.130831 -0.340452 -0.820919 0.555629 0.131792 
-0.272675 -0.877432 0.228438 0.158527 0.0 0.987355 
0.237963 0.440374 0.161282 0.158247 0.0 0.9874 
-0.304329 -0.469914 -0.200353 0.0 1.0 0.0 
